0,955.0,296.0,0.10588236,1.0,39932624.000000
2,955.0,296.0,0.10588236,1.0,39932652.000000
2,955.0,296.0,0.10588236,1.0,39932684.000000
1,955.0,296.0,0.10588236,1.0,39933104.000000
0,37.0,1824.0,0.0882353,1.0,40033652.000000
2,37.0,1824.0,0.05294118,1.0,40033728.000000
2,37.0,1824.0,0.03529412,1.0,40033748.000000
1,37.0,1824.0,0.03529412,1.0,40033832.000000
0,791.0,1549.0,0.03529412,1.0,55592644.000000
2,787.5155,1538.0518,0.10588236,1.0,55592672.000000
2,782.86163,1521.4927,0.10588236,1.0,55592688.000000
2,779.80585,1499.4465,0.12352942,1.0,55592704.000000
2,776.70844,1470.9386,0.14117648,1.0,55592728.000000
2,772.9045,1436.9343,0.12352942,1.0,55592748.000000
2,768.2441,1401.2047,0.14117648,1.0,55592756.000000
2,769.79877,1375.2197,0.12352942,1.0,55592772.000000
2,772.70197,1349.0332,0.14117648,1.0,55592788.000000
2,775.79706,1325.522,0.14117648,1.0,55592804.000000
2,783.6031,1295.0916,0.10588236,1.0,55592824.000000
2,799.19543,1257.5558,0.10588236,1.0,55592840.000000
1,799.19543,1257.5558,0.10588236,1.0,55592848.000000
0,805.0,1000.0,0.07058824,1.0,55828360.000000
2,803.56525,995.261,0.10588236,1.0,55828392.000000
2,803.0,987.0822,0.10588236,1.0,55828404.000000
2,803.0,976.2472,0.10588236,1.0,55828420.000000
2,803.0,965.3996,0.10588236,1.0,55828444.000000
2,803.0,951.6311,0.12352942,1.0,55828452.000000
2,803.0,936.10986,0.12352942,1.0,55828472.000000
2,803.0,922.0471,0.12352942,1.0,55828492.000000
2,803.0,903.7647,0.10588236,1.0,55828520.000000
2,803.0,894.6478,0.10588236,1.0,55828544.000000
2,803.9459,885.32434,0.10588236,1.0,55828552.000000
2,804.0,877.5189,0.12352942,1.0,55828572.000000
2,805.0,871.8041,0.12352942,1.0,55828592.000000
2,805.0,867.8024,0.12352942,1.0,55828600.000000
2,805.0,863.55536,0.12352942,1.0,55828624.000000
2,805.7033,858.18665,0.12352942,1.0,55828632.000000
2,807.25696,851.9721,0.12352942,1.0,55828664.000000
2,808.5314,847.4058,0.12352942,1.0,55828676.000000
2,810.14685,842.4127,0.10588236,1.0,55828696.000000
2,814.96454,829.07086,0.0882353,1.0,55828720.000000
2,817.06464,823.80615,0.0882353,1.0,55828736.000000
1,817.06464,823.80615,0.0882353,1.0,55828740.000000
0,746.0,540.0,0.05294118,1.0,55841636.000000
2,743.0749,549.7504,0.0882353,1.0,55841652.000000
2,737.0,572.5,0.12352942,1.0,55841668.000000
2,734.83374,598.3302,0.10588236,1.0,55841684.000000
2,733.367,633.5591,0.12352942,1.0,55841720.000000
2,725.79156,709.9311,0.12352942,1.0,55841736.000000
2,722.4138,738.3963,0.10588236,1.0,55841756.000000
2,721.0,761.6138,0.12352942,1.0,55841768.000000
2,722.3988,784.98236,0.12352942,1.0,55841784.000000
2,724.89764,810.0789,0.12352942,1.0,55841804.000000
2,727.99817,840.98346,0.12352942,1.0,55841828.000000
2,730.04895,864.6851,0.10588236,1.0,55841836.000000
2,729.4001,884.199,0.10588236,1.0,55841852.000000
2,727.842,900.58044,0.10588236,1.0,55841868.000000
1,727.842,900.58044,0.10588236,1.0,55841872.000000
0,522.0,821.0,0.07058824,1.0,56136608.000000
2,522.0,821.0,0.0882353,1.0,56136640.000000
1,522.0,821.0,0.0882353,1.0,56136676.000000
0,849.0,866.0,0.05294118,1.0,30238020.000000
2,826.8255,895.7617,0.10588236,1.0,30238036.000000
2,780.57855,981.85626,0.12352942,1.0,30238070.000000
2,738.8196,1190.8019,0.12352942,1.0,30238088.000000
2,743.7452,1286.988,0.12352942,1.0,30238104.000000
2,750.3454,1368.1084,0.12352942,1.0,30238124.000000
2,761.1633,1428.7349,0.0882353,1.0,30238136.000000
1,761.1633,1428.7349,0.0882353,1.0,30238144.000000
0,694.0,583.0,0.03529412,1.0,85168112.000000
2,688.47046,596.5886,0.0882353,1.0,85168128.000000
2,678.6334,632.6495,0.0882353,1.0,85168144.000000
2,668.0164,675.9343,0.12352942,1.0,85168160.000000
2,657.9883,727.89386,0.12352942,1.0,85168184.000000
2,644.534,781.4789,0.10588236,1.0,85168192.000000
2,629.5951,835.85767,0.10588236,1.0,85168208.000000
2,614.0668,893.25287,0.0882353,1.0,85168232.000000
2,603.6352,931.14655,0.07058824,1.0,85168248.000000
1,603.6352,931.14655,0.07058824,1.0,85168256.000000
0,918.0,502.0,0.07058824,1.0,85193472.000000
2,850.6952,592.674,0.10588236,1.0,85193496.000000
2,762.0,742.0,0.10588236,1.0,85193512.000000
2,716.2256,888.3985,0.07058824,1.0,85193528.000000
1,716.2256,888.3985,0.07058824,1.0,85193552.000000
0,815.0,345.0,0.07058824,1.0,85421392.000000
2,815.0,345.0,0.07058824,1.0,85421416.000000
2,809.1679,353.7481,0.0882353,1.0,85421440.000000
2,800.0057,368.99054,0.0882353,1.0,85421448.000000
2,785.56195,391.68146,0.10588236,1.0,85421464.000000
2,767.86896,421.4793,0.10588236,1.0,85421488.000000
2,746.9074,455.28836,0.0882353,1.0,85421520.000000
2,697.0771,533.37476,0.10588236,1.0,85421552.000000
2,674.7632,570.3238,0.0882353,1.0,85421576.000000
2,651.4181,629.4322,0.10588236,1.0,85421600.000000
2,650.0017,657.0043,0.05294118,1.0,85421624.000000
1,650.0017,657.0043,0.05294118,1.0,85421632.000000
0,939.0,443.0,0.05294118,1.0,86080072.000000
2,924.1494,466.54456,0.12352942,1.0,86080128.000000
2,900.49164,503.32605,0.10588236,1.0,86080144.000000
2,879.7088,538.2621,0.14117648,1.0,86080160.000000
2,851.1513,587.6535,0.12352942,1.0,86080176.000000
2,823.4878,642.0244,0.10588236,1.0,86080192.000000
2,805.1794,698.4618,0.12352942,1.0,86080208.000000
2,789.1471,745.7156,0.12352942,1.0,86080232.000000
2,777.2947,785.31757,0.10588236,1.0,86080248.000000
1,777.2947,785.31757,0.10588236,1.0,86080248.000000
0,506.0,904.0,0.0882353,1.0,86107584.000000
2,506.0,904.0,0.10588236,1.0,86107616.000000
2,506.0,904.0,0.10588236,1.0,86107632.000000
2,506.0,904.0,0.10588236,1.0,86107664.000000
2,506.0,904.0,0.10588236,1.0,86107680.000000
2,506.0,904.0,0.10588236,1.0,86107696.000000
1,506.0,904.0,0.10588236,1.0,86107728.000000
0,538.0,809.0,0.05294118,1.0,86115320.000000
2,538.0,809.0,0.12352942,1.0,86115360.000000
2,538.0,809.0,0.12352942,1.0,86115376.000000
2,538.0,809.0,0.12352942,1.0,86115432.000000
2,542.78925,806.40356,0.12352942,1.0,86115448.000000
2,552.1273,803.2909,0.12352942,1.0,86115488.000000
2,557.027,801.65765,0.10588236,1.0,86115496.000000
2,560.6199,801.0,0.12352942,1.0,86115520.000000
2,564.73035,801.0,0.12352942,1.0,86115528.000000
2,568.75366,801.0,0.12352942,1.0,86115544.000000
2,571.9272,801.0,0.12352942,1.0,86115560.000000
2,575.0353,800.0,0.12352942,1.0,86115584.000000
2,578.1349,799.0,0.12352942,1.0,86115592.000000
2,581.21497,799.0,0.12352942,1.0,86115616.000000
2,584.3248,799.0,0.12352942,1.0,86115624.000000
2,596.7704,798.0,0.12352942,1.0,86115712.000000
2,599.8269,798.0,0.12352942,1.0,86115720.000000
2,602.9441,798.0,0.12352942,1.0,86115728.000000
2,607.57825,798.0,0.12352942,1.0,86115744.000000
2,611.1431,796.9284,0.12352942,1.0,86115760.000000
2,614.2475,797.0,0.12352942,1.0,86115784.000000
2,617.3486,795.82574,0.12352942,1.0,86115792.000000
2,632.1138,793.0,0.12352942,1.0,86115920.000000
2,636.1344,791.8656,0.12352942,1.0,86115944.000000
2,638.68427,792.0,0.12352942,1.0,86115960.000000
2,641.481,792.0,0.12352942,1.0,86115984.000000
2,644.5851,792.0,0.12352942,1.0,86115992.000000
2,647.6387,791.68066,0.12352942,1.0,86116008.000000
2,650.7724,791.0,0.12352942,1.0,86116024.000000
2,653.87866,789.56067,0.12352942,1.0,86116040.000000
2,656.96686,788.01654,0.12352942,1.0,86116072.000000
2,657.8963,787.0,0.12352942,1.0,86116096.000000
1,657.8963,787.0,0.12352942,1.0,86116104.000000
0,732.0,900.0,0.07058824,1.0,86234072.000000
2,732.0,900.0,0.07058824,1.0,86234104.000000
2,732.0,900.0,0.10588236,1.0,86234112.000000
2,732.0,900.0,0.12352942,1.0,86234128.000000
2,733.93317,897.4225,0.14117648,1.0,86234144.000000
2,740.9852,888.81775,0.14117648,1.0,86234160.000000
2,752.2585,873.4879,0.12352942,1.0,86234192.000000
2,762.484,859.92236,0.10588236,1.0,86234200.000000
2,769.3982,850.7523,0.14117648,1.0,86234224.000000
2,775.20496,843.3934,0.14117648,1.0,86234240.000000
2,779.8651,838.1349,0.14117648,1.0,86234256.000000
2,784.00665,833.99335,0.14117648,1.0,86234272.000000
2,786.0605,830.87897,0.14117648,1.0,86234288.000000
2,787.6039,829.3961,0.14117648,1.0,86234304.000000
2,788.0,827.8501,0.14117648,1.0,86234320.000000
2,788.0,826.5,0.14117648,1.0,86234344.000000
2,788.0,827.0,0.14117648,1.0,86234360.000000
2,786.8155,827.0,0.14117648,1.0,86234376.000000
2,785.08215,827.0,0.14117648,1.0,86234400.000000
2,783.53357,827.0,0.10588236,1.0,86234408.000000
2,781.9824,827.0,0.10588236,1.0,86234424.000000
2,780.4219,827.0,0.10588236,1.0,86234448.000000
2,778.8998,825.8998,0.0882353,1.0,86234464.000000
1,778.8998,825.8998,0.0882353,1.0,86234480.000000
0,261.0,632.0,0.07058824,1.0,86362064.000000
2,261.0,632.0,0.10588236,1.0,86362080.000000
2,261.0,632.0,0.10588236,1.0,86362104.000000
2,261.0,632.0,0.10588236,1.0,86362120.000000
2,261.0,632.0,0.10588236,1.0,86362128.000000
2,261.0,632.0,0.10588236,1.0,86362168.000000
2,261.0,632.0,0.10588236,1.0,86362176.000000
2,261.0,632.0,0.10588236,1.0,86362200.000000
2,255.11581,632.0,0.10588236,1.0,86362224.000000
2,252.01613,632.0,0.10588236,1.0,86362256.000000
2,248.93149,632.0,0.10588236,1.0,86362272.000000
2,245.81769,632.0,0.10588236,1.0,86362280.000000
2,242.70357,632.0,0.10588236,1.0,86362296.000000
2,239.5888,632.0,0.10588236,1.0,86362320.000000
2,236.48756,632.0,0.10588236,1.0,86362328.000000
2,230.58963,632.0,0.10588236,1.0,86362384.000000
2,229.04774,632.0,0.12352942,1.0,86362400.000000
2,227.4909,632.0,0.12352942,1.0,86362416.000000
2,224.87935,632.0,0.12352942,1.0,86362432.000000
2,221.77963,632.0,0.12352942,1.0,86362440.000000
2,219.84041,632.0,0.12352942,1.0,86362464.000000
2,218.29213,632.0,0.12352942,1.0,86362480.000000
2,216.7438,632.0,0.12352942,1.0,86362504.000000
2,215.18518,632.0,0.12352942,1.0,86362520.000000
2,213.63585,632.0,0.12352942,1.0,86362528.000000
2,212.08232,632.0,0.12352942,1.0,86362600.000000
2,204.31746,630.31744,0.12352942,1.0,86362648.000000
2,201.2274,627.2274,0.14117648,1.0,86362656.000000
2,199.67473,625.67474,0.14117648,1.0,86362680.000000
2,198.12483,624.1248,0.14117648,1.0,86362696.000000
2,196.6269,622.6269,0.14117648,1.0,86362704.000000
2,196.0,621.02795,0.14117648,1.0,86362728.000000
2,195.0,619.4725,0.14117648,1.0,86362744.000000
2,192.0,613.2662,0.14117648,1.0,86362824.000000
2,192.0,611.72595,0.14117648,1.0,86362832.000000
2,191.0,610.17896,0.14117648,1.0,86362848.000000
2,191.0,608.6223,0.14117648,1.0,86362864.000000
2,190.0,607.0792,0.14117648,1.0,86362880.000000
2,190.0,605.53076,0.14117648,1.0,86362904.000000
2,190.0,603.97107,0.14117648,1.0,86362928.000000
2,188.0,599.3086,0.14117648,1.0,86362960.000000
2,188.0,599.0,0.14117648,1.0,86363024.000000
2,188.0,599.0,0.14117648,1.0,86363040.000000
2,184.98183,602.0272,0.12352942,1.0,86363064.000000
1,184.98183,602.0272,0.12352942,1.0,86363088.000000
0,520.0,754.0,0.03529412,1.0,47081.000000
2,520.0,754.0,0.0882353,1.0,47100.000000
2,520.0,754.0,0.10588236,1.0,47120.000000
2,518.9133,757.26,0.10588236,1.0,47157.000000
2,517.1899,762.4304,0.10588236,1.0,47172.000000
2,515.63763,767.0871,0.10588236,1.0,47189.000000
2,514.0821,772.6716,0.10588236,1.0,47203.000000
2,512.5364,778.85443,0.10588236,1.0,47220.000000
2,510.9853,784.0441,0.10588236,1.0,47240.000000
2,509.4354,788.69385,0.10588236,1.0,47252.000000
2,507.88556,793.34326,0.10588236,1.0,47271.000000
2,506.33,798.0101,0.12352942,1.0,47286.000000
2,504.78302,801.43396,0.12352942,1.0,47308.000000
2,503.23026,806.3092,0.12352942,1.0,47331.000000
2,501.67758,810.9673,0.12352942,1.0,47343.000000
2,500.12738,814.74524,0.12352942,1.0,47363.000000
2,497.575,817.85,0.12352942,1.0,47379.000000
2,496.01953,820.96094,0.10588236,1.0,47398.000000
2,492.8858,827.2284,0.12352942,1.0,47432.000000
2,491.3727,830.2546,0.12352942,1.0,47452.000000
2,489.81668,833.36664,0.12352942,1.0,47468.000000
2,488.26862,836.46277,0.12352942,1.0,47483.000000
2,486.71545,840.5691,0.12352942,1.0,47498.000000
2,486.0,844.5116,0.12352942,1.0,47515.000000
2,485.0,848.78253,0.12352942,1.0,47540.000000
2,484.50235,854.9953,0.12352942,1.0,47555.000000
2,484.0,858.092,0.12352942,1.0,47572.000000
2,484.0,860.59937,0.12352942,1.0,47589.000000
2,484.0,862.1511,0.12352942,1.0,47604.000000
2,482.7322,864.26776,0.10588236,1.0,47635.000000
1,482.7322,864.26776,0.10588236,1.0,47640.000000
0,205.0,1015.0,0.10588236,1.0,38459112.000000
2,205.0,1015.0,0.0882353,1.0,38459124.000000
2,205.0,1015.0,0.12352942,1.0,38459140.000000
2,205.0,1015.0,0.10588236,1.0,38459160.000000
2,205.0,1015.0,0.12352942,1.0,38459184.000000
2,205.0,1015.0,0.12352942,1.0,38459192.000000
2,217.50128,1019.83374,0.12352942,1.0,38459224.000000
2,232.72165,1023.9165,0.12352942,1.0,38459244.000000
2,246.72243,1026.5247,0.12352942,1.0,38459260.000000
2,261.83588,1029.1672,0.14117648,1.0,38459284.000000
2,278.35815,1031.2716,0.12352942,1.0,38459296.000000
2,291.48123,1033.1852,0.12352942,1.0,38459316.000000
2,311.70248,1038.2837,0.12352942,1.0,38459352.000000
2,328.35025,1045.1752,0.12352942,1.0,38459388.000000
2,337.66125,1049.8307,0.12352942,1.0,38459408.000000
2,360.2832,1059.1213,0.10588236,1.0,38459436.000000
2,371.1236,1063.7672,0.10588236,1.0,38459460.000000
2,391.4421,1073.9038,0.12352942,1.0,38459484.000000
2,404.242,1078.7473,0.12352942,1.0,38459500.000000
2,419.03943,1083.4119,0.12352942,1.0,38459520.000000
2,456.80185,1095.4009,0.14117648,1.0,38459584.000000
2,472.84726,1103.7084,0.10588236,1.0,38459604.000000
2,479.47046,1107.2352,0.10588236,1.0,38459624.000000
2,490.6682,1113.3341,0.10588236,1.0,38459660.000000
2,505.25137,1122.9385,0.10588236,1.0,38459684.000000
2,511.46625,1127.5997,0.10588236,1.0,38459692.000000
2,523.9114,1134.9557,0.12352942,1.0,38459748.000000
2,540.56464,1144.242,0.12352942,1.0,38459760.000000
2,550.7809,1148.2603,0.12352942,1.0,38459776.000000
2,561.2433,1152.3552,0.12352942,1.0,38459812.000000
2,581.435,1158.574,0.14117648,1.0,38459832.000000
2,588.31836,1161.6592,0.14117648,1.0,38459840.000000
2,594.52905,1164.7645,0.14117648,1.0,38459884.000000
2,624.02625,1178.8158,0.10588236,1.0,38459928.000000
2,630.5817,1182.2909,0.10588236,1.0,38459944.000000
2,638.50684,1187.1041,0.10588236,1.0,38459976.000000
2,651.22864,1196.4215,0.12352942,1.0,38459992.000000
2,657.36536,1201.024,0.12352942,1.0,38460012.000000
2,668.38153,1210.3815,0.14117648,1.0,38460052.000000
2,675.0454,1215.0272,0.12352942,1.0,38460068.000000
2,687.37115,1223.2474,0.12352942,1.0,38460108.000000
2,692.0129,1226.3419,0.12352942,1.0,38460136.000000
2,700.5541,1232.5541,0.12352942,1.0,38460156.000000
2,707.7618,1236.8809,0.12352942,1.0,38460180.000000
2,710.8621,1238.8622,0.12352942,1.0,38460204.000000
2,714.5,1242.5,0.10588236,1.0,38460236.000000
2,716.0831,1244.0831,0.12352942,1.0,38460264.000000
2,718.0,1247.1884,0.12352942,1.0,38460284.000000
2,718.0,1248.7347,0.14117648,1.0,38460296.000000
2,718.0,1249.8245,0.12352942,1.0,38460340.000000
2,718.94354,1252.9436,0.12352942,1.0,38460368.000000
2,719.0,1254.4934,0.12352942,1.0,38460384.000000
2,719.0,1256.0397,0.10588236,1.0,38460396.000000
2,719.0,1257.5,0.12352942,1.0,38460416.000000
2,719.90393,1259.9039,0.12352942,1.0,38460480.000000
2,720.0,1260.6783,0.12352942,1.0,38460496.000000
2,720.0,1261.375,0.12352942,1.0,38460516.000000
2,721.0119,1262.0118,0.12352942,1.0,38460552.000000
2,722.3734,1262.0,0.12352942,1.0,38460576.000000
2,723.335,1263.335,0.12352942,1.0,38460592.000000
2,725.33514,1265.3351,0.12352942,1.0,38460648.000000
2,726.8805,1266.8805,0.12352942,1.0,38460672.000000
2,728.4327,1268.4327,0.12352942,1.0,38460696.000000
2,732.06354,1273.0635,0.14117648,1.0,38460720.000000
2,736.6397,1279.2794,0.14117648,1.0,38460768.000000
2,742.30524,1287.3053,0.12352942,1.0,38460800.000000
2,745.40546,1290.4055,0.12352942,1.0,38460840.000000
2,748.0,1294.0,0.12352942,1.0,38460888.000000
2,750.16003,1296.16,0.12352942,1.0,38460904.000000
2,751.0,1297.0,0.12352942,1.0,38460960.000000
2,752.0,1299.0,0.12352942,1.0,38460984.000000
2,753.0,1300.7366,0.12352942,1.0,38461008.000000
2,753.0,1301.374,0.12352942,1.0,38461024.000000
2,754.1357,1302.1357,0.12352942,1.0,38461076.000000
2,755.114,1303.114,0.12352942,1.0,38461096.000000
2,755.0,1303.0,0.12352942,1.0,38461120.000000
2,757.43225,1305.4323,0.12352942,1.0,38461152.000000
2,758.1798,1306.1798,0.12352942,1.0,38461188.000000
2,759.04584,1307.0459,0.12352942,1.0,38461204.000000
2,759.0,1308.5,0.10588236,1.0,38461224.000000
2,759.0,1309.097,0.10588236,1.0,38461236.000000
2,759.0,1310.5,0.10588236,1.0,38461252.000000
2,760.2485,1311.2485,0.10588236,1.0,38461288.000000
2,761.0,1312.4796,0.10588236,1.0,38461328.000000
2,762.0,1315.0665,0.10588236,1.0,38461368.000000
2,762.61237,1316.6124,0.10588236,1.0,38461384.000000
2,763.1611,1318.1611,0.10588236,1.0,38461396.000000
2,764.0,1319.7123,0.10588236,1.0,38461416.000000
2,764.0,1321.2692,0.10588236,1.0,38461432.000000
2,764.0,1322.8187,0.10588236,1.0,38461448.000000
2,764.0,1324.3755,0.10588236,1.0,38461464.000000
2,764.0,1325.9291,0.10588236,1.0,38461488.000000
2,765.0,1332.0406,0.10588236,1.0,38461508.000000
2,765.0,1340.3969,0.12352942,1.0,38461548.000000
2,766.0,1345.0527,0.12352942,1.0,38461568.000000
2,766.0,1349.7516,0.12352942,1.0,38461604.000000
2,766.0,1359.7921,0.12352942,1.0,38461640.000000
2,766.0,1365.996,0.12352942,1.0,38461664.000000
2,766.0,1369.0919,0.12352942,1.0,38461672.000000
2,766.0,1372.1002,0.12352942,1.0,38461700.000000
2,766.0,1374.3096,0.10588236,1.0,38461716.000000
2,766.0,1377.2062,0.10588236,1.0,38461728.000000
2,766.0,1378.7568,0.10588236,1.0,38461744.000000
2,766.0,1380.3119,0.10588236,1.0,38461764.000000
2,766.0,1381.8638,0.10588236,1.0,38461780.000000
2,766.0,1383.412,0.10588236,1.0,38461796.000000
2,766.0,1384.9608,0.10588236,1.0,38461812.000000
2,766.0,1386.5148,0.10588236,1.0,38461828.000000
2,766.0,1387.5331,0.10588236,1.0,38461848.000000
2,766.61456,1388.6146,0.10588236,1.0,38461864.000000
2,767.0,1389.908,0.10588236,1.0,38461888.000000
2,767.0,1390.2496,0.10588236,1.0,38461904.000000
2,768.24896,1391.2489,0.10588236,1.0,38461936.000000
2,769.2492,1392.2491,0.10588236,1.0,38461968.000000
2,769.0,1392.0,0.10588236,1.0,38461984.000000
2,769.0,1393.5,0.10588236,1.0,38462004.000000
2,771.1151,1395.1151,0.10588236,1.0,38462088.000000
2,771.0,1395.0,0.10588236,1.0,38462364.000000
2,771.0,1392.6642,0.10588236,1.0,38462388.000000
2,771.0,1387.7936,0.12352942,1.0,38462448.000000
2,771.0,1381.8519,0.12352942,1.0,38462464.000000
2,772.6016,1374.9918,0.12352942,1.0,38462488.000000
2,773.0,1366.054,0.10588236,1.0,38462504.000000
2,773.0,1355.7578,0.10588236,1.0,38462516.000000
2,773.0,1347.7009,0.10588236,1.0,38462536.000000
2,771.18756,1340.7502,0.10588236,1.0,38462548.000000
2,771.0,1334.5504,0.10588236,1.0,38462572.000000
2,769.0,1324.9818,0.10588236,1.0,38462632.000000
2,769.0,1323.4371,0.10588236,1.0,38462644.000000
2,768.87946,1321.8795,0.10588236,1.0,38462660.000000
2,768.0,1318.7733,0.10588236,1.0,38462696.000000
2,768.0,1317.2268,0.10588236,1.0,38462720.000000
2,767.1213,1315.1213,0.10588236,1.0,38462744.000000
2,766.5762,1315.0,0.10588236,1.0,38462764.000000
2,766.0,1315.0,0.10588236,1.0,38462800.000000
2,766.0,1313.1804,0.12352942,1.0,38462832.000000
2,765.4063,1313.0,0.12352942,1.0,38462856.000000
2,763.5,1311.5,0.12352942,1.0,38462872.000000
2,764.0,1311.0,0.12352942,1.0,38462904.000000
2,762.5,1309.5,0.12352942,1.0,38462920.000000
2,763.0,1308.7509,0.12352942,1.0,38462952.000000
2,763.0,1307.2958,0.12352942,1.0,38463000.000000
2,763.0,1306.5,0.12352942,1.0,38463016.000000
2,762.2242,1306.0,0.12352942,1.0,38463036.000000
2,762.0,1304.6338,0.12352942,1.0,38463056.000000
2,762.0,1304.269,0.12352942,1.0,38463084.000000
2,762.0,1302.9824,0.12352942,1.0,38463096.000000
2,761.4354,1302.4354,0.12352942,1.0,38463120.000000
2,761.0,1300.3868,0.12352942,1.0,38463180.000000
2,761.0,1300.0,0.12352942,1.0,38463200.000000
2,759.12445,1298.1245,0.12352942,1.0,38463220.000000
2,759.0,1298.0,0.12352942,1.0,38463240.000000
2,759.0,1297.0166,0.12352942,1.0,38463268.000000
2,759.0,1295.6271,0.12352942,1.0,38463296.000000
2,757.68066,1294.6807,0.12352942,1.0,38463316.000000
2,757.0,1293.1266,0.12352942,1.0,38463344.000000
2,757.0,1292.7031,0.10588236,1.0,38463352.000000
2,757.0,1291.1582,0.10588236,1.0,38463376.000000
2,757.0,1290.5,0.10588236,1.0,38463392.000000
2,757.0,1290.0,0.10588236,1.0,38463416.000000
2,755.9727,1288.9727,0.10588236,1.0,38463432.000000
2,754.6266,1287.6266,0.10588236,1.0,38463464.000000
2,755.0,1286.6411,0.10588236,1.0,38463488.000000
2,755.0,1286.0,0.10588236,1.0,38463512.000000
2,755.0,1285.1829,0.10588236,1.0,38463524.000000
2,755.0,1283.6235,0.10588236,1.0,38463540.000000
2,755.0,1282.6266,0.10588236,1.0,38463568.000000
2,755.0,1280.9739,0.10588236,1.0,38463584.000000
2,755.0,1279.5,0.10588236,1.0,38463596.000000
2,755.0,1278.3186,0.10588236,1.0,38463632.000000
2,755.0,1278.0,0.10588236,1.0,38463648.000000
2,755.0,1277.2153,0.10588236,1.0,38463664.000000
2,755.0,1276.3307,0.10588236,1.0,38463696.000000
2,753.7807,1276.0,0.10588236,1.0,38463716.000000
2,753.4582,1275.0,0.10588236,1.0,38463752.000000
2,752.5,1275.0,0.10588236,1.0,38463768.000000
2,752.0,1273.3538,0.10588236,1.0,38463784.000000
2,752.0,1271.7966,0.10588236,1.0,38463796.000000
2,751.0,1271.246,0.10588236,1.0,38463816.000000
2,751.0,1270.5,0.10588236,1.0,38463828.000000
2,751.0,1269.6266,0.10588236,1.0,38463852.000000
2,751.0,1267.0336,0.10588236,1.0,38463880.000000
2,751.0,1265.4824,0.10588236,1.0,38463896.000000
2,751.0,1263.9342,0.10588236,1.0,38463920.000000
2,750.38654,1262.3865,0.10588236,1.0,38463936.000000
2,750.0,1260.8342,0.10588236,1.0,38463960.000000
2,750.0,1259.2885,0.10588236,1.0,38463988.000000
2,749.0,1257.0,0.10588236,1.0,38464016.000000
2,747.0,1252.5,0.12352942,1.0,38464104.000000
2,747.0,1251.4413,0.12352942,1.0,38464128.000000
2,747.0,1250.1064,0.12352942,1.0,38464148.000000
2,746.0,1249.6633,0.12352942,1.0,38464168.000000
2,746.0,1248.5,0.12352942,1.0,38464176.000000
2,746.0,1247.7787,0.12352942,1.0,38464192.000000
2,744.5,1248.0,0.12352942,1.0,38464220.000000
2,745.0,1246.4569,0.12352942,1.0,38464232.000000
2,743.9024,1246.0,0.12352942,1.0,38464244.000000
2,743.3546,1245.0,0.12352942,1.0,38464264.000000
2,742.5,1245.0,0.12352942,1.0,38464280.000000
2,743.0,1243.6266,0.12352942,1.0,38464296.000000
2,741.5863,1243.0,0.12352942,1.0,38464344.000000
2,742.0,1242.0,0.12352942,1.0,38464388.000000
2,742.0,1242.0,0.12352942,1.0,38464436.000000
2,742.0,1242.0,0.12352942,1.0,38464448.000000
2,742.0,1240.863,0.12352942,1.0,38464468.000000
2,741.0,1241.0,0.12352942,1.0,38464476.000000
2,741.0,1241.0,0.12352942,1.0,38464496.000000
2,741.0,1241.0,0.12352942,1.0,38464528.000000
2,740.0,1241.0,0.12352942,1.0,38464544.000000
2,740.0,1239.5,0.12352942,1.0,38464560.000000
2,740.0,1238.8135,0.14117648,1.0,38464620.000000
2,739.0,1238.0,0.14117648,1.0,38464656.000000
2,738.10205,1237.0,0.14117648,1.0,38464672.000000
2,738.0,1236.2767,0.14117648,1.0,38464696.000000
2,738.0,1233.5,0.12352942,1.0,38464716.000000
2,738.0,1232.1761,0.12352942,1.0,38464752.000000
2,737.0,1231.0,0.10588236,1.0,38464772.000000
2,736.23596,1230.236,0.10588236,1.0,38464784.000000
2,735.0,1230.0,0.10588236,1.0,38464804.000000
2,734.1358,1229.1359,0.10588236,1.0,38464820.000000
2,733.5,1228.5,0.10588236,1.0,38464836.000000
2,733.0,1228.0,0.10588236,1.0,38464860.000000
2,730.9284,1228.0,0.10588236,1.0,38464876.000000
2,731.0,1226.5,0.10588236,1.0,38464896.000000
2,729.9113,1227.0,0.10588236,1.0,38464912.000000
2,727.86017,1226.0,0.10588236,1.0,38464952.000000
2,725.60693,1224.6069,0.10588236,1.0,38464976.000000
2,724.62714,1225.0,0.10588236,1.0,38465016.000000
2,723.95166,1224.0,0.10588236,1.0,38465040.000000
2,722.5,1224.0,0.10588236,1.0,38465064.000000
2,721.2947,1223.0,0.10588236,1.0,38465096.000000
2,720.09375,1222.0,0.10588236,1.0,38465120.000000
2,718.5,1222.0,0.10588236,1.0,38465148.000000
2,717.84503,1220.845,0.10588236,1.0,38465160.000000
2,715.3268,1220.0,0.10588236,1.0,38465228.000000
2,715.0,1218.7802,0.10588236,1.0,38465248.000000
2,715.0,1217.6266,0.10588236,1.0,38465276.000000
2,715.0,1218.0,0.10588236,1.0,38465292.000000
2,715.0,1216.0083,0.10588236,1.0,38465328.000000
2,714.46387,1216.0,0.10588236,1.0,38465344.000000
2,712.914,1216.0,0.10588236,1.0,38465360.000000
2,711.5,1214.5,0.10588236,1.0,38465384.000000
2,710.8134,1213.8135,0.10588236,1.0,38465432.000000
2,709.8229,1214.0,0.10588236,1.0,38465456.000000
2,710.0,1212.7246,0.10588236,1.0,38465476.000000
2,710.0,1211.9851,0.10588236,1.0,38465508.000000
2,710.0,1210.84,0.10588236,1.0,38465548.000000
2,710.0,1209.5,0.10588236,1.0,38465560.000000
2,710.0,1208.8673,0.10588236,1.0,38465580.000000
2,710.0,1207.8773,0.10588236,1.0,38465608.000000
2,710.0,1207.0,0.10588236,1.0,38465664.000000
2,710.0,1207.0,0.10588236,1.0,38465688.000000
2,710.0,1206.4329,0.10588236,1.0,38465700.000000
2,710.0,1205.6565,0.10588236,1.0,38465720.000000
2,710.0,1204.5553,0.10588236,1.0,38465780.000000
2,710.0,1203.2792,0.10588236,1.0,38465796.000000
2,710.0,1202.6244,0.10588236,1.0,38465808.000000
2,710.0,1201.7509,0.10588236,1.0,38465844.000000
2,710.0,1200.9486,0.10588236,1.0,38465872.000000
2,710.0,1201.0,0.10588236,1.0,38465888.000000
2,710.0,1199.6927,0.10588236,1.0,38465908.000000
2,710.0,1200.0,0.10588236,1.0,38465940.000000
2,710.0,1200.0,0.10588236,1.0,38465956.000000
2,710.0,1200.0,0.10588236,1.0,38466056.000000
2,710.0,1198.9363,0.10588236,1.0,38466088.000000
1,710.0,1198.9363,0.10588236,1.0,38466184.000000
0,93.0,616.0,0.07058824,1.0,38489920.000000
2,93.0,616.0,0.12352942,1.0,38489940.000000
2,93.0,616.0,0.12352942,1.0,38489956.000000
2,93.0,616.0,0.12352942,1.0,38489972.000000
2,93.0,616.0,0.12352942,1.0,38489992.000000
2,93.0,616.0,0.12352942,1.0,38490072.000000
2,93.0,616.0,0.12352942,1.0,38490112.000000
2,93.0,616.0,0.12352942,1.0,38490752.000000
2,93.0,616.0,0.12352942,1.0,38490792.000000
2,93.0,616.0,0.12352942,1.0,38490828.000000
2,93.0,616.0,0.12352942,1.0,38490880.000000
2,93.0,616.0,0.12352942,1.0,38490960.000000
1,93.0,616.0,0.12352942,1.0,38491000.000000
0,663.0,1641.0,0.07058824,1.0,38530836.000000
2,663.0,1641.0,0.0882353,1.0,38530868.000000
1,663.0,1641.0,0.0882353,1.0,38530880.000000
0,187.0,724.0,0.05294118,1.0,38620796.000000
2,187.0,724.0,0.10588236,1.0,38620812.000000
2,187.0,724.0,0.10588236,1.0,38620828.000000
2,196.84291,721.8595,0.10588236,1.0,38620856.000000
2,213.95808,720.3109,0.10588236,1.0,38620880.000000
2,234.10922,718.7608,0.10588236,1.0,38620892.000000
2,255.79655,715.4271,0.10588236,1.0,38620912.000000
2,277.94397,713.64685,0.10588236,1.0,38620924.000000
2,314.56738,712.5433,0.10588236,1.0,38620960.000000
2,331.06784,712.0,0.10588236,1.0,38620976.000000
2,347.12036,712.0,0.10588236,1.0,38620996.000000
2,361.94797,712.0,0.10588236,1.0,38621008.000000
2,375.23816,712.0,0.10588236,1.0,38621028.000000
2,387.69522,712.0,0.12352942,1.0,38621040.000000
2,400.85797,712.0,0.10588236,1.0,38621060.000000
2,414.8506,712.0,0.10588236,1.0,38621080.000000
2,429.66605,712.0,0.10588236,1.0,38621104.000000
2,443.32782,712.0,0.10588236,1.0,38621120.000000
2,494.446,715.0,0.10588236,1.0,38621176.000000
2,505.03165,715.17194,0.10588236,1.0,38621196.000000
2,514.362,716.727,0.10588236,1.0,38621208.000000
2,533.0112,722.6704,0.12352942,1.0,38621244.000000
2,542.334,725.778,0.10588236,1.0,38621256.000000
2,549.74005,728.87,0.10588236,1.0,38621276.000000
2,556.94525,731.9726,0.10588236,1.0,38621288.000000
2,567.33405,736.167,0.10588236,1.0,38621328.000000
2,573.5836,738.1459,0.10588236,1.0,38621344.000000
2,579.7562,741.3781,0.10588236,1.0,38621360.000000
2,584.71954,743.23987,0.10588236,1.0,38621380.000000
2,588.585,744.79254,0.14117648,1.0,38621400.000000
2,591.68475,746.34235,0.14117648,1.0,38621412.000000
2,594.7902,747.89514,0.12352942,1.0,38621432.000000
2,597.87317,749.4366,0.10588236,1.0,38621448.000000
2,600.99536,750.9977,0.10588236,1.0,38621468.000000
2,609.2216,757.2216,0.10588236,1.0,38621536.000000
2,610.76117,758.76117,0.10588236,1.0,38621560.000000
2,613.8698,763.7396,0.10588236,1.0,38621588.000000
2,615.4124,766.8248,0.10588236,1.0,38621608.000000
2,617.0,773.0353,0.10588236,1.0,38621632.000000
2,617.0,776.15564,0.10588236,1.0,38621644.000000
2,617.0,780.251,0.10588236,1.0,38621668.000000
2,617.0,787.47034,0.10588236,1.0,38621692.000000
2,617.0,790.56354,0.10588236,1.0,38621712.000000
2,617.0,793.6657,0.10588236,1.0,38621736.000000
2,617.0,796.76105,0.10588236,1.0,38621752.000000
2,615.5319,802.93616,0.10588236,1.0,38621776.000000
2,616.0,805.02606,0.10588236,1.0,38621792.000000
2,615.0,808.1554,0.10588236,1.0,38621812.000000
2,613.86523,810.13477,0.12352942,1.0,38621824.000000
2,612.31287,813.37427,0.12352942,1.0,38621836.000000
2,611.7602,815.4797,0.10588236,1.0,38621864.000000
2,611.0,817.78973,0.12352942,1.0,38621880.000000
2,611.0,820.6884,0.12352942,1.0,38621896.000000
2,611.0,822.89764,0.12352942,1.0,38621912.000000
2,610.9409,824.1181,0.12352942,1.0,38621932.000000
2,610.0,827.0238,0.12352942,1.0,38621948.000000
2,610.0,829.5646,0.12352942,1.0,38621964.000000
2,610.0,831.2283,0.12352942,1.0,38621980.000000
2,610.0,833.66626,0.12352942,1.0,38622000.000000
2,610.0,835.21765,0.12352942,1.0,38622012.000000
2,610.0,836.7675,0.12352942,1.0,38622032.000000
2,610.0,841.40704,0.12352942,1.0,38622092.000000
2,610.0,842.5,0.12352942,1.0,38622116.000000
2,611.0268,842.0,0.10588236,1.0,38622156.000000
2,612.73834,842.0,0.10588236,1.0,38622172.000000
2,614.29193,842.0,0.10588236,1.0,38622184.000000
2,615.8466,842.0,0.10588236,1.0,38622200.000000
2,617.3887,842.0,0.10588236,1.0,38622220.000000
2,618.94653,842.0,0.10588236,1.0,38622256.000000
2,622.05475,842.0,0.10588236,1.0,38622272.000000
2,623.6045,842.0,0.10588236,1.0,38622292.000000
2,625.15717,842.0,0.10588236,1.0,38622304.000000
2,626.7079,842.0,0.10588236,1.0,38622320.000000
2,628.2597,842.0,0.10588236,1.0,38622336.000000
2,629.3734,842.0,0.10588236,1.0,38622368.000000
2,629.0,842.0,0.10588236,1.0,38622404.000000
2,628.32715,841.0,0.10588236,1.0,38622468.000000
2,626.77795,839.77795,0.10588236,1.0,38622488.000000
2,625.22455,840.0,0.10588236,1.0,38622504.000000
2,623.67847,840.0,0.10588236,1.0,38622528.000000
2,623.13104,840.0,0.10588236,1.0,38622548.000000
2,622.5,840.0,0.10588236,1.0,38622564.000000
2,623.0,840.0,0.10588236,1.0,38622592.000000
2,623.0,840.0,0.10588236,1.0,38622604.000000
2,626.1914,840.0,0.10588236,1.0,38622640.000000
2,629.48816,840.0,0.10588236,1.0,38622656.000000
2,633.87085,840.0,0.10588236,1.0,38622680.000000
2,639.37354,840.0,0.10588236,1.0,38622704.000000
2,657.88904,840.0,0.12352942,1.0,38622740.000000
2,672.00507,840.5005,0.10588236,1.0,38622756.000000
2,704.612,841.0,0.10588236,1.0,38622780.000000
2,749.44745,840.0,0.10588236,1.0,38622840.000000
2,774.57886,839.6316,0.10588236,1.0,38622864.000000
2,784.4744,838.0876,0.10588236,1.0,38622888.000000
2,800.04663,837.0,0.10588236,1.0,38622920.000000
2,811.2567,836.0,0.10588236,1.0,38622944.000000
2,814.3572,836.0,0.10588236,1.0,38622964.000000
2,818.4568,834.7716,0.10588236,1.0,38622988.000000
2,823.33386,831.66614,0.10588236,1.0,38623020.000000
2,825.96075,829.03925,0.10588236,1.0,38623052.000000
2,829.5507,825.4493,0.10588236,1.0,38623068.000000
2,831.09735,825.0,0.12352942,1.0,38623092.000000
2,834.2028,821.7972,0.12352942,1.0,38623120.000000
2,835.7424,821.2576,0.12352942,1.0,38623136.000000
2,837.30536,821.0,0.12352942,1.0,38623152.000000
2,838.8548,819.1452,0.10588236,1.0,38623184.000000
2,840.41077,817.58923,0.10588236,1.0,38623212.000000
2,843.5133,815.4867,0.10588236,1.0,38623232.000000
2,846.6187,813.0,0.10588236,1.0,38623252.000000
2,848.0,811.8406,0.10588236,1.0,38623276.000000
2,848.7047,810.2953,0.10588236,1.0,38623296.000000
2,849.0,809.36676,0.10588236,1.0,38623316.000000
2,849.0,808.1823,0.10588236,1.0,38623328.000000
2,849.0,806.64954,0.10588236,1.0,38623344.000000
2,849.0,803.51483,0.10588236,1.0,38623384.000000
2,850.0,801.96814,0.10588236,1.0,38623392.000000
2,850.0,800.41547,0.10588236,1.0,38623412.000000
2,850.0,798.86554,0.10588236,1.0,38623428.000000
2,850.0,796.76373,0.10588236,1.0,38623452.000000
2,850.0,796.0,0.10588236,1.0,38623480.000000
2,850.0,794.66614,0.10588236,1.0,38623500.000000
2,850.0,792.78046,0.10588236,1.0,38623528.000000
2,850.0,788.1735,0.10588236,1.0,38623584.000000
2,850.0,787.6266,0.10588236,1.0,38623600.000000
2,850.0,786.24664,0.10588236,1.0,38623616.000000
2,850.0,785.5,0.10588236,1.0,38623632.000000
2,850.0,784.1383,0.10588236,1.0,38623648.000000
2,850.0,782.5893,0.10588236,1.0,38623672.000000
2,850.0,780.5,0.10588236,1.0,38623708.000000
2,850.0,776.82166,0.10588236,1.0,38623760.000000
2,850.0,775.5,0.10588236,1.0,38623768.000000
2,850.0,774.863,0.10588236,1.0,38623792.000000
2,850.0,773.6206,0.10588236,1.0,38623820.000000
2,850.0,773.0,0.10588236,1.0,38623832.000000
2,850.0,773.0,0.10588236,1.0,38623848.000000
2,850.0,771.62714,0.10588236,1.0,38623868.000000
2,850.0,769.9282,0.10588236,1.0,38623900.000000
2,850.0,768.3771,0.10588236,1.0,38623960.000000
2,850.0,765.643,0.10588236,1.0,38623992.000000
2,850.0,763.27325,0.10588236,1.0,38624016.000000
2,850.0,762.4976,0.10588236,1.0,38624032.000000
2,850.0,760.88837,0.10588236,1.0,38624048.000000
2,850.0,760.3319,0.10588236,1.0,38624088.000000
2,850.0,758.2299,0.10588236,1.0,38624112.000000
2,850.0,757.5,0.10588236,1.0,38624124.000000
2,850.0,756.89514,0.10588236,1.0,38624152.000000
2,850.0,756.0,0.0882353,1.0,38624204.000000
2,850.0,756.0,0.10588236,1.0,38624224.000000
2,850.0,755.0,0.12352942,1.0,38624240.000000
2,850.0,755.0,0.10588236,1.0,38624252.000000
2,850.0,753.75104,0.10588236,1.0,38624280.000000
2,850.0,752.8132,0.10588236,1.0,38624332.000000
2,850.0,751.9866,0.10588236,1.0,38624352.000000
2,850.0,749.8542,0.10588236,1.0,38624380.000000
2,850.0,747.74805,0.10588236,1.0,38624416.000000
2,850.0,746.19836,0.10588236,1.0,38624436.000000
2,850.0,744.6452,0.10588236,1.0,38624456.000000
2,850.0,743.09863,0.10588236,1.0,38624476.000000
2,850.0,738.4232,0.10588236,1.0,38624516.000000
2,850.0,736.883,0.10588236,1.0,38624528.000000
2,850.0,735.33093,0.10588236,1.0,38624552.000000
2,850.0,733.776,0.10588236,1.0,38624564.000000
2,850.0,732.22235,0.10588236,1.0,38624580.000000
2,850.0,730.6709,0.10588236,1.0,38624600.000000
2,850.0,730.0,0.10588236,1.0,38624616.000000
2,850.0,728.5676,0.10588236,1.0,38624632.000000
2,850.0,727.00806,0.10588236,1.0,38624648.000000
2,850.0,724.91345,0.10588236,1.0,38624692.000000
2,850.0,723.3613,0.10588236,1.0,38624704.000000
2,850.0,721.81146,0.10588236,1.0,38624724.000000
2,850.0,720.2588,0.10588236,1.0,38624744.000000
2,850.0,718.7049,0.10588236,1.0,38624756.000000
2,850.0,717.15424,0.10588236,1.0,38624776.000000
2,850.0,715.65283,0.10588236,1.0,38624800.000000
2,850.0,714.05634,0.10588236,1.0,38624816.000000
2,850.0,711.0287,0.10588236,1.0,38624856.000000
2,850.0,707.84235,0.10588236,1.0,38624872.000000
2,850.0,706.28723,0.10588236,1.0,38624904.000000
2,850.0,703.182,0.10588236,1.0,38624928.000000
2,850.0,701.67413,0.10588236,1.0,38624948.000000
2,850.0,696.0638,0.0882353,1.0,38624968.000000
2,850.0,693.1253,0.0882353,1.0,38624980.000000
2,850.0,690.4269,0.0882353,1.0,38624996.000000
2,850.0,687.7483,0.10588236,1.0,38625012.000000
2,850.0,686.32336,0.10588236,1.0,38625036.000000
2,850.0,682.215,0.10588236,1.0,38625064.000000
2,850.0,680.6623,0.10588236,1.0,38625080.000000
2,850.0,679.11414,0.10588236,1.0,38625096.000000
2,850.0,677.56067,0.10588236,1.0,38625112.000000
2,850.0,676.00806,0.10588236,1.0,38625128.000000
2,850.0,674.4582,0.10588236,1.0,38625144.000000
2,850.0,672.9055,0.10588236,1.0,38625164.000000
2,850.0,671.3527,0.10588236,1.0,38625188.000000
2,850.0,670.5,0.10588236,1.0,38625212.000000
1,850.0,670.5,0.10588236,1.0,38625536.000000
0,620.0,792.0,0.10588236,1.0,38627136.000000
2,619.3566,786.8528,0.0882353,1.0,38627152.000000
2,620.1971,767.2407,0.10588236,1.0,38627168.000000
2,633.477,725.3167,0.10588236,1.0,38627192.000000
2,652.8955,675.11145,0.0882353,1.0,38627208.000000
2,677.47626,613.9382,0.10588236,1.0,38627224.000000
2,723.4765,513.1898,0.10588236,1.0,38627256.000000
2,737.06195,482.36987,0.12352942,1.0,38627272.000000
2,771.8647,420.80344,0.10588236,1.0,38627288.000000
1,771.8647,420.80344,0.10588236,1.0,38627304.000000
0,201.0,331.0,0.03529412,1.0,38643624.000000
2,201.0,331.0,0.0882353,1.0,38643648.000000
2,201.0,331.0,0.10588236,1.0,38643660.000000
2,201.0,331.0,0.12352942,1.0,38643676.000000
2,201.0,331.0,0.10588236,1.0,38643704.000000
1,201.0,331.0,0.10588236,1.0,38643720.000000
0,374.0,886.0,0.07058824,1.0,39264000.000000
2,374.0,886.0,0.0882353,1.0,39264028.000000
2,374.0,886.0,0.10588236,1.0,39264036.000000
1,374.0,886.0,0.10588236,1.0,39264040.000000
0,134.0,958.0,0.05294118,1.0,39360456.000000
2,134.0,958.0,0.14117648,1.0,39360476.000000
2,134.0,958.0,0.14117648,1.0,39360496.000000
2,134.0,958.0,0.0882353,1.0,39360504.000000
1,134.0,958.0,0.0882353,1.0,39360516.000000
0,539.0,962.0,0.07058824,1.0,39494844.000000
2,539.0,962.0,0.07058824,1.0,39494864.000000
2,539.0,962.0,0.07058824,1.0,39494880.000000
1,539.0,962.0,0.07058824,1.0,39494884.000000
0,581.0,912.0,0.07058824,1.0,39525388.000000
2,581.0,912.0,0.10588236,1.0,39525424.000000
1,581.0,912.0,0.10588236,1.0,39525436.000000
0,176.0,613.0,0.10588236,1.0,35124888.000000
2,176.0,613.0,0.10588236,1.0,35124916.000000
2,176.0,613.0,0.12352942,1.0,35124924.000000
2,176.0,613.0,0.12352942,1.0,35124964.000000
2,176.0,613.0,0.12352942,1.0,35124980.000000
2,176.0,613.0,0.0882353,1.0,35124992.000000
1,176.0,613.0,0.0882353,1.0,35125000.000000
0,899.0,460.0,0.10588236,1.0,78815632.000000
2,899.0,460.0,0.07058824,1.0,78815640.000000
2,899.0,460.0,0.10588236,1.0,78815656.000000
2,888.89264,481.5989,0.10588236,1.0,78815704.000000
2,881.88745,505.80518,0.12352942,1.0,78815712.000000
2,872.7513,533.7462,0.12352942,1.0,78815736.000000
2,861.53357,571.2469,0.12352942,1.0,78815760.000000
2,829.61304,661.2899,0.10588236,1.0,78815792.000000
2,808.66614,726.2515,0.10588236,1.0,78815800.000000
2,788.2751,789.606,0.0882353,1.0,78815824.000000
1,788.2751,789.606,0.0882353,1.0,78815840.000000
0,545.0,765.0,0.07058824,1.0,78916384.000000
2,545.0,765.0,0.12352942,1.0,78916424.000000
2,545.0,765.0,0.0882353,1.0,78916432.000000
1,545.0,765.0,0.0882353,1.0,78916440.000000
0,831.0,515.0,0.0882353,1.0,79161408.000000
2,822.65875,522.34125,0.10588236,1.0,79161432.000000
2,808.3077,539.6,0.12352942,1.0,79161448.000000
2,791.2916,562.7841,0.10588236,1.0,79161464.000000
2,774.2398,588.1748,0.10588236,1.0,79161480.000000
2,759.3897,615.46735,0.12352942,1.0,79161512.000000
2,735.2531,678.8039,0.12352942,1.0,79161528.000000
2,722.7891,713.0799,0.12352942,1.0,79161552.000000
2,705.1019,753.0955,0.10588236,1.0,79161560.000000
2,689.22363,793.8186,0.10588236,1.0,79161584.000000
2,679.3535,820.0101,0.10588236,1.0,79161592.000000
2,676.0444,832.8226,0.12352942,1.0,79161616.000000
2,676.0,835.0695,0.10588236,1.0,79161632.000000
2,676.0,835.58905,0.0882353,1.0,79161648.000000
2,676.0,836.0,0.07058824,1.0,79161656.000000
1,676.0,836.0,0.07058824,1.0,79161672.000000
0,839.0,803.0,0.03529412,1.0,79180168.000000
2,839.0,792.1399,0.10588236,1.0,79180200.000000
2,841.3895,779.4419,0.0882353,1.0,79180208.000000
2,844.49243,767.0303,0.0882353,1.0,79180224.000000
2,849.157,752.3183,0.10588236,1.0,79180248.000000
2,855.38086,728.4765,0.12352942,1.0,79180256.000000
2,863.4437,678.7826,0.12352942,1.0,79180280.000000
2,877.9228,609.65137,0.12352942,1.0,79180312.000000
1,890.05444,559.7549,0.0882353,1.0,79180336.000000
0,637.0,1225.0,0.10588236,1.0,42644524.000000
2,637.0,1225.0,0.10588236,1.0,42644548.000000
2,637.0,1225.0,0.10588236,1.0,42644568.000000
2,637.0,1225.0,0.10588236,1.0,42644580.000000
1,637.0,1225.0,0.10588236,1.0,42644600.000000
0,1013.0,577.0,0.07058824,1.0,50904916.000000
2,971.70575,597.8917,0.0882353,1.0,50904952.000000
2,950.51483,610.2772,0.12352942,1.0,50904976.000000
2,929.3793,624.8621,0.12352942,1.0,50905000.000000
2,910.39667,640.3361,0.10588236,1.0,50905012.000000
2,891.86975,657.45276,0.12352942,1.0,50905024.000000
2,875.6809,673.3191,0.12352942,1.0,50905040.000000
2,862.7281,686.2719,0.12352942,1.0,50905056.000000
2,851.68945,697.31055,0.10588236,1.0,50905072.000000
2,843.59235,705.40765,0.10588236,1.0,50905088.000000
2,835.8324,713.1676,0.12352942,1.0,50905104.000000
2,831.0496,718.93384,0.12352942,1.0,50905128.000000
2,826.9398,724.5903,0.12352942,1.0,50905144.000000
2,823.8443,729.2335,0.12352942,1.0,50905160.000000
2,820.7304,732.2696,0.12352942,1.0,50905176.000000
2,817.6161,736.57587,0.10588236,1.0,50905192.000000
1,817.6161,736.57587,0.10588236,1.0,50905196.000000
0,967.0,574.0,0.07058824,1.0,51111896.000000
2,967.0,574.0,0.10588236,1.0,51111932.000000
2,967.0,574.0,0.10588236,1.0,51111960.000000
2,967.0,574.0,0.0882353,1.0,51111992.000000
1,967.0,574.0,0.0882353,1.0,51112000.000000
0,961.0,706.0,0.07058824,1.0,55512740.000000
2,961.0,706.0,0.03529412,1.0,55512764.000000
1,961.0,706.0,0.03529412,1.0,55512780.000000
0,744.0,1314.0,0.05294118,1.0,55689892.000000
2,744.0,1314.0,0.07058824,1.0,55689916.000000
1,744.0,1314.0,0.07058824,1.0,55689948.000000
0,189.0,641.0,0.07058824,1.0,55715052.000000
2,189.0,641.0,0.12352942,1.0,55715072.000000
2,189.0,641.0,0.10588236,1.0,55715092.000000
2,189.0,641.0,0.10588236,1.0,55715120.000000
1,189.0,641.0,0.10588236,1.0,55715132.000000
0,845.0,1260.0,0.03529412,1.0,55742148.000000
2,845.0,1260.0,0.0882353,1.0,55742176.000000
2,845.0,1260.0,0.10588236,1.0,55742200.000000
2,845.0,1260.0,0.10588236,1.0,55742216.000000
2,845.0,1260.0,0.10588236,1.0,55742224.000000
2,845.0,1260.0,0.10588236,1.0,55742248.000000
2,847.0777,1251.6116,0.10588236,1.0,55742280.000000
1,847.0777,1251.6116,0.10588236,1.0,55742288.000000
0,1014.0,176.0,0.03529412,1.0,55974292.000000
2,1014.0,176.0,0.0882353,1.0,55974340.000000
1,1014.0,176.0,0.0882353,1.0,55974384.000000
0,509.0,1429.0,0.10588236,1.0,32806536.000000
2,509.0,1429.0,0.10588236,1.0,32806572.000000
1,509.0,1429.0,0.10588236,1.0,32806596.000000
0,424.0,1031.0,0.07058824,1.0,33282284.000000
2,424.0,1031.0,0.14117648,1.0,33282342.000000
2,418.56528,1033.1738,0.12352942,1.0,33282352.000000
1,418.56528,1033.1738,0.12352942,1.0,33282364.000000
