0,214.53424,439.84726,0.29803923,0.26666668,50165276.000000
2,268.499,717.0203,0.30588236,0.26666668,50165476.000000
2,285.82358,879.85504,0.30588236,0.26666668,50165676.000000
2,260.21948,981.13226,0.3019608,0.26666668,50165876.000000
2,222.52931,1165.4125,0.3019608,0.26666668,50166096.000000
2,222.52931,1163.3097,0.3019608,0.26666668,50166276.000000
2,139.44133,740.2235,0.3019608,0.26666668,50166480.000000
1,42.64035,498.82678,0.26666668,0.23333335,50166688.000000
0,141.9124,528.48315,0.29803923,0.26666668,50545960.000000
2,217.71944,791.5979,0.30588236,0.26666668,50546156.000000
2,245.18199,1032.8466,0.30980393,0.3,50546356.000000
2,245.18199,1038.3452,0.30980393,0.26666668,50546560.000000
2,245.18199,1039.7433,0.30980393,0.26666668,50546760.000000
1,245.18199,1040.3152,0.30980393,0.26666668,50546964.000000
0,147.9087,523.8181,0.29411766,0.26666668,50562756.000000
2,223.19556,947.73505,0.30588236,0.26666668,50562956.000000
1,223.19556,983.25195,0.30588236,0.26666668,50563164.000000
0,221.1968,753.7383,0.29803923,0.26666668,37623160.000000
2,183.8589,653.47723,0.3019608,0.26666668,37623232.000000
2,175.77623,629.09985,0.3019608,0.26666668,37623248.000000
2,171.00662,611.5697,0.3019608,0.26666668,37623268.000000
2,167.6086,600.4504,0.30588236,0.26666668,37623288.000000
2,166.1327,593.6368,0.30588236,0.26666668,37623308.000000
2,164.84264,588.9064,0.30588236,0.26666668,37623332.000000
2,162.26474,580.893,0.30588236,0.3,37623348.000000
2,160.97638,577.0269,0.30588236,0.3,37623368.000000
2,159.68904,574.0425,0.30588236,0.26666668,37623388.000000
2,158.39941,571.46265,0.30588236,0.26666668,37623408.000000
2,157.11494,568.89294,0.30588236,0.26666668,37623432.000000
2,154.53287,560.3185,0.30588236,0.26666668,37623448.000000
2,153.24538,555.83356,0.30588236,0.26666668,37623468.000000
2,151.9556,550.67303,0.30588236,0.26666668,37623488.000000
2,150.66574,544.93774,0.30588236,0.26666668,37623508.000000
2,149.37686,537.9609,0.30588236,0.26666668,37623532.000000
2,146.13316,524.9345,0.30588236,0.26666668,37623548.000000
2,144.8468,519.96136,0.30588236,0.26666668,37623568.000000
2,143.55971,516.4506,0.30588236,0.26666668,37623588.000000
2,143.24492,513.873,0.30588236,0.26666668,37623608.000000
2,142.31552,511.29587,0.30588236,0.26666668,37623628.000000
2,139.73709,504.62814,0.30588236,0.26666668,37623648.000000
2,138.44984,501.4318,0.30588236,0.26666668,37623668.000000
2,137.16013,498.98297,0.30588236,0.3,37623688.000000
2,135.14832,496.3927,0.29803923,0.23333335,37623708.000000
1,131.89587,495.82782,0.2901961,0.23333335,37623728.000000
0,173.89267,646.4422,0.3019608,0.26666668,37660448.000000
2,171.01357,658.0688,0.30588236,0.26666668,37660576.000000
2,168.41373,674.7341,0.30588236,0.26666668,37660596.000000
2,167.89636,693.67065,0.30588236,0.26666668,37660616.000000
2,171.86032,720.92847,0.30588236,0.26666668,37660640.000000
2,186.21838,766.7337,0.30588236,0.26666668,37660660.000000
2,190.95975,789.9357,0.30588236,0.26666668,37660676.000000
2,193.05037,806.4209,0.30588236,0.26666668,37660696.000000
2,194.7982,820.3074,0.30588236,0.26666668,37660716.000000
2,197.3821,832.81177,0.3019608,0.26666668,37660740.000000
2,200.87764,848.3786,0.30588236,0.26666668,37660760.000000
2,202.16644,852.2865,0.30588236,0.26666668,37660776.000000
2,202.54164,854.87256,0.30588236,0.26666668,37660796.000000
2,202.54164,856.57513,0.30588236,0.26666668,37660816.000000
2,202.54164,857.8656,0.30588236,0.26666668,37660840.000000
2,202.54164,860.4493,0.30588236,0.26666668,37660856.000000
2,202.54164,861.3675,0.30588236,0.26666668,37660876.000000
1,202.54164,861.3675,0.30588236,0.26666668,37660896.000000
0,125.25602,607.1225,0.29411766,0.23333335,37761740.000000
2,143.02571,649.04346,0.3019608,0.26666668,37761796.000000
2,147.56738,664.95575,0.3019608,0.26666668,37761816.000000
2,151.99904,681.8983,0.30588236,0.26666668,37761836.000000
2,157.14973,700.7436,0.30588236,0.26666668,37761860.000000
2,166.80362,741.9154,0.30588236,0.26666668,37761876.000000
2,172.35014,758.0325,0.3019608,0.26666668,37761896.000000
2,179.43922,774.11786,0.3019608,0.26666668,37761916.000000
2,185.88518,788.6593,0.3019608,0.26666668,37761936.000000
2,192.78427,806.44055,0.3019608,0.26666668,37761960.000000
2,200.94821,837.86285,0.30588236,0.26666668,37761976.000000
2,204.06618,850.6653,0.3019608,0.26666668,37762000.000000
2,206.62984,862.7752,0.3019608,0.26666668,37762016.000000
2,209.22891,872.45026,0.3019608,0.26666668,37762036.000000
2,210.50374,880.163,0.3019608,0.26666668,37762060.000000
2,214.96602,898.7494,0.3019608,0.26666668,37762076.000000
2,215.70776,910.2521,0.3019608,0.26666668,37762096.000000
2,216.99107,921.3468,0.3019608,0.26666668,37762116.000000
2,218.28387,930.6071,0.3019608,0.3,37762140.000000
2,219.19803,949.34015,0.3019608,0.26666668,37762160.000000
2,220.15712,957.4256,0.3019608,0.26666668,37762176.000000
2,221.45132,965.85944,0.29803923,0.26666668,37762196.000000
2,222.74225,971.1817,0.29803923,0.26666668,37762216.000000
2,222.52931,974.66003,0.29803923,0.26666668,37762240.000000
2,222.52931,979.812,0.29803923,0.26666668,37762260.000000
2,222.52931,981.03125,0.3019608,0.26666668,37762276.000000
2,222.52931,982.0964,0.3019608,0.26666668,37762296.000000
2,222.52931,983.61945,0.3019608,0.26666668,37762316.000000
2,222.52931,984.9129,0.3019608,0.26666668,37762340.000000
2,222.52931,986.53186,0.3019608,0.26666668,37762376.000000
1,222.52931,986.53186,0.3019608,0.26666668,37762476.000000
0,231.85689,585.1301,0.29803923,0.26666668,37778708.000000
2,255.00383,657.717,0.30588236,0.26666668,37778776.000000
2,271.71585,691.52704,0.30588236,0.26666668,37778800.000000
2,293.89523,738.9787,0.30588236,0.26666668,37778816.000000
2,297.89532,749.3107,0.30588236,0.26666668,37778836.000000
2,300.14496,755.05865,0.30588236,0.26666668,37778856.000000
2,301.43582,758.9802,0.30588236,0.26666668,37778876.000000
2,302.47995,761.5638,0.30588236,0.26666668,37778900.000000
2,302.47995,764.5665,0.30588236,0.26666668,37778916.000000
2,302.47995,765.8564,0.30588236,0.26666668,37778936.000000
2,302.47995,767.146,0.30588236,0.26666668,37778956.000000
1,302.47995,767.146,0.30588236,0.26666668,37779088.000000
0,137.24861,789.72577,0.29411766,0.26666668,38223456.000000
2,141.6511,761.3962,0.3019608,0.26666668,38223516.000000
2,142.5601,749.3145,0.30588236,0.26666668,38223540.000000
2,143.24492,723.0764,0.3019608,0.26666668,38223556.000000
2,143.24492,713.28864,0.3019608,0.26666668,38223576.000000
2,143.24492,705.8955,0.3019608,0.26666668,38223600.000000
2,143.24492,699.8943,0.3019608,0.26666668,38223616.000000
2,143.24492,695.1596,0.3019608,0.26666668,38223640.000000
2,142.24869,687.43744,0.30588236,0.26666668,38223656.000000
2,141.24615,684.53235,0.30588236,0.26666668,38223676.000000
2,141.24615,681.93195,0.30588236,0.26666668,38223696.000000
2,141.24615,680.89667,0.30588236,0.26666668,38223720.000000
2,141.24615,678.30646,0.30588236,0.26666668,38223740.000000
2,141.24615,677.0195,0.30588236,0.26666668,38223756.000000
2,141.24615,675.73157,0.30588236,0.26666668,38223776.000000
2,141.24615,674.7656,0.30588236,0.26666668,38223796.000000
1,141.24615,674.7656,0.30588236,0.26666668,38223960.000000
0,185.88525,744.40814,0.29411766,0.23333335,38293592.000000
2,168.65915,680.858,0.3019608,0.26666668,38293648.000000
2,160.83614,635.6068,0.3019608,0.26666668,38293668.000000
2,155.57,603.03687,0.30588236,0.26666668,38293688.000000
2,149.20311,577.3956,0.30588236,0.26666668,38293708.000000
2,143.5683,556.6189,0.3019608,0.26666668,38293728.000000
2,130.91745,532.89526,0.30588236,0.26666668,38293748.000000
2,126.12152,525.261,0.30588236,0.26666668,38293768.000000
2,122.58532,519.1417,0.30588236,0.26666668,38293788.000000
2,120.00392,515.2324,0.30588236,0.26666668,38293808.000000
2,118.33987,512.6478,0.30588236,0.26666668,38293828.000000
2,115.75432,508.98236,0.30588236,0.26666668,38293848.000000
2,114.45935,507.68704,0.30588236,0.26666668,38293868.000000
2,113.16541,506.39276,0.3019608,0.23333335,38293888.000000
2,111.87336,505.10034,0.3019608,0.23333335,38293912.000000
1,111.264656,503.80795,0.29803923,0.23333335,38294032.000000
0,145.90994,630.44775,0.3019608,0.26666668,51181764.000000
2,143.2992,613.7175,0.30588236,0.26666668,51181964.000000
2,121.582794,548.78296,0.30980393,0.26666668,51182164.000000
2,156.2522,709.2645,0.30588236,0.26666668,51182364.000000
2,215.86676,997.727,0.3019608,0.26666668,51182564.000000
1,215.86676,1006.6504,0.3019608,0.26666668,51182768.000000
0,762.19617,992.3221,0.29803923,0.26666668,51907172.000000
2,794.78204,922.5173,0.3019608,0.23333335,51907384.000000
2,826.3556,826.8472,0.3019608,0.3,51907580.000000
2,913.68256,748.16034,0.3019608,0.26666668,51907772.000000
1,929.7393,735.7445,0.3019608,0.26666668,51907976.000000
0,193.88033,675.0989,0.29411766,0.23333335,38367480.000000
2,217.70764,749.344,0.30588236,0.26666668,38367680.000000
2,280.49353,935.0808,0.30588236,0.26666668,38367880.000000
2,187.02562,732.9764,0.30588236,0.26666668,38368080.000000
2,169.6851,531.3256,0.30588236,0.26666668,38368280.000000
2,107.26712,416.1888,0.30588236,0.23333335,38368484.000000
1,259.17337,938.3408,0.3019608,0.26666668,38368680.000000
0,805.5028,1291.5515,0.29411766,0.23333335,30601726.000000
2,806.0824,1382.6577,0.29411766,0.23333335,30601920.000000
2,847.6398,1618.4159,0.29411766,0.26666668,30602120.000000
2,850.1419,1639.5554,0.29411766,0.26666668,30602320.000000
2,850.80817,1651.2585,0.29411766,0.26666668,30602520.000000
2,852.0552,1651.5977,0.29411766,0.26666668,30602722.000000
2,868.5182,1466.127,0.2901961,0.23333335,30602920.000000
1,873.4609,1395.1821,0.2901961,0.23333335,30603132.000000
0,737.54474,1080.958,0.2901961,0.23333335,82080592.000000
2,762.65796,1045.9945,0.29803923,0.26666668,82080792.000000
2,828.56525,975.9177,0.3019608,0.3,82080992.000000
2,853.57227,953.0024,0.3019608,0.26666668,82081192.000000
1,855.80505,952.0027,0.30588236,0.26666668,82081592.000000
