0,678.0583,156.87744,0.058823533,1.0,41017444.000000
2,679.1599,156.87744,0.04117647,1.0,41017488.000000
1,679.1599,156.87744,0.04117647,1.0,41017592.000000
0,102.85715,438.6573,0.03529412,1.0,41151472.000000
2,102.85715,435.49875,0.050980397,1.0,41151568.000000
2,102.85715,434.64072,0.04509804,1.0,41151588.000000
1,102.85715,434.64072,0.04509804,1.0,41151636.000000
0,602.1637,1015.20685,0.025490198,1.0,42791536.000000
2,596.172,1011.21,0.04509804,1.0,42791576.000000
2,592.219,1008.2538,0.04705883,1.0,42791596.000000
2,589.18164,1005.2146,0.04705883,1.0,42791616.000000
2,587.4412,1003.73004,0.05294118,1.0,42791640.000000
2,586.08923,1001.0244,0.05294118,1.0,42791660.000000
2,583.14795,997.1789,0.04705883,1.0,42791680.000000
2,581.69214,994.22327,0.049019612,1.0,42791696.000000
2,579.3022,991.3856,0.049019612,1.0,42791716.000000
2,576.19977,989.7268,0.049019612,1.0,42791732.000000
2,576.2975,988.3258,0.049019612,1.0,42791752.000000
2,575.2011,986.8996,0.049019612,1.0,42791784.000000
2,575.00385,984.2311,0.049019612,1.0,42791804.000000
2,574.2025,983.6156,0.049019612,1.0,42791812.000000
2,574.2025,982.1365,0.049019612,1.0,42791832.000000
2,572.2261,980.2758,0.049019612,1.0,42791880.000000
2,568.34576,977.3715,0.033333335,1.0,42791896.000000
2,566.9276,974.66846,0.04117647,1.0,42791912.000000
2,563.78735,973.52466,0.05686275,1.0,42791932.000000
2,560.9114,972.08575,0.05294118,1.0,42791952.000000
2,559.627,970.64594,0.05294118,1.0,42791980.000000
2,556.7709,967.788,0.05294118,1.0,42791996.000000
2,556.2275,966.3453,0.05294118,1.0,42792012.000000
2,556.2275,965.7455,0.05294118,1.0,42792032.000000
2,554.8817,966.2451,0.05294118,1.0,42792056.000000
2,553.7073,966.2451,0.050980397,1.0,42792112.000000
2,553.2316,965.26935,0.05294118,1.0,42792132.000000
2,553.2316,964.74634,0.05294118,1.0,42792152.000000
2,553.2316,962.966,0.049019612,1.0,42792176.000000
2,551.50604,963.24744,0.049019612,1.0,42792196.000000
2,550.10394,963.24744,0.049019612,1.0,42792212.000000
2,546.46436,962.65564,0.049019612,1.0,42792232.000000
2,542.1151,961.2051,0.05294118,1.0,42792260.000000
2,532.56915,958.3285,0.050980397,1.0,42792280.000000
2,529.54767,956.894,0.05686275,1.0,42792312.000000
2,525.0288,954.01276,0.05686275,1.0,42792332.000000
2,523.58966,952.57263,0.058823533,1.0,42792360.000000
2,522.27466,949.75806,0.058823533,1.0,42792376.000000
2,522.27466,947.2535,0.050980397,1.0,42792392.000000
2,522.27466,945.82794,0.050980397,1.0,42792412.000000
2,522.27466,944.38434,0.050980397,1.0,42792432.000000
2,522.27466,942.9576,0.050980397,1.0,42792456.000000
2,522.27466,940.765,0.050980397,1.0,42792472.000000
2,522.27466,939.948,0.050980397,1.0,42792492.000000
2,520.0312,940.26544,0.049019612,1.0,42792592.000000
1,520.0312,940.26544,0.049019612,1.0,42792696.000000
0,442.3856,528.58704,0.054901965,1.0,42886016.000000
2,443.39767,528.58704,0.039215688,1.0,42886064.000000
1,443.39767,528.58704,0.039215688,1.0,42886088.000000
0,468.34952,554.5668,0.043137256,1.0,42890088.000000
2,465.44495,566.0096,0.043137256,1.0,42890128.000000
2,462.00598,584.71423,0.04509804,1.0,42890144.000000
2,460.36063,618.2138,0.04705883,1.0,42890180.000000
2,460.36063,627.0656,0.04705883,1.0,42890212.000000
2,462.39087,636.60187,0.04705883,1.0,42890228.000000
2,466.11282,647.6343,0.043137256,1.0,42890264.000000
2,474.69296,659.5131,0.049019612,1.0,42890304.000000
2,477.5399,662.6854,0.049019612,1.0,42890324.000000
2,478.863,664.00934,0.04705883,1.0,42890348.000000
2,481.7352,667.88245,0.04705883,1.0,42890368.000000
2,484.01663,670.1653,0.049019612,1.0,42890384.000000
2,484.5995,671.4754,0.04117647,1.0,42890400.000000
2,486.0278,672.1777,0.04117647,1.0,42890432.000000
2,488.32178,675.4807,0.050980397,1.0,42890464.000000
2,489.39734,675.4723,0.04705883,1.0,42890588.000000
2,489.3204,677.82214,0.050980397,1.0,42890624.000000
2,488.2524,679.5386,0.05294118,1.0,42890708.000000
2,480.5289,679.4692,0.049019612,1.0,42890724.000000
2,476.1564,679.4692,0.04509804,1.0,42890744.000000
2,472.67233,679.4692,0.04509804,1.0,42890764.000000
2,469.82004,679.4692,0.04705883,1.0,42890780.000000
2,468.6528,679.4692,0.04705883,1.0,42890812.000000
2,465.78302,679.4692,0.04705883,1.0,42890824.000000
2,464.8544,679.4692,0.04705883,1.0,42890840.000000
2,464.35214,679.4692,0.04705883,1.0,42890960.000000
2,463.27957,679.4692,0.04509804,1.0,42891100.000000
1,463.27957,679.4692,0.04509804,1.0,42891120.000000
0,622.1359,627.50977,0.03137255,1.0,42907424.000000
2,623.1626,610.0455,0.03529412,1.0,42907456.000000
2,626.09485,581.937,0.04509804,1.0,42907484.000000
2,629.4631,514.8508,0.050980397,1.0,42907504.000000
2,633.6601,491.5243,0.04117647,1.0,42907520.000000
2,638.86884,462.66904,0.05686275,1.0,42907536.000000
2,647.3374,440.59375,0.050980397,1.0,42907560.000000
2,654.48627,419.48642,0.04509804,1.0,42907584.000000
2,664.0044,389.98895,0.04705883,1.0,42907596.000000
2,666.86115,381.3399,0.04509804,1.0,42907616.000000
2,668.7319,376.38467,0.04509804,1.0,42907636.000000
2,671.5906,370.66376,0.037254903,1.0,42907664.000000
2,679.513,359.11047,0.023529414,1.0,42907684.000000
1,679.513,359.11047,0.023529414,1.0,42907696.000000
0,552.23303,628.509,0.050980397,1.0,42936464.000000
2,554.6092,607.97076,0.050980397,1.0,42936504.000000
2,566.3122,562.5318,0.07254902,1.0,42936520.000000
2,582.7028,514.4805,0.058823533,1.0,42936540.000000
2,599.9194,471.04947,0.05294118,1.0,42936560.000000
2,610.99274,445.96896,0.04705883,1.0,42936580.000000
2,617.73096,435.95203,0.054901965,1.0,42936608.000000
2,622.47266,426.992,0.05686275,1.0,42936624.000000
2,623.6338,426.16705,0.058823533,1.0,42936640.000000
2,623.1345,425.55865,0.07647059,1.0,42936660.000000
2,623.1345,424.6417,0.08039216,1.0,42936684.000000
2,623.1345,423.43866,0.08039216,1.0,42936740.000000
2,623.1345,422.6531,0.0627451,1.0,42936800.000000
2,625.86115,424.39883,0.0627451,1.0,42936888.000000
2,626.6888,448.17624,0.058823533,1.0,42936904.000000
2,620.30725,481.77975,0.054901965,1.0,42936920.000000
2,608.57635,520.61774,0.058823533,1.0,42936940.000000
2,599.11707,554.7531,0.058823533,1.0,42936960.000000
2,595.723,573.5983,0.04705883,1.0,42936988.000000
2,595.1734,594.77856,0.050980397,1.0,42937004.000000
2,596.9188,603.2681,0.049019612,1.0,42937020.000000
2,598.34937,609.24554,0.054901965,1.0,42937040.000000
2,599.6671,611.5222,0.054901965,1.0,42937056.000000
2,600.16644,613.6057,0.054901965,1.0,42937080.000000
2,600.16644,616.93176,0.05686275,1.0,42937112.000000
2,601.51526,627.9121,0.049019612,1.0,42937128.000000
2,602.953,632.8768,0.049019612,1.0,42937144.000000
2,604.1609,639.1372,0.049019612,1.0,42937160.000000
2,604.8043,643.43024,0.049019612,1.0,42937192.000000
2,606.15814,648.5252,0.04117647,1.0,42937224.000000
2,603.4265,656.9576,0.043137256,1.0,42937240.000000
1,603.4265,656.9576,0.043137256,1.0,42937260.000000
0,674.06384,350.72598,0.04705883,1.0,43087872.000000
2,665.5749,366.29932,0.05294118,1.0,43087920.000000
2,648.8348,428.68372,0.07254902,1.0,43087952.000000
2,624.3627,519.4574,0.058823533,1.0,43087968.000000
2,612.4431,561.0337,0.05686275,1.0,43087984.000000
2,609.3874,598.6238,0.05686275,1.0,43088016.000000
2,607.15674,652.14417,0.05294118,1.0,43088056.000000
2,610.1482,690.9361,0.054901965,1.0,43088084.000000
2,614.5151,723.8569,0.037254903,1.0,43088104.000000
2,615.94073,741.5672,0.04705883,1.0,43088136.000000
2,619.76953,772.43896,0.03529412,1.0,43088164.000000
2,622.6239,791.3139,0.039215688,1.0,43088180.000000
2,624.05774,798.9981,0.049019612,1.0,43088200.000000
2,625.48083,803.42096,0.039215688,1.0,43088224.000000
2,626.1304,808.7301,0.04705883,1.0,43088244.000000
2,627.7507,810.61176,0.03529412,1.0,43088260.000000
2,628.1276,812.40765,0.049019612,1.0,43088280.000000
2,628.1276,813.8141,0.04705883,1.0,43088300.000000
2,628.1276,815.251,0.049019612,1.0,43088320.000000
2,629.1262,820.44995,0.04117647,1.0,43088400.000000
2,628.637,823.826,0.03137255,1.0,43088420.000000
1,627.6283,826.854,0.033333335,1.0,43088440.000000
0,592.17755,537.58,0.060784318,1.0,43091848.000000
2,589.1817,526.3343,0.058823533,1.0,43091876.000000
2,590.3261,511.99396,0.07058824,1.0,43091900.000000
2,605.8607,458.45026,0.07647059,1.0,43091920.000000
2,616.06116,430.7465,0.078431375,1.0,43091936.000000
2,625.5723,409.1951,0.060784318,1.0,43091956.000000
2,631.20593,392.71597,0.078431375,1.0,43091976.000000
2,637.99554,378.22083,0.05294118,1.0,43092000.000000
2,646.22327,357.91837,0.07647059,1.0,43092016.000000
2,649.07825,352.75482,0.08039216,1.0,43092036.000000
2,651.9346,348.46768,0.078431375,1.0,43092056.000000
2,654.82416,343.26453,0.07647059,1.0,43092084.000000
2,664.3109,331.0188,0.0627451,1.0,43092100.000000
2,670.939,322.70282,0.039215688,1.0,43092116.000000
2,676.1117,318.31076,0.039215688,1.0,43092136.000000
2,680.5548,314.7541,0.04509804,1.0,43092156.000000
1,680.5548,314.7541,0.04509804,1.0,43092180.000000
0,668.07214,440.65573,0.049019612,1.0,43152604.000000
2,665.4542,448.5141,0.03529412,1.0,43152624.000000
2,658.4122,469.65323,0.050980397,1.0,43152640.000000
2,650.83655,497.3975,0.05294118,1.0,43152664.000000
2,639.7128,542.5695,0.04509804,1.0,43152680.000000
2,631.4493,581.0376,0.05294118,1.0,43152704.000000
2,631.5537,624.6662,0.04705883,1.0,43152724.000000
2,635.2316,634.4368,0.04509804,1.0,43152744.000000
2,638.47205,643.5735,0.04705883,1.0,43152764.000000
2,641.7841,652.19226,0.039215688,1.0,43152788.000000
1,644.42926,654.65076,0.05294118,1.0,43152804.000000
0,690.0416,385.69867,0.039215688,1.0,43258256.000000
2,676.81384,416.2218,0.060784318,1.0,43258292.000000
2,666.0067,452.88504,0.049019612,1.0,43258316.000000
1,651.0903,493.62772,0.049019612,1.0,43258332.000000
0,628.1276,458.6417,0.054901965,1.0,43261692.000000
2,623.49164,483.9735,0.05686275,1.0,43261728.000000
2,618.6965,507.49158,0.07058824,1.0,43261748.000000
2,612.4769,534.212,0.06666667,1.0,43261776.000000
2,592.679,600.1054,0.05294118,1.0,43261796.000000
2,584.9342,631.4695,0.05686275,1.0,43261828.000000
2,581.23175,674.86285,0.049019612,1.0,43261852.000000
2,582.7214,685.11835,0.04509804,1.0,43261868.000000
2,584.1973,691.49445,0.04509804,1.0,43261904.000000
2,586.18585,700.38794,0.05294118,1.0,43261920.000000
2,586.18585,701.9172,0.03529412,1.0,43261936.000000
2,586.18585,702.95087,0.04117647,1.0,43261952.000000
1,586.18585,702.95087,0.04117647,1.0,43261972.000000
0,595.1734,625.5113,0.04509804,1.0,43330288.000000
2,598.63696,608.7144,0.04705883,1.0,43330328.000000
2,601.034,598.0578,0.04705883,1.0,43330348.000000
2,601.16504,587.465,0.043137256,1.0,43330376.000000
2,608.9203,564.2611,0.05686275,1.0,43330392.000000
2,610.0378,558.1387,0.05686275,1.0,43330416.000000
2,613.8737,551.1168,0.05294118,1.0,43330428.000000
2,615.9874,546.0447,0.050980397,1.0,43330448.000000
2,618.7863,541.6083,0.049019612,1.0,43330472.000000
2,621.41766,534.0213,0.05686275,1.0,43330488.000000
2,621.1373,531.0703,0.054901965,1.0,43330508.000000
2,621.1373,529.34143,0.054901965,1.0,43330528.000000
2,622.1359,527.8591,0.054901965,1.0,43330548.000000
2,622.1359,526.3779,0.054901965,1.0,43330568.000000
2,623.31616,523.2275,0.050980397,1.0,43330588.000000
2,624.1332,520.2702,0.058823533,1.0,43330608.000000
2,625.2769,517.3052,0.05294118,1.0,43330628.000000
2,626.7503,513.7364,0.054901965,1.0,43330648.000000
2,629.3534,505.92227,0.049019612,1.0,43330672.000000
2,635.1918,485.95496,0.054901965,1.0,43330688.000000
2,638.1137,471.63153,0.054901965,1.0,43330708.000000
2,657.44495,401.07675,0.04705883,1.0,43330752.000000
2,672.2861,360.19907,0.05686275,1.0,43330780.000000
1,688.5437,321.74866,0.037254903,1.0,43330796.000000
0,666.0749,428.6651,0.03529412,1.0,43331808.000000
2,663.19385,439.31216,0.029411767,1.0,43331832.000000
2,656.6288,465.4735,0.049019612,1.0,43331852.000000
2,646.4449,503.47656,0.043137256,1.0,43331868.000000
2,635.1924,544.58325,0.04705883,1.0,43331888.000000
2,628.4443,579.95166,0.050980397,1.0,43331904.000000
2,625.1318,605.3014,0.060784318,1.0,43331928.000000
2,627.9224,630.06934,0.04705883,1.0,43331948.000000
2,629.4058,636.6227,0.04509804,1.0,43331968.000000
2,630.8777,643.5128,0.04509804,1.0,43331984.000000
2,632.35455,649.4238,0.049019612,1.0,43332012.000000
2,632.1221,653.6876,0.050980397,1.0,43332040.000000
2,633.0692,653.54095,0.050980397,1.0,43332132.000000
1,633.2299,653.3801,0.04117647,1.0,43332144.000000
0,526.2691,572.5527,0.05686275,1.0,43419548.000000
2,524.2153,573.55194,0.05686275,1.0,43419604.000000
1,524.2153,573.55194,0.05686275,1.0,43419624.000000
0,442.3856,595.5347,0.07254902,1.0,43492432.000000
2,447.77908,598.7327,0.0627451,1.0,43492488.000000
2,454.53723,603.6127,0.07450981,1.0,43492512.000000
2,458.32675,606.48944,0.07450981,1.0,43492560.000000
2,459.76678,607.9304,0.0627451,1.0,43492572.000000
2,460.70596,607.5254,0.07058824,1.0,43492592.000000
2,460.36063,608.8715,0.07058824,1.0,43492616.000000
2,461.43262,608.5246,0.07254902,1.0,43492632.000000
2,462.47394,609.63995,0.07647059,1.0,43492672.000000
2,462.35785,610.6353,0.07058824,1.0,43492712.000000
2,463.85574,612.02185,0.068627454,1.0,43492732.000000
2,463.35645,613.6467,0.060784318,1.0,43492784.000000
2,464.35507,615.08307,0.058823533,1.0,43492796.000000
2,464.35507,616.52423,0.060784318,1.0,43492812.000000
2,464.35507,617.96075,0.060784318,1.0,43492840.000000
2,464.35507,618.8253,0.064705886,1.0,43492856.000000
2,465.11185,620.2732,0.05686275,1.0,43492872.000000
2,465.3537,621.7079,0.064705886,1.0,43492892.000000
2,466.3523,623.5747,0.078431375,1.0,43492932.000000
2,466.85352,625.0136,0.08235294,1.0,43492960.000000
2,469.73645,627.8983,0.08039216,1.0,43492976.000000
2,470.34674,631.14905,0.07647059,1.0,43492992.000000
2,470.34674,632.7804,0.08039216,1.0,43493008.000000
2,471.05292,634.91833,0.07647059,1.0,43493032.000000
2,472.48672,636.6456,0.08039216,1.0,43493056.000000
2,472.34396,639.00073,0.07647059,1.0,43493072.000000
2,472.34396,639.73047,0.07647059,1.0,43493092.000000
2,472.34396,641.7535,0.07647059,1.0,43493132.000000
2,472.34396,642.5124,0.07647059,1.0,43493192.000000
2,473.76123,643.91614,0.05686275,1.0,43493256.000000
2,475.6423,646.7976,0.05686275,1.0,43493272.000000
2,476.33844,648.2307,0.05686275,1.0,43493288.000000
2,476.5181,649.6723,0.054901965,1.0,43493312.000000
2,477.83633,650.99146,0.05686275,1.0,43493328.000000
2,477.33704,651.65466,0.05686275,1.0,43493352.000000
2,477.33704,652.98987,0.05686275,1.0,43493368.000000
2,477.33704,653.66327,0.05686275,1.0,43493432.000000
2,479.6544,653.48944,0.054901965,1.0,43493540.000000
2,480.8322,653.48944,0.054901965,1.0,43493568.000000
2,481.3491,653.48944,0.05294118,1.0,43493608.000000
2,483.6081,654.76825,0.05294118,1.0,43493688.000000
2,484.93018,654.4887,0.05686275,1.0,43493732.000000
2,485.82526,654.4887,0.05294118,1.0,43493752.000000
2,486.35513,654.4887,0.049019612,1.0,43493832.000000
1,486.35513,654.4887,0.049019612,1.0,43493896.000000
0,662.08044,385.69867,0.04705883,1.0,43587004.000000
2,662.29364,390.05475,0.03529412,1.0,43587032.000000
2,659.50464,399.71564,0.039215688,1.0,43587048.000000
2,657.0874,408.1811,0.05294118,1.0,43587068.000000
2,654.67523,417.33582,0.049019612,1.0,43587088.000000
2,653.53394,421.346,0.05294118,1.0,43587108.000000
2,652.0943,424.66983,0.050980397,1.0,43587128.000000
2,652.0943,428.54092,0.050980397,1.0,43587144.000000
2,652.0943,431.41074,0.049019612,1.0,43587172.000000
2,652.0943,434.41776,0.050980397,1.0,43587184.000000
2,652.0943,435.16003,0.049019612,1.0,43587208.000000
2,652.0943,435.98187,0.04705883,1.0,43587224.000000
2,653.1603,437.7928,0.04705883,1.0,43587284.000000
2,654.9317,443.85992,0.04509804,1.0,43587304.000000
2,656.36743,448.48663,0.037254903,1.0,43587324.000000
2,657.81226,452.54984,0.037254903,1.0,43587352.000000
2,658.086,456.2392,0.03529412,1.0,43587364.000000
2,658.086,457.6746,0.04509804,1.0,43587392.000000
2,658.5541,459.57846,0.04509804,1.0,43587404.000000
2,659.58386,461.63934,0.04705883,1.0,43587424.000000
2,660.1962,462.7516,0.04705883,1.0,43587504.000000
1,660.1962,462.7516,0.04705883,1.0,43587584.000000
0,677.05963,465.63623,0.04705883,1.0,43654312.000000
2,657.58673,494.11398,0.068627454,1.0,43654328.000000
2,642.4801,521.84735,0.05294118,1.0,43654348.000000
2,630.54,556.31824,0.060784318,1.0,43654368.000000
2,619.1951,588.6317,0.08431373,1.0,43654392.000000
2,604.85693,640.2724,0.064705886,1.0,43654416.000000
2,600.8378,663.2295,0.049019612,1.0,43654428.000000
2,600.62823,678.9202,0.05294118,1.0,43654448.000000
2,600.16644,694.9754,0.05686275,1.0,43654468.000000
2,596.34,714.60034,0.04509804,1.0,43654496.000000
2,590.92303,736.96185,0.05294118,1.0,43654512.000000
2,588.4645,748.7243,0.043137256,1.0,43654528.000000
2,588.1831,756.3062,0.043137256,1.0,43654548.000000
2,587.57336,761.23706,0.04509804,1.0,43654568.000000
1,586.6852,763.9032,0.039215688,1.0,43654592.000000
0,632.1221,520.59326,0.033333335,1.0,43681812.000000
2,631.473,530.78516,0.04705883,1.0,43681872.000000
2,624.63245,559.5628,0.04509804,1.0,43681888.000000
2,615.18286,587.4217,0.037254903,1.0,43681908.000000
2,601.27783,615.29346,0.05294118,1.0,43681928.000000
2,591.2709,639.0046,0.04509804,1.0,43681948.000000
2,584.96375,661.0728,0.04705883,1.0,43681972.000000
2,582.1914,686.51697,0.043137256,1.0,43681988.000000
1,582.1914,686.51697,0.043137256,1.0,43682008.000000
0,628.1276,462.63855,0.058823533,1.0,43754112.000000
2,625.1318,427.28525,0.064705886,1.0,43754136.000000
2,628.2778,392.8662,0.07647059,1.0,43754160.000000
2,635.9273,361.41232,0.07647059,1.0,43754176.000000
2,644.41797,342.7208,0.07450981,1.0,43754200.000000
2,653.1678,328.28528,0.058823533,1.0,43754216.000000
2,663.1844,313.74713,0.050980397,1.0,43754236.000000
2,671.8329,300.73947,0.060784318,1.0,43754260.000000
1,674.2091,279.3085,0.049019612,1.0,43754276.000000
0,621.1373,599.5316,0.029411767,1.0,43762052.000000
2,621.1373,603.23566,0.03529412,1.0,43762072.000000
2,623.9138,607.0864,0.04509804,1.0,43762088.000000
2,626.5986,611.22577,0.04117647,1.0,43762108.000000
2,628.45447,614.51086,0.039215688,1.0,43762128.000000
2,630.23206,622.1585,0.043137256,1.0,43762152.000000
2,633.0947,635.3997,0.043137256,1.0,43762168.000000
2,634.5341,641.1609,0.04117647,1.0,43762188.000000
2,634.11926,644.05145,0.039215688,1.0,43762208.000000
2,634.11926,647.067,0.037254903,1.0,43762228.000000
2,634.11926,648.94617,0.037254903,1.0,43762252.000000
2,635.1179,652.0848,0.03529412,1.0,43762268.000000
2,635.1179,652.98987,0.037254903,1.0,43762288.000000
2,632.9141,650.28516,0.043137256,1.0,43762368.000000
2,633.12067,648.9929,0.04509804,1.0,43762384.000000
2,632.0699,647.3897,0.025490198,1.0,43762408.000000
2,630.1403,645.5113,0.023529414,1.0,43762452.000000
2,630.1248,644.42285,0.025490198,1.0,43762488.000000
2,629.0789,644.49646,0.023529414,1.0,43762648.000000
2,628.0799,644.49646,0.023529414,1.0,43762668.000000
2,629.1724,645.54193,0.043137256,1.0,43762848.000000
2,629.1262,644.3898,0.033333335,1.0,43762928.000000
2,630.2952,644.49646,0.04509804,1.0,43762948.000000
2,630.1248,643.3231,0.027450982,1.0,43763008.000000
2,631.2177,643.49725,0.04117647,1.0,43763064.000000
1,631.2177,643.49725,0.04117647,1.0,43763388.000000
0,615.1456,404.68384,0.039215688,1.0,43769472.000000
2,600.1626,432.66968,0.058823533,1.0,43769500.000000
2,586.37775,471.0556,0.054901965,1.0,43769524.000000
2,573.3598,508.81805,0.05294118,1.0,43769540.000000
2,560.1974,551.14923,0.043137256,1.0,43769568.000000
2,545.3631,600.42236,0.043137256,1.0,43769584.000000
2,543.1671,612.0712,0.033333335,1.0,43769600.000000
2,543.2455,617.5176,0.037254903,1.0,43769616.000000
2,543.2455,620.4055,0.039215688,1.0,43769640.000000
2,543.2455,621.9077,0.039215688,1.0,43769664.000000
2,543.2455,624.2123,0.037254903,1.0,43769700.000000
2,543.2455,625.0117,0.039215688,1.0,43769720.000000
2,544.33374,625.60095,0.043137256,1.0,43769764.000000
1,544.33374,625.60095,0.043137256,1.0,43769780.000000
0,649.0985,534.58234,0.043137256,1.0,43783724.000000
2,646.704,545.9606,0.050980397,1.0,43783744.000000
2,647.94794,559.8891,0.05294118,1.0,43783764.000000
2,649.4095,574.6648,0.04705883,1.0,43783784.000000
2,651.8163,593.47363,0.049019612,1.0,43783804.000000
2,653.09296,611.71313,0.043137256,1.0,43783828.000000
2,652.0943,641.90857,0.043137256,1.0,43783844.000000
2,653.5743,657.3424,0.039215688,1.0,43783864.000000
2,655.01605,668.884,0.04117647,1.0,43783884.000000
2,656.4568,680.4163,0.049019612,1.0,43783904.000000
2,657.8921,687.492,0.04705883,1.0,43783928.000000
2,660.754,703.82367,0.04509804,1.0,43783944.000000
2,661.08185,710.84265,0.043137256,1.0,43783964.000000
2,661.08185,716.4403,0.04117647,1.0,43783984.000000
2,661.08185,721.3429,0.043137256,1.0,43784008.000000
2,661.08185,724.268,0.04509804,1.0,43784032.000000
2,659.7784,732.6489,0.03529412,1.0,43784048.000000
2,659.0846,736.8689,0.04509804,1.0,43784064.000000
2,659.0846,742.0729,0.039215688,1.0,43784088.000000
2,659.0846,744.0303,0.029411767,1.0,43784112.000000
2,658.086,747.8883,0.039215688,1.0,43784128.000000
2,658.086,748.53613,0.027450982,1.0,43784160.000000
1,658.086,748.53613,0.027450982,1.0,43784208.000000
0,606.15814,529.58624,0.04509804,1.0,43803424.000000
2,606.15814,532.77527,0.050980397,1.0,43803468.000000
2,608.1195,539.47095,0.050980397,1.0,43803488.000000
2,609.5508,540.97473,0.06666667,1.0,43803504.000000
2,610.65186,542.07654,0.06666667,1.0,43803520.000000
2,610.1526,540.4379,0.049019612,1.0,43803544.000000
2,611.8435,532.7309,0.07058824,1.0,43803568.000000
2,614.7205,501.2914,0.06666667,1.0,43803588.000000
2,617.1492,486.58853,0.05686275,1.0,43803600.000000
2,620.0054,473.73053,0.05686275,1.0,43803624.000000
2,622.02313,466.08765,0.054901965,1.0,43803644.000000
2,623.4565,463.3156,0.05686275,1.0,43803668.000000
2,624.1332,460.44565,0.05686275,1.0,43803684.000000
2,624.76843,459.6409,0.05686275,1.0,43803700.000000
2,625.6311,459.6409,0.05686275,1.0,43803720.000000
2,625.1318,458.38898,0.05686275,1.0,43803744.000000
2,627.50134,457.26993,0.058823533,1.0,43803764.000000
2,629.77057,453.1781,0.05686275,1.0,43803784.000000
2,632.60156,445.2118,0.058823533,1.0,43803804.000000
2,633.8,440.6149,0.058823533,1.0,43803824.000000
2,635.23535,438.5398,0.058823533,1.0,43803848.000000
2,637.1051,436.65887,0.05686275,1.0,43803864.000000
2,638.55994,436.65887,0.04705883,1.0,43803880.000000
2,639.9893,436.65887,0.04705883,1.0,43803904.000000
2,642.74664,437.97748,0.043137256,1.0,43803924.000000
2,644.8588,439.41113,0.03529412,1.0,43803948.000000
1,647.42395,440.81717,0.025490198,1.0,43803960.000000
0,680.0555,626.51056,0.027450982,1.0,43831132.000000
2,676.5851,625.5113,0.027450982,1.0,43831152.000000
2,675.14935,623.59985,0.023529414,1.0,43831172.000000
2,673.72784,619.50665,0.029411767,1.0,43831192.000000
2,670.8546,612.88007,0.027450982,1.0,43831212.000000
2,671.068,610.21716,0.029411767,1.0,43831232.000000
2,669.9787,606.25415,0.03137255,1.0,43831252.000000
2,670.06934,602.02966,0.033333335,1.0,43831272.000000
2,670.06934,601.56647,0.033333335,1.0,43831296.000000
2,670.06934,598.6936,0.03529412,1.0,43831312.000000
2,670.06934,596.00836,0.03529412,1.0,43831332.000000
2,670.06934,594.83453,0.03529412,1.0,43831352.000000
2,670.06934,592.2421,0.03529412,1.0,43831376.000000
2,670.06934,590.9615,0.027450982,1.0,43831396.000000
2,670.06934,586.6344,0.03137255,1.0,43831416.000000
2,670.06934,582.7825,0.029411767,1.0,43831432.000000
2,670.06934,581.2341,0.029411767,1.0,43831452.000000
2,670.06934,579.7926,0.029411767,1.0,43831472.000000
2,670.06934,578.3567,0.03137255,1.0,43831496.000000
2,672.13403,573.4845,0.03137255,1.0,43831512.000000
2,673.54926,570.5847,0.033333335,1.0,43831532.000000
2,673.0652,568.69794,0.033333335,1.0,43831552.000000
2,673.0652,565.83215,0.03529412,1.0,43831576.000000
2,673.0652,562.3235,0.037254903,1.0,43831596.000000
2,673.0652,560.89996,0.039215688,1.0,43831612.000000
2,673.0652,558.3375,0.03137255,1.0,43831632.000000
2,673.0652,555.566,0.033333335,1.0,43831652.000000
2,673.0652,550.56793,0.019607844,1.0,43831680.000000
2,672.93134,539.9802,0.029411767,1.0,43831696.000000
2,673.0652,535.67303,0.029411767,1.0,43831712.000000
2,673.0652,530.3958,0.039215688,1.0,43831732.000000
2,674.222,523.79895,0.039215688,1.0,43831752.000000
2,675.66156,516.59656,0.03529412,1.0,43831780.000000
2,676.06104,506.64316,0.021568628,1.0,43831800.000000
2,676.06104,502.87326,0.03137255,1.0,43831816.000000
2,676.06104,499.56567,0.023529414,1.0,43831836.000000
2,676.06104,496.04526,0.023529414,1.0,43831852.000000
2,676.2852,492.16647,0.023529414,1.0,43831888.000000
2,677.05963,487.52023,0.027450982,1.0,43831920.000000
2,677.05963,484.64737,0.023529414,1.0,43831936.000000
2,677.05963,484.1218,0.029411767,1.0,43831952.000000
2,677.05963,481.08762,0.033333335,1.0,43831976.000000
2,677.05963,478.35095,0.033333335,1.0,43832012.000000
2,678.0583,476.6192,0.037254903,1.0,43832056.000000
2,678.0583,474.2803,0.03529412,1.0,43832080.000000
2,679.0569,466.99722,0.03529412,1.0,43832096.000000
2,679.0569,464.1206,0.037254903,1.0,43832112.000000
2,679.0569,461.26407,0.039215688,1.0,43832132.000000
2,679.0569,457.39096,0.04117647,1.0,43832152.000000
2,680.1225,454.51065,0.04117647,1.0,43832176.000000
2,682.05273,446.76086,0.029411767,1.0,43832192.000000
2,682.05273,445.65186,0.029411767,1.0,43832212.000000
2,682.05273,445.58676,0.029411767,1.0,43832256.000000
2,682.6693,439.95166,0.03137255,1.0,43832532.000000
2,683.05133,432.8413,0.039215688,1.0,43832568.000000
2,684.0499,405.37195,0.04117647,1.0,43832632.000000
2,684.0499,404.18423,0.04117647,1.0,43832652.000000
2,684.0499,406.87784,0.037254903,1.0,43832776.000000
2,684.0499,408.31982,0.043137256,1.0,43832792.000000
2,684.0499,410.82816,0.039215688,1.0,43832812.000000
2,684.0499,413.69638,0.04117647,1.0,43832832.000000
2,684.0499,417.50116,0.043137256,1.0,43832856.000000
2,683.05133,426.29626,0.029411767,1.0,43832872.000000
2,683.05133,429.19128,0.03137255,1.0,43832888.000000
2,683.05133,433.06317,0.029411767,1.0,43832912.000000
2,683.05133,435.91245,0.04117647,1.0,43832936.000000
2,682.05273,440.65097,0.043137256,1.0,43832952.000000
2,682.05273,442.10672,0.04117647,1.0,43832968.000000
2,682.05273,446.40955,0.039215688,1.0,43832992.000000
2,680.7383,451.9117,0.03529412,1.0,43833008.000000
2,680.29456,462.72324,0.03529412,1.0,43833036.000000
2,680.0555,484.88934,0.029411767,1.0,43833052.000000
2,680.0555,494.0281,0.037254903,1.0,43833072.000000
2,680.0555,502.60736,0.037254903,1.0,43833088.000000
2,680.0555,516.18005,0.027450982,1.0,43833112.000000
2,681.0541,525.89746,0.029411767,1.0,43833136.000000
2,678.8054,539.58563,0.029411767,1.0,43833152.000000
2,679.0569,544.30304,0.027450982,1.0,43833168.000000
2,679.0569,550.05115,0.03137255,1.0,43833192.000000
2,680.0555,554.2422,0.03137255,1.0,43833216.000000
2,681.0541,558.987,0.03137255,1.0,43833232.000000
2,681.0541,559.9098,0.037254903,1.0,43833272.000000
2,681.0541,560.60455,0.033333335,1.0,43833312.000000
2,681.0541,561.9082,0.03137255,1.0,43833332.000000
2,681.0541,562.5955,0.029411767,1.0,43833432.000000
2,682.07513,561.5389,0.03529412,1.0,43833796.000000
2,679.57794,556.1309,0.03529412,1.0,43834196.000000
2,674.42584,539.50665,0.033333335,1.0,43834212.000000
2,674.06384,506.1297,0.04509804,1.0,43834228.000000
2,675.0946,464.66974,0.04509804,1.0,43834248.000000
2,678.43005,424.68967,0.037254903,1.0,43834272.000000
2,682.7542,390.07544,0.05294118,1.0,43834296.000000
2,692.0388,332.74002,0.023529414,1.0,43834312.000000
1,692.0388,332.74002,0.023529414,1.0,43834328.000000
0,638.1138,360.7182,0.058823533,1.0,43915484.000000
2,636.6158,354.72287,0.07254902,1.0,43915512.000000
2,636.1165,334.18036,0.064705886,1.0,43915560.000000
2,642.4589,288.54538,0.08039216,1.0,43915608.000000
2,647.8609,272.50507,0.08039216,1.0,43915624.000000
2,652.15955,261.64307,0.09019608,1.0,43915656.000000
2,665.53754,234.80305,0.07254902,1.0,43915672.000000
2,671.1725,222.98468,0.060784318,1.0,43915692.000000
2,674.6714,216.61394,0.058823533,1.0,43915708.000000
2,677.53613,212.35693,0.058823533,1.0,43915728.000000
2,681.80865,209.45857,0.05686275,1.0,43915744.000000
1,687.68665,204.19872,0.050980397,1.0,43915784.000000
0,684.0499,642.49805,0.027450982,1.0,43951252.000000
2,684.0499,641.45294,0.027450982,1.0,43951384.000000
2,684.0499,635.7651,0.029411767,1.0,43951404.000000
2,684.0499,631.39136,0.023529414,1.0,43951424.000000
2,684.84985,627.107,0.023529414,1.0,43951452.000000
2,686.71783,622.1708,0.03529412,1.0,43951472.000000
2,688.1506,619.30347,0.03529412,1.0,43951492.000000
2,688.0444,617.972,0.03137255,1.0,43951508.000000
2,688.0444,616.5365,0.033333335,1.0,43951524.000000
2,688.0444,615.1035,0.033333335,1.0,43951544.000000
2,688.0444,613.3749,0.033333335,1.0,43951568.000000
2,688.0444,612.1755,0.037254903,1.0,43951604.000000
2,688.0444,611.51416,0.037254903,1.0,43951652.000000
2,688.0444,607.6171,0.027450982,1.0,43951688.000000
2,688.0444,601.96783,0.023529414,1.0,43951712.000000
2,689.043,599.30316,0.01764706,1.0,43951732.000000
2,689.7066,597.8684,0.015686275,1.0,43951748.000000
2,690.0416,596.42975,0.01764706,1.0,43951776.000000
2,690.0416,594.0359,0.01764706,1.0,43951796.000000
2,690.0416,593.1261,0.01764706,1.0,43951812.000000
2,690.0416,591.69995,0.01764706,1.0,43951828.000000
2,690.0416,590.2745,0.023529414,1.0,43951860.000000
2,690.0416,587.4086,0.021568628,1.0,43951876.000000
2,690.0416,585.97363,0.043137256,1.0,43951892.000000
2,690.0416,584.5376,0.027450982,1.0,43951912.000000
2,690.0416,582.67285,0.027450982,1.0,43951952.000000
2,690.0416,578.54803,0.037254903,1.0,43951964.000000
2,690.0416,577.47266,0.021568628,1.0,43952028.000000
2,690.0416,575.1947,0.033333335,1.0,43952068.000000
2,690.0416,574.0515,0.033333335,1.0,43952084.000000
2,690.0416,573.3313,0.033333335,1.0,43952128.000000
2,691.0249,571.5688,0.01764706,1.0,43952164.000000
2,691.0402,570.12476,0.01764706,1.0,43952184.000000
2,691.0402,568.2628,0.01764706,1.0,43952232.000000
2,691.0402,565.39105,0.019607844,1.0,43952252.000000
2,691.0402,563.9697,0.021568628,1.0,43952268.000000
2,691.0402,562.5441,0.04117647,1.0,43952284.000000
2,691.0402,561.1113,0.039215688,1.0,43952304.000000
2,691.0402,560.0625,0.021568628,1.0,43952328.000000
2,691.0402,557.7975,0.023529414,1.0,43952348.000000
2,691.0402,556.3465,0.025490198,1.0,43952364.000000
2,691.0402,555.4279,0.04509804,1.0,43952428.000000
2,691.0402,554.5525,0.03137255,1.0,43952504.000000
2,691.0402,553.5242,0.029411767,1.0,43952712.000000
2,691.0402,552.56775,0.03137255,1.0,43952924.000000
2,691.0402,551.43024,0.03137255,1.0,43952992.000000
2,691.0402,550.5203,0.021568628,1.0,43953164.000000
2,691.0402,549.4935,0.023529414,1.0,43953264.000000
2,691.0402,548.3684,0.023529414,1.0,43953288.000000
2,691.0402,547.53143,0.023529414,1.0,43953484.000000
2,691.0402,546.546,0.023529414,1.0,43953624.000000
2,691.0402,545.56775,0.023529414,1.0,43954952.000000
2,691.0402,544.3056,0.029411767,1.0,43954984.000000
2,691.0402,543.5603,0.029411767,1.0,43955152.000000
2,691.0402,542.5121,0.023529414,1.0,43955280.000000
2,689.8112,542.5761,0.025490198,1.0,43955304.000000
2,690.0416,541.4902,0.023529414,1.0,43955412.000000
2,690.0416,540.0326,0.03137255,1.0,43955512.000000
2,690.0416,538.34845,0.029411767,1.0,43955544.000000
2,690.0416,537.43665,0.03137255,1.0,43955564.000000
2,690.0416,536.2348,0.029411767,1.0,43955608.000000
2,690.0416,534.0827,0.029411767,1.0,43955624.000000
2,690.0416,533.51807,0.04117647,1.0,43955692.000000
2,690.0416,530.38025,0.039215688,1.0,43955720.000000
2,690.0416,528.9504,0.04117647,1.0,43955744.000000
2,689.043,526.08057,0.037254903,1.0,43955768.000000
2,689.043,524.6478,0.037254903,1.0,43955784.000000
2,689.043,523.20917,0.03529412,1.0,43955816.000000
2,689.043,520.34827,0.033333335,1.0,43955832.000000
2,689.043,519.0945,0.03529412,1.0,43955848.000000
2,690.05133,520.603,0.003921569,1.0,43955888.000000
1,690.05133,520.603,0.003921569,1.0,43955900.000000
0,581.1928,632.50586,0.027450982,1.0,43956400.000000
2,581.1928,630.1452,0.027450982,1.0,43956440.000000
2,581.1928,629.00854,0.04117647,1.0,43956460.000000
2,581.1928,626.4437,0.050980397,1.0,43956500.000000
2,581.1928,623.5199,0.050980397,1.0,43956520.000000
2,582.11584,619.74274,0.050980397,1.0,43956540.000000
2,584.9246,614.04626,0.05294118,1.0,43956560.000000
2,590.6741,598.29645,0.043137256,1.0,43956584.000000
2,594.5347,592.816,0.04509804,1.0,43956604.000000
2,598.45306,586.0684,0.05294118,1.0,43956620.000000
2,601.16504,580.5464,0.049019612,1.0,43956640.000000
2,604.15076,574.58167,0.050980397,1.0,43956664.000000
2,608.0317,568.6795,0.04509804,1.0,43956680.000000
2,609.46356,567.2468,0.04509804,1.0,43956700.000000
2,609.89294,565.818,0.04509804,1.0,43956720.000000
2,610.1526,564.38043,0.049019612,1.0,43956744.000000
2,611.76624,562.9443,0.043137256,1.0,43956768.000000
2,614.6363,560.0725,0.043137256,1.0,43956780.000000
2,616.0702,557.6385,0.04705883,1.0,43956800.000000
2,617.4884,556.2194,0.04705883,1.0,43956824.000000
2,618.91095,554.796,0.04705883,1.0,43956840.000000
2,620.3363,553.3698,0.05294118,1.0,43956868.000000
2,623.21185,550.4925,0.04705883,1.0,43956888.000000
2,623.1345,549.12006,0.04705883,1.0,43956904.000000
2,624.4893,548.2151,0.04705883,1.0,43956940.000000
2,624.1332,546.3036,0.04705883,1.0,43956960.000000
2,625.1318,544.8622,0.04705883,1.0,43956984.000000
2,626.2761,543.42944,0.04705883,1.0,43957000.000000
2,626.7114,541.99475,0.04705883,1.0,43957016.000000
2,627.129,540.5561,0.04705883,1.0,43957044.000000
2,628.1276,538.0796,0.037254903,1.0,43957060.000000
2,628.8804,536.82684,0.037254903,1.0,43957100.000000
2,630.3165,535.3898,0.043137256,1.0,43957120.000000
2,631.6228,534.0827,0.049019612,1.0,43957140.000000
2,632.28455,533.42053,0.049019612,1.0,43957160.000000
2,633.12067,531.6611,0.049019612,1.0,43957180.000000
2,633.12067,530.2172,0.049019612,1.0,43957200.000000
2,634.11926,529.3619,0.049019612,1.0,43957244.000000
2,634.78644,527.9195,0.049019612,1.0,43957264.000000
2,635.1179,525.0524,0.04705883,1.0,43957288.000000
2,636.0905,523.617,0.05294118,1.0,43957304.000000
2,637.1151,522.18146,0.049019612,1.0,43957320.000000
2,637.9522,520.75494,0.050980397,1.0,43957352.000000
2,638.1138,517.461,0.05294118,1.0,43957380.000000
2,638.1138,515.578,0.049019612,1.0,43957420.000000
2,638.1138,514.14374,0.050980397,1.0,43957444.000000
2,639.43604,511.27643,0.05294118,1.0,43957460.000000
2,639.11237,509.8432,0.054901965,1.0,43957480.000000
2,639.11237,508.406,0.050980397,1.0,43957500.000000
2,639.11237,506.97238,0.054901965,1.0,43957528.000000
2,641.42456,504.29062,0.05294118,1.0,43957560.000000
1,641.42456,504.29062,0.05294118,1.0,43957680.000000
0,625.1318,509.60187,0.054901965,1.0,43988304.000000
2,662.5844,443.93222,0.07450981,1.0,43988372.000000
2,672.52264,434.1917,0.06666667,1.0,43988388.000000
2,682.9001,425.79718,0.060784318,1.0,43988408.000000
2,689.2647,417.60025,0.025490198,1.0,43988472.000000
1,692.53815,406.68228,0.050980397,1.0,43988488.000000
0,100.85992,630.5074,0.04509804,1.0,44252272.000000
2,102.91744,630.5074,0.04705883,1.0,44252340.000000
2,105.123245,630.5074,0.05294118,1.0,44252360.000000
2,106.95492,630.5074,0.050980397,1.0,44252376.000000
2,109.41575,630.5074,0.0627451,1.0,44252396.000000
2,110.87897,630.5074,0.0627451,1.0,44252416.000000
2,112.34857,630.5074,0.0627451,1.0,44252432.000000
2,113.82073,630.5074,0.060784318,1.0,44252456.000000
2,115.94002,630.5074,0.07450981,1.0,44252540.000000
2,115.83911,631.6218,0.07450981,1.0,44252560.000000
1,115.83911,631.6218,0.07450981,1.0,44252948.000000
0,110.84605,625.5113,0.04117647,1.0,44253844.000000
2,114.57818,626.51056,0.054901965,1.0,44253952.000000
2,118.83495,628.0094,0.05686275,1.0,44254056.000000
2,119.84747,628.5229,0.050980397,1.0,44254176.000000
1,119.84747,628.5229,0.050980397,1.0,44254240.000000
0,621.1373,551.5691,0.054901965,1.0,44364376.000000
2,623.0998,551.5691,0.05686275,1.0,44364436.000000
2,626.93726,545.05426,0.050980397,1.0,44364452.000000
2,628.4915,536.39465,0.054901965,1.0,44364472.000000
2,631.78845,529.4215,0.054901965,1.0,44364496.000000
2,633.4146,522.1203,0.05686275,1.0,44364524.000000
2,634.11926,510.12762,0.05686275,1.0,44364548.000000
2,634.11926,507.9054,0.05686275,1.0,44364564.000000
2,634.11926,507.10382,0.05686275,1.0,44364584.000000
2,635.1179,509.94125,0.058823533,1.0,44364856.000000
2,635.6856,511.73715,0.05294118,1.0,44364876.000000
2,636.1165,514.6748,0.054901965,1.0,44364896.000000
2,636.62177,517.60754,0.054901965,1.0,44364920.000000
2,639.56067,523.48895,0.05686275,1.0,44364940.000000
2,640.11096,526.4055,0.058823533,1.0,44364956.000000
2,641.4825,529.3333,0.058823533,1.0,44364976.000000
2,642.1082,532.2941,0.04705883,1.0,44364996.000000
2,643.1068,534.90326,0.04705883,1.0,44365020.000000
2,643.1068,537.83026,0.04509804,1.0,44365036.000000
2,643.1068,539.77826,0.04705883,1.0,44365072.000000
2,643.7588,541.2301,0.04705883,1.0,44365096.000000
2,644.60474,542.07654,0.05686275,1.0,44365116.000000
2,645.34033,542.8125,0.05686275,1.0,44365136.000000
2,646.15247,542.5761,0.04705883,1.0,44365216.000000
1,646.15247,542.5761,0.04705883,1.0,44365236.000000
0,581.1928,647.49414,0.04117647,1.0,44492780.000000
2,581.1928,646.31744,0.043137256,1.0,44492804.000000
2,581.1928,643.8911,0.04509804,1.0,44492824.000000
2,581.1928,640.0,0.043137256,1.0,44492844.000000
2,582.3292,635.08984,0.054901965,1.0,44492860.000000
2,584.8157,631.56476,0.05294118,1.0,44492884.000000
2,588.94464,624.98645,0.05686275,1.0,44492900.000000
2,591.90784,619.0566,0.05686275,1.0,44492928.000000
2,598.72,607.42255,0.054901965,1.0,44492948.000000
2,600.8787,601.6768,0.05294118,1.0,44492972.000000
2,603.3405,595.6424,0.0627451,1.0,44492988.000000
2,606.0609,589.6367,0.05686275,1.0,44493008.000000
2,609.3317,584.27655,0.06666667,1.0,44493024.000000
2,612.8108,579.8851,0.07058824,1.0,44493040.000000
2,616.1983,576.4955,0.058823533,1.0,44493068.000000
2,622.0074,567.7495,0.05686275,1.0,44493084.000000
2,624.9148,564.77606,0.05686275,1.0,44493104.000000
2,627.8371,561.852,0.05686275,1.0,44493136.000000
2,629.90344,557.7859,0.060784318,1.0,44493152.000000
2,631.1235,556.32684,0.054901965,1.0,44493168.000000
2,631.8184,554.8706,0.054901965,1.0,44493184.000000
2,633.2773,553.41077,0.05686275,1.0,44493204.000000
2,635.1827,551.5043,0.060784318,1.0,44493228.000000
2,636.61584,550.0703,0.05686275,1.0,44493240.000000
2,636.1165,548.58966,0.05686275,1.0,44493260.000000
2,636.1165,548.0718,0.058823533,1.0,44493280.000000
2,637.0136,547.5722,0.058823533,1.0,44493300.000000
2,638.1138,546.2158,0.058823533,1.0,44493324.000000
2,640.3704,543.3157,0.068627454,1.0,44493344.000000
2,640.11096,541.8513,0.060784318,1.0,44493360.000000
2,640.11096,540.3773,0.058823533,1.0,44493380.000000
2,641.76514,538.92255,0.058823533,1.0,44493408.000000
2,642.1082,537.0055,0.05686275,1.0,44493424.000000
2,642.1082,536.0812,0.05686275,1.0,44493440.000000
2,643.351,535.3372,0.058823533,1.0,44493460.000000
2,643.1068,534.0827,0.05686275,1.0,44493480.000000
2,644.5162,533.1721,0.05686275,1.0,44493504.000000
2,647.417,528.95435,0.05686275,1.0,44493520.000000
2,648.09985,527.42926,0.054901965,1.0,44493604.000000
2,649.59784,525.0897,0.054901965,1.0,44493620.000000
2,650.33167,524.35547,0.05686275,1.0,44493656.000000
2,651.33044,524.59015,0.05294118,1.0,44493704.000000
2,652.153,523.53217,0.05686275,1.0,44493736.000000
2,653.2612,522.4234,0.054901965,1.0,44493800.000000
2,653.09296,520.0936,0.05294118,1.0,44493824.000000
2,654.59546,519.59406,0.05294118,1.0,44493860.000000
2,656.05707,519.59406,0.050980397,1.0,44493880.000000
2,657.5198,518.1622,0.05294118,1.0,44493896.000000
2,657.0874,516.3367,0.05294118,1.0,44493960.000000
2,657.0874,515.24414,0.054901965,1.0,44493984.000000
2,657.0874,514.36304,0.05294118,1.0,44494020.000000
2,657.0874,513.32184,0.05294118,1.0,44494040.000000
2,659.4931,513.59875,0.04705883,1.0,44494104.000000
2,660.5826,513.59875,0.04705883,1.0,44494120.000000
2,661.2439,511.43817,0.04705883,1.0,44494204.000000
2,661.08185,510.57217,0.04509804,1.0,44494240.000000
1,661.08185,510.57217,0.04509804,1.0,44494280.000000
0,203.71707,707.4473,0.039215688,1.0,44590364.000000
2,203.71707,710.62787,0.04509804,1.0,44590432.000000
2,203.08842,712.0732,0.054901965,1.0,44590448.000000
2,200.1765,714.44183,0.058823533,1.0,44590472.000000
2,198.72887,714.44183,0.058823533,1.0,44590492.000000
2,196.81995,716.34705,0.054901965,1.0,44590508.000000
2,194.81494,718.3533,0.054901965,1.0,44590540.000000
2,186.4312,723.74445,0.058823533,1.0,44590568.000000
2,183.52666,725.6515,0.054901965,1.0,44590608.000000
2,182.59877,725.4332,0.05294118,1.0,44590644.000000
2,181.65979,725.4332,0.064705886,1.0,44590744.000000
1,181.65979,725.4332,0.064705886,1.0,44590928.000000
0,222.69072,714.44183,0.039215688,1.0,44595544.000000
2,220.26956,716.4403,0.054901965,1.0,44595660.000000
2,218.82156,716.4403,0.05686275,1.0,44595680.000000
2,216.34718,717.79156,0.04705883,1.0,44595704.000000
2,214.88731,719.2523,0.058823533,1.0,44595728.000000
2,211.96022,723.9252,0.049019612,1.0,44595760.000000
2,209.07916,727.06244,0.049019612,1.0,44595784.000000
2,207.5851,728.55743,0.049019612,1.0,44595808.000000
2,207.71152,729.4536,0.060784318,1.0,44596140.000000
2,205.61473,731.5282,0.060784318,1.0,44596200.000000
2,204.16011,732.9837,0.07450981,1.0,44596232.000000
2,201.26807,734.8783,0.07450981,1.0,44596248.000000
2,199.81361,735.4255,0.07254902,1.0,44596268.000000
2,199.2233,735.4255,0.07058824,1.0,44596280.000000
2,198.65907,735.4255,0.07254902,1.0,44596304.000000
2,197.3707,735.4255,0.07450981,1.0,44596340.000000
2,196.69841,735.4255,0.07450981,1.0,44596380.000000
1,196.69841,735.4255,0.07450981,1.0,44596648.000000
0,544.24414,471.63153,0.049019612,1.0,44981008.000000
2,545.43774,472.8259,0.054901965,1.0,44981048.000000
2,547.0656,478.10272,0.05294118,1.0,44981064.000000
2,547.2399,485.0082,0.049019612,1.0,44981084.000000
2,545.0904,507.67108,0.05294118,1.0,44981108.000000
2,543.638,514.0263,0.04705883,1.0,44981128.000000
2,543.2455,519.81995,0.05294118,1.0,44981144.000000
2,543.2455,522.5918,0.050980397,1.0,44981168.000000
2,543.2455,524.53723,0.05294118,1.0,44981192.000000
2,543.2455,527.42847,0.054901965,1.0,44981208.000000
2,543.2455,528.8727,0.05294118,1.0,44981224.000000
2,544.4133,529.58624,0.049019612,1.0,44981272.000000
2,545.4217,531.7638,0.04509804,1.0,44981304.000000
2,546.21796,533.55975,0.04509804,1.0,44981328.000000
2,546.24133,535.01526,0.043137256,1.0,44981344.000000
1,546.24133,535.01526,0.043137256,1.0,44981368.000000
0,528.2663,205.83919,0.039215688,1.0,84889288.000000
2,529.27185,206.8454,0.039215688,1.0,84889376.000000
1,529.27185,206.8454,0.039215688,1.0,84889400.000000
0,453.37033,376.7057,0.058823533,1.0,84897952.000000
2,452.12775,376.7057,0.054901965,1.0,84898008.000000
1,452.12775,376.7057,0.054901965,1.0,84898064.000000
0,214.70181,551.5691,0.058823533,1.0,1760044.000000
2,206.82167,562.34283,0.068627454,1.0,1760240.000000
2,195.72816,578.3646,0.05686275,1.0,1760437.000000
2,195.72816,580.8028,0.04509804,1.0,1760640.000000
2,195.72816,604.5448,0.060784318,1.0,1760837.000000
1,195.72816,609.7034,0.058823533,1.0,1761039.000000
0,684.0499,666.4793,0.037254903,1.0,1979471.000000
2,682.05273,639.91833,0.04117647,1.0,1979668.000000
2,683.05133,603.3249,0.037254903,1.0,1979867.000000
2,683.05133,591.4038,0.039215688,1.0,1980064.000000
2,683.05133,585.304,0.039215688,1.0,1980263.000000
2,683.05133,579.0476,0.037254903,1.0,1980460.000000
2,683.05133,573.7388,0.04509804,1.0,1980660.000000
2,683.05133,568.5325,0.04117647,1.0,1980859.000000
2,683.05133,566.55615,0.04117647,1.0,1982058.000000
2,683.05133,564.56683,0.043137256,1.0,1983059.000000
2,683.05133,556.3264,0.039215688,1.0,1983257.000000
2,683.05133,554.4918,0.039215688,1.0,1983457.000000
2,683.05133,551.4666,0.039215688,1.0,1983656.000000
2,683.05133,549.5109,0.039215688,1.0,1983856.000000
2,683.05133,545.33527,0.050980397,1.0,1984056.000000
2,683.05133,542.43274,0.049019612,1.0,1984256.000000
2,683.05133,540.558,0.037254903,1.0,1984456.000000
2,683.05133,538.4895,0.039215688,1.0,1984666.000000
2,683.05133,527.3471,0.04117647,1.0,1984862.000000
2,685.0486,512.5411,0.04117647,1.0,1985056.000000
2,686.0472,506.5018,0.04117647,1.0,1985261.000000
2,685.0486,490.45694,0.027450982,1.0,1985454.000000
2,686.0472,477.70026,0.043137256,1.0,1985658.000000
2,687.0458,463.36844,0.04117647,1.0,1985857.000000
2,688.0444,419.58105,0.043137256,1.0,1986053.000000
2,688.0444,409.60327,0.04509804,1.0,1986255.000000
2,688.0444,404.0071,0.043137256,1.0,1986453.000000
2,689.0983,396.63477,0.01764706,1.0,1986652.000000
2,690.1055,392.62927,0.01764706,1.0,1986852.000000
2,690.0416,381.707,0.033333335,1.0,1987052.000000
2,689.043,386.49106,0.037254903,1.0,1987252.000000
2,688.0444,386.12152,0.04509804,1.0,1987451.000000
2,694.0361,315.18494,0.025490198,1.0,1987651.000000
2,695.03467,309.41156,0.027450982,1.0,1987851.000000
1,695.03467,307.6029,0.029411767,1.0,1988056.000000
0,641.10956,652.49023,0.03137255,1.0,2264801.000000
2,641.10956,649.245,0.04509804,1.0,2264852.000000
2,642.8845,643.3879,0.04509804,1.0,2264882.000000
2,647.78265,622.0552,0.049019612,1.0,2264900.000000
2,649.25775,606.7719,0.049019612,1.0,2264925.000000
2,650.29254,591.9611,0.054901965,1.0,2264938.000000
2,652.15436,576.9477,0.05686275,1.0,2264955.000000
2,653.6146,561.8149,0.05294118,1.0,2264972.000000
2,655.06415,548.7794,0.049019612,1.0,2264987.000000
2,656.52936,538.4915,0.05294118,1.0,2265004.000000
2,660.8959,529.14526,0.04117647,1.0,2265023.000000
2,662.4582,521.7011,0.04117647,1.0,2265036.000000
2,663.9113,515.4305,0.04117647,1.0,2265054.000000
2,665.3737,509.41064,0.04509804,1.0,2265073.000000
2,665.8332,505.33133,0.04509804,1.0,2265087.000000
2,666.0749,502.18295,0.04509804,1.0,2265102.000000
2,666.0749,501.10852,0.04705883,1.0,2265124.000000
2,666.0749,500.53967,0.04705883,1.0,2265131.000000
2,667.07355,500.0121,0.04509804,1.0,2265152.000000
2,667.07355,499.11008,0.04509804,1.0,2265169.000000
2,667.07355,498.35336,0.04705883,1.0,2265186.000000
1,667.07355,498.35336,0.04705883,1.0,2265192.000000
0,620.13873,395.69086,0.04509804,1.0,82482704.000000
2,580.5698,512.71875,0.05294118,1.0,82482896.000000
1,581.1928,535.0819,0.049019612,1.0,82483096.000000
0,517.28156,461.63934,0.05686275,1.0,82573192.000000
2,517.6256,473.69724,0.050980397,1.0,82573384.000000
2,503.301,696.4559,0.043137256,1.0,82573584.000000
1,464.35507,559.56287,0.039215688,1.0,82573792.000000
0,192.73232,747.4161,0.058823533,1.0,82781376.000000
2,194.94391,747.4161,0.08039216,1.0,82781584.000000
2,157.02895,716.311,0.17450981,1.0,82781784.000000
2,115.19496,658.1957,0.14901961,1.0,82781976.000000
2,103.85576,641.18195,0.13529412,1.0,82782176.000000
2,97.86408,634.48975,0.11960785,1.0,82782376.000000
2,97.86408,633.4182,0.11960785,1.0,82782576.000000
2,97.86408,630.43774,0.1254902,1.0,82782776.000000
2,97.86408,627.6627,0.121568635,1.0,82782976.000000
2,96.86546,624.01245,0.12352942,1.0,82783176.000000
2,93.86963,620.48456,0.11960785,1.0,82783376.000000
2,93.86963,619.50885,0.10196079,1.0,82784376.000000
2,93.86963,618.50977,0.121568635,1.0,82785624.000000
2,93.86963,619.5524,0.121568635,1.0,82785704.000000
2,93.86963,620.6319,0.12352942,1.0,82785768.000000
2,89.841194,623.5355,0.11960785,1.0,82785976.000000
2,85.47664,627.9141,0.12941177,1.0,82785992.000000
1,85.47664,627.9141,0.12941177,1.0,82786008.000000
0,557.2261,612.5215,0.058823533,1.0,82994504.000000
2,621.4906,431.92776,0.05294118,1.0,82994576.000000
1,621.4906,431.92776,0.05294118,1.0,82994584.000000
0,416.42163,734.4262,0.03529412,1.0,34386692.000000
2,413.829,737.21277,0.03529412,1.0,34386712.000000
2,412.3726,743.6924,0.04117647,1.0,34386724.000000
1,412.3726,743.6924,0.04117647,1.0,34386732.000000
0,186.74065,476.62762,0.05686275,1.0,34555716.000000
2,185.68317,479.6842,0.07450981,1.0,34555920.000000
1,185.68317,479.6842,0.07450981,1.0,34556696.000000
0,563.2178,294.7697,0.04705883,1.0,34558372.000000
2,564.2164,296.3852,0.04509804,1.0,34558404.000000
2,564.2164,297.82324,0.050980397,1.0,34558424.000000
2,562.86163,297.76736,0.04509804,1.0,34558452.000000
1,562.86163,297.76736,0.04509804,1.0,34558480.000000
0,504.2996,562.5605,0.039215688,1.0,37044860.000000
2,487.7817,628.4274,0.04509804,1.0,37045040.000000
2,491.31763,660.56604,0.05294118,1.0,37045240.000000
2,504.8606,675.0344,0.04509804,1.0,37045440.000000
2,515.3318,679.4692,0.05686275,1.0,37045632.000000
2,513.7864,681.96716,0.03529412,1.0,37046036.000000
2,509.9413,684.8154,0.049019612,1.0,37046232.000000
1,508.98627,684.4653,0.049019612,1.0,37046432.000000
0,359.5007,616.5184,0.04509804,1.0,3361425.000000
2,363.40054,619.4687,0.0627451,1.0,3361625.000000
2,375.47852,626.59875,0.05686275,1.0,3361826.000000
1,375.47852,629.8533,0.07450981,1.0,3362027.000000
0,484.32733,213.83295,0.039215688,1.0,55324128.000000
2,484.32733,216.00085,0.049019612,1.0,55324144.000000
2,484.32733,217.44968,0.04117647,1.0,55324160.000000
2,483.2643,219.9572,0.049019612,1.0,55324184.000000
1,483.2643,219.9572,0.049019612,1.0,55324200.000000
0,19.972261,169.8673,0.033333335,1.0,55354016.000000
2,17.675793,170.86652,0.03137255,1.0,55354040.000000
2,16.973705,171.86844,0.03137255,1.0,55354112.000000
2,16.976421,170.40897,0.013725491,1.0,55354124.000000
1,16.976421,170.40897,0.013725491,1.0,55354152.000000
0,680.0555,661.4832,0.03529412,1.0,55762912.000000
2,679.2117,637.5719,0.039215688,1.0,55763112.000000
2,694.0361,564.1281,0.019607844,1.0,55763308.000000
1,696.3866,539.1638,0.029411767,1.0,55763516.000000
