0,436.0,280.0,0.13725491,0.075,42715844.000000
2,428.0,317.0,0.13725491,0.0625,42716024.000000
2,401.0,470.0,0.13725491,0.05,42716192.000000
1,384.0,592.0,0.04705883,0.0125,42716344.000000
0,416.0,322.0,0.09019608,0.025,42716992.000000
2,410.0,361.0,0.09019608,0.0625,42717160.000000
2,398.0,466.0,0.09019608,0.05,42717312.000000
1,333.0,689.0,0.09019608,0.0125,42717480.000000
0,364.0,560.0,0.11764707,0.0625,42723992.000000
2,363.0,543.0,0.11764707,0.075,42724156.000000
2,366.0,505.0,0.16078432,0.0875,42724320.000000
2,366.0,493.0,0.16078432,0.0875,42724480.000000
2,369.0,482.0,0.16078432,0.1,42724656.000000
2,370.0,478.0,0.16078432,0.1,42724804.000000
1,370.0,478.0,0.07058824,0.025,42724984.000000
0,320.0,491.0,0.12941177,0.0625,42737052.000000
2,308.0,533.0,0.12941177,0.0625,42737216.000000
1,253.0,720.0,0.078431375,0.05,42737400.000000
0,333.0,466.0,0.10196079,0.0625,42744492.000000
2,332.0,487.0,0.14509805,0.0875,42744648.000000
2,333.0,506.0,0.14509805,0.075,42744812.000000
2,333.0,514.0,0.14509805,0.0875,42744972.000000
2,331.0,525.0,0.14509805,0.075,42745136.000000
2,330.0,537.0,0.14509805,0.0625,42745288.000000
2,330.0,546.0,0.14509805,0.075,42745452.000000
2,329.0,559.0,0.14509805,0.075,42745616.000000
2,328.0,574.0,0.14509805,0.0625,42745776.000000
2,326.0,592.0,0.14509805,0.0625,42745936.000000
2,322.0,610.0,0.14509805,0.05,42746100.000000
2,319.0,623.0,0.14509805,0.075,42746260.000000
2,314.0,642.0,0.10196079,0.05,42746424.000000
2,313.0,651.0,0.10196079,0.05,42746580.000000
1,311.0,657.0,0.10196079,0.025,42746740.000000
0,284.0,695.0,0.10980393,0.0625,42752868.000000
2,288.0,684.0,0.15294118,0.0875,42753056.000000
2,295.0,667.0,0.15294118,0.075,42753192.000000
2,300.0,652.0,0.15294118,0.075,42753352.000000
2,304.0,638.0,0.15294118,0.075,42753512.000000
2,307.0,627.0,0.15294118,0.05,42753672.000000
2,309.0,620.0,0.15294118,0.0625,42753832.000000
2,310.0,614.0,0.15294118,0.075,42753996.000000
2,310.0,612.0,0.15294118,0.05,42754320.000000
2,310.0,613.0,0.15294118,0.05,42754480.000000
2,310.0,615.0,0.15294118,0.05,42754640.000000
1,310.0,615.0,0.15294118,0.05,42754816.000000
0,266.0,666.0,0.121568635,0.05,42778216.000000
2,273.0,654.0,0.16470589,0.1,42778528.000000
2,283.0,641.0,0.16470589,0.1,42778684.000000
2,292.0,629.0,0.16470589,0.0875,42778844.000000
2,300.0,615.0,0.16470589,0.0625,42779008.000000
2,304.0,606.0,0.16470589,0.1,42779164.000000
2,311.0,594.0,0.16470589,0.0875,42779328.000000
2,315.0,586.0,0.16470589,0.112500004,42779488.000000
2,326.0,566.0,0.16470589,0.1,42779652.000000
2,333.0,555.0,0.16470589,0.1,42779816.000000
2,346.0,531.0,0.16470589,0.075,42779976.000000
2,358.0,512.0,0.16470589,0.0875,42780132.000000
2,375.0,495.0,0.16470589,0.0875,42780296.000000
2,387.0,478.0,0.16470589,0.075,42780456.000000
1,391.0,473.0,0.121568635,0.0625,42780632.000000
0,324.0,618.0,0.121568635,0.0625,42789808.000000
2,335.0,598.0,0.16862746,0.1,42789964.000000
2,364.0,547.0,0.16862746,0.1,42790124.000000
2,380.0,525.0,0.16862746,0.0875,42790288.000000
2,385.0,519.0,0.16862746,0.075,42790452.000000
1,386.0,517.0,0.058823533,0.025,42790624.000000
0,343.0,302.0,0.16078432,0.0625,42796080.000000
2,342.0,314.0,0.16078432,0.075,42796240.000000
2,337.0,358.0,0.16078432,0.0625,42796400.000000
2,336.0,422.0,0.1137255,0.05,42796568.000000
1,335.0,442.0,0.054901965,0.025,42796724.000000
0,353.0,306.0,0.13333334,0.0625,42810768.000000
2,368.0,269.0,0.13333334,0.075,42810904.000000
2,389.0,233.0,0.13333334,0.0625,42811084.000000
1,425.0,168.0,0.09019608,0.0625,42811252.000000
0,92.0,274.0,0.10980393,0.05,42838356.000000
2,97.0,296.0,0.10980393,0.075,42838520.000000
2,106.0,352.0,0.10980393,0.075,42838680.000000
2,120.0,432.0,0.10980393,0.05,42838844.000000
2,124.0,488.0,0.10980393,0.075,42839000.000000
1,126.0,529.0,0.058823533,0.05,42839160.000000
0,100.0,319.0,0.14509805,0.0875,42843508.000000
2,105.0,335.0,0.14509805,0.0875,42843664.000000
2,117.0,429.0,0.14509805,0.05,42843840.000000
1,130.0,619.0,0.09019608,0.05,42844008.000000
0,115.0,578.0,0.12941177,0.05,42844660.000000
2,108.0,541.0,0.12941177,0.075,42844808.000000
2,88.0,469.0,0.12941177,0.0625,42844976.000000
1,15.0,327.0,0.03137255,0.0125,42845144.000000
0,17.0,233.0,0.10196079,0.0625,42882140.000000
2,24.0,246.0,0.10196079,0.0625,42882304.000000
2,38.0,382.0,0.10196079,0.05,42882468.000000
2,45.0,476.0,0.10196079,0.05,42882632.000000
1,50.0,551.0,0.10196079,0.0375,42882804.000000
0,68.0,256.0,0.16470589,0.1,42888776.000000
2,73.0,274.0,0.16470589,0.075,42888940.000000
2,81.0,318.0,0.121568635,0.075,42889096.000000
2,93.0,384.0,0.121568635,0.0625,42889280.000000
2,94.0,391.0,0.16862746,0.112500004,42889428.000000
2,93.0,388.0,0.16862746,0.1,42889588.000000
2,92.0,388.0,0.16862746,0.1,42889760.000000
2,89.0,380.0,0.16862746,0.075,42889912.000000
2,83.0,364.0,0.16862746,0.1,42890068.000000
2,70.0,339.0,0.16862746,0.0875,42890228.000000
2,51.0,313.0,0.16862746,0.0625,42890388.000000
1,16.0,276.0,0.06666667,0.025,42890584.000000
0,83.0,229.0,0.1764706,0.112500004,42893640.000000
2,87.0,244.0,0.1764706,0.075,42893960.000000
2,89.0,258.0,0.13333334,0.05,42894104.000000
2,100.0,353.0,0.13333334,0.075,42894264.000000
1,105.0,419.0,0.0627451,0.025,42894448.000000
0,86.0,203.0,0.16862746,0.075,42894592.000000
2,90.0,250.0,0.1254902,0.05,42894760.000000
2,104.0,339.0,0.1254902,0.0625,42894912.000000
1,108.0,386.0,0.0627451,0.025,42895096.000000
0,390.0,261.0,0.17254902,0.0625,42944064.000000
2,390.0,280.0,0.17254902,0.075,42944232.000000
2,385.0,340.0,0.12941177,0.05,42944384.000000
2,375.0,427.0,0.12941177,0.075,42944548.000000
1,360.0,513.0,0.0627451,0.025,42944756.000000
0,68.0,320.0,0.12941177,0.075,42987472.000000
2,69.0,332.0,0.12941177,0.0625,42987648.000000
2,70.0,396.0,0.12941177,0.05,42987792.000000
2,69.0,427.0,0.12941177,0.05,42987960.000000
1,69.0,442.0,0.12941177,0.05,42988136.000000
0,78.0,353.0,0.12941177,0.05,42991208.000000
2,70.0,304.0,0.12941177,0.0875,42991348.000000
2,44.0,220.0,0.12941177,0.075,42991508.000000
1,30.0,195.0,0.03529412,0.025,42991688.000000
0,61.0,262.0,0.16078432,0.0875,42997004.000000
2,63.0,273.0,0.16078432,0.0625,42997160.000000
1,90.0,401.0,0.11764707,0.05,42997340.000000
0,414.0,206.0,0.14509805,0.075,43057616.000000
2,420.0,225.0,0.18823531,0.1,43057948.000000
2,398.0,339.0,0.18823531,0.0875,43058108.000000
2,398.0,386.0,0.18823531,0.1,43058264.000000
2,397.0,418.0,0.18823531,0.1,43058424.000000
2,397.0,425.0,0.18823531,0.112500004,43058584.000000
2,396.0,429.0,0.18823531,0.1,43058752.000000
2,395.0,429.0,0.18823531,0.1,43058912.000000
2,394.0,430.0,0.18823531,0.0875,43059080.000000
2,387.0,392.0,0.18823531,0.0875,43059236.000000
2,387.0,385.0,0.18823531,0.1,43059396.000000
2,387.0,378.0,0.18823531,0.1,43059560.000000
2,387.0,373.0,0.18823531,0.1,43059720.000000
2,387.0,369.0,0.18823531,0.1,43060040.000000
1,387.0,369.0,0.10980393,0.0625,43060224.000000
0,355.0,243.0,0.22352943,0.1,43066332.000000
2,335.0,316.0,0.17254902,0.0875,43066488.000000
2,330.0,361.0,0.17254902,0.0875,43066648.000000
2,329.0,371.0,0.12941177,0.0875,43066812.000000
1,324.0,421.0,0.058823533,0.0125,43066992.000000
0,389.0,246.0,0.19215688,0.1,43099428.000000
2,381.0,267.0,0.19215688,0.1,43099600.000000
2,373.0,310.0,0.19215688,0.0875,43099764.000000
2,372.0,328.0,0.19215688,0.112500004,43099912.000000
2,372.0,331.0,0.19215688,0.112500004,43100092.000000
2,372.0,335.0,0.19215688,0.1,43100236.000000
2,372.0,336.0,0.19215688,0.1,43100396.000000
2,370.0,339.0,0.23529413,0.1,43100564.000000
2,368.0,341.0,0.23529413,0.1,43100720.000000
2,366.0,343.0,0.23529413,0.112500004,43100884.000000
2,363.0,346.0,0.23529413,0.112500004,43101044.000000
2,362.0,348.0,0.23529413,0.112500004,43101208.000000
2,361.0,350.0,0.23529413,0.112500004,43101528.000000
2,361.0,349.0,0.23529413,0.112500004,43101848.000000
2,363.0,347.0,0.23529413,0.1,43102012.000000
2,363.0,346.0,0.23529413,0.112500004,43102176.000000
2,364.0,345.0,0.23529413,0.1,43102340.000000
2,365.0,343.0,0.23529413,0.1,43102820.000000
2,366.0,342.0,0.23529413,0.1,43103308.000000
2,367.0,341.0,0.23529413,0.112500004,43103464.000000
2,368.0,341.0,0.23529413,0.112500004,43103620.000000
2,368.0,340.0,0.23529413,0.112500004,43103792.000000
2,369.0,339.0,0.23529413,0.112500004,43104104.000000
2,369.0,338.0,0.23529413,0.112500004,43104428.000000
2,369.0,337.0,0.23529413,0.112500004,43104592.000000
2,368.0,336.0,0.23529413,0.112500004,43105240.000000
2,363.0,336.0,0.23529413,0.125,43105400.000000
2,359.0,336.0,0.23529413,0.125,43105560.000000
2,356.0,335.0,0.23529413,0.125,43105720.000000
2,354.0,334.0,0.23529413,0.125,43105888.000000
2,353.0,334.0,0.23529413,0.1375,43106048.000000
2,352.0,333.0,0.23529413,0.1375,43106208.000000
2,350.0,333.0,0.23529413,0.125,43106368.000000
2,347.0,331.0,0.23529413,0.125,43106532.000000
2,346.0,331.0,0.23529413,0.125,43106688.000000
2,345.0,331.0,0.23529413,0.125,43106852.000000
2,345.0,331.0,0.23529413,0.0875,43107012.000000
2,349.0,417.0,0.18431373,0.075,43107172.000000
2,349.0,438.0,0.18431373,0.112500004,43107336.000000
2,347.0,438.0,0.18431373,0.1,43107500.000000
2,354.0,421.0,0.18431373,0.1,43107656.000000
2,363.0,402.0,0.18431373,0.1,43107820.000000
2,373.0,386.0,0.18431373,0.0875,43107984.000000
2,381.0,374.0,0.18431373,0.112500004,43108144.000000
2,389.0,360.0,0.18431373,0.1,43108304.000000
2,420.0,324.0,0.18431373,0.0875,43108468.000000
1,459.0,276.0,0.043137256,0.025,43108656.000000
0,75.0,238.0,0.18431373,0.0875,43134952.000000
2,77.0,257.0,0.1254902,0.05,43135108.000000
2,85.0,317.0,0.1254902,0.075,43135276.000000
2,90.0,371.0,0.1254902,0.075,43135448.000000
2,92.0,398.0,0.1254902,0.0625,43135596.000000
2,93.0,404.0,0.16862746,0.075,43135756.000000
2,93.0,405.0,0.16862746,0.112500004,43135924.000000
2,92.0,405.0,0.16862746,0.112500004,43136084.000000
2,91.0,402.0,0.16862746,0.05,43136244.000000
1,91.0,402.0,0.16862746,0.05,43136432.000000
0,53.0,244.0,0.16470589,0.1,43202304.000000
2,50.0,232.0,0.16470589,0.0625,43202464.000000
2,35.0,184.0,0.121568635,0.075,43202624.000000
1,34.0,177.0,0.121568635,0.075,43202808.000000
0,64.0,221.0,0.18039216,0.1,43254716.000000
2,68.0,250.0,0.18039216,0.0875,43254896.000000
1,66.0,376.0,0.06666667,0.025,43255048.000000
0,85.0,321.0,0.16078432,0.0625,43261028.000000
2,70.0,256.0,0.16078432,0.1,43261168.000000
1,51.0,184.0,0.16078432,0.0625,43261352.000000
0,87.0,340.0,0.14509805,0.075,43261496.000000
2,77.0,285.0,0.14509805,0.075,43261652.000000
1,38.0,183.0,0.078431375,0.05,43261832.000000
0,129.0,192.0,0.1764706,0.075,43262316.000000
2,130.0,214.0,0.1764706,0.075,43262464.000000
2,129.0,302.0,0.13333334,0.05,43262636.000000
1,129.0,327.0,0.13333334,0.075,43262804.000000
0,349.0,368.0,0.15686275,0.075,43312752.000000
2,350.0,397.0,0.15686275,0.0875,43312920.000000
2,349.0,446.0,0.15686275,0.0875,43313072.000000
2,348.0,462.0,0.15686275,0.0875,43313240.000000
2,348.0,464.0,0.20000002,0.125,43313404.000000
2,355.0,426.0,0.20000002,0.1,43313556.000000
2,357.0,418.0,0.20000002,0.1,43313724.000000
2,378.0,349.0,0.20000002,0.112500004,43313872.000000
2,354.0,463.0,0.20000002,0.0875,43314040.000000
1,321.0,628.0,0.121568635,0.0625,43314208.000000
0,327.0,534.0,0.14509805,0.075,43317728.000000
2,340.0,491.0,0.18823531,0.1,43317916.000000
2,373.0,376.0,0.18823531,0.1,43318064.000000
2,390.0,341.0,0.18823531,0.112500004,43318232.000000
2,401.0,321.0,0.18823531,0.1,43318400.000000
1,410.0,301.0,0.18823531,0.0875,43318552.000000
0,355.0,386.0,0.20392159,0.1,43319520.000000
2,361.0,373.0,0.20392159,0.0875,43319668.000000
2,374.0,345.0,0.20392159,0.112500004,43319828.000000
2,374.0,345.0,0.20392159,0.112500004,43319988.000000
1,454.0,196.0,0.0627451,0.025,43320172.000000
0,373.0,376.0,0.21176472,0.112500004,43320312.000000
2,396.0,299.0,0.21176472,0.1,43320476.000000
1,462.0,174.0,0.04705883,0.025,43320660.000000
0,399.0,308.0,0.14117648,0.075,43390360.000000
2,403.0,293.0,0.14117648,0.075,43390512.000000
2,432.0,248.0,0.14117648,0.075,43390664.000000
1,441.0,234.0,0.14117648,0.0625,43390828.000000
0,391.0,259.0,0.1137255,0.0625,43403828.000000
2,391.0,274.0,0.1137255,0.075,43404008.000000
1,370.0,392.0,0.07058824,0.025,43404168.000000
0,372.0,329.0,0.17254902,0.1,43405792.000000
2,375.0,402.0,0.17254902,0.075,43405936.000000
2,367.0,476.0,0.17254902,0.075,43406104.000000
2,361.0,515.0,0.17254902,0.075,43406256.000000
2,357.0,526.0,0.17254902,0.0625,43406424.000000
2,355.0,527.0,0.17254902,0.075,43406584.000000
2,354.0,528.0,0.17254902,0.075,43406740.000000
2,353.0,527.0,0.17254902,0.075,43406904.000000
2,353.0,525.0,0.17254902,0.0875,43407064.000000
2,355.0,521.0,0.17254902,0.0875,43407232.000000
2,356.0,516.0,0.17254902,0.0875,43407384.000000
1,355.0,515.0,0.17254902,0.0875,43407560.000000
0,309.0,649.0,0.09411766,0.05,43414004.000000
2,310.0,637.0,0.09411766,0.0625,43414176.000000
2,311.0,619.0,0.13725491,0.075,43414328.000000
2,312.0,609.0,0.13725491,0.0875,43414492.000000
2,310.0,591.0,0.13725491,0.0625,43414648.000000
1,337.0,426.0,0.07450981,0.025,43414844.000000
0,386.0,279.0,0.13725491,0.075,43416588.000000
2,382.0,310.0,0.18039216,0.1,43416748.000000
2,380.0,329.0,0.18039216,0.1,43416908.000000
1,380.0,330.0,0.18039216,0.1,43417084.000000
0,384.0,171.0,0.15294118,0.075,43564764.000000
2,376.0,202.0,0.15294118,0.0875,43564916.000000
2,365.0,255.0,0.15294118,0.05,43565064.000000
2,356.0,299.0,0.15294118,0.05,43565232.000000
2,344.0,361.0,0.15294118,0.075,43565388.000000
1,343.0,372.0,0.15294118,0.0875,43565552.000000
0,320.0,287.0,0.14509805,0.075,43588680.000000
2,323.0,305.0,0.14509805,0.0875,43588848.000000
2,333.0,355.0,0.14509805,0.0875,43589016.000000
2,337.0,381.0,0.14509805,0.075,43589160.000000
2,340.0,387.0,0.19215688,0.0875,43589324.000000
2,376.0,326.0,0.19215688,0.112500004,43589484.000000
2,393.0,297.0,0.19215688,0.112500004,43589644.000000
1,401.0,286.0,0.08627451,0.05,43589832.000000
0,370.0,212.0,0.17254902,0.1,43595312.000000
2,366.0,250.0,0.17254902,0.1,43595484.000000
2,353.0,295.0,0.17254902,0.0625,43595632.000000
1,351.0,301.0,0.17254902,0.0625,43595816.000000
0,313.0,581.0,0.14117648,0.075,43608396.000000
2,343.0,485.0,0.18431373,0.125,43608536.000000
2,365.0,434.0,0.18431373,0.0875,43608696.000000
1,376.0,423.0,0.098039225,0.0625,43608884.000000
0,284.0,572.0,0.11764707,0.075,43610496.000000
2,290.0,612.0,0.11764707,0.075,43610652.000000
2,291.0,676.0,0.11764707,0.0625,43610796.000000
1,293.0,691.0,0.11764707,0.0375,43610976.000000
0,402.0,195.0,0.1764706,0.075,43624896.000000
2,388.0,243.0,0.1764706,0.075,43625064.000000
2,353.0,362.0,0.13333334,0.075,43625216.000000
2,347.0,422.0,0.13333334,0.0625,43625380.000000
2,348.0,437.0,0.13333334,0.05,43625540.000000
2,348.0,438.0,0.13333334,0.0625,43625704.000000
1,348.0,438.0,0.13333334,0.0625,43625880.000000
0,418.0,274.0,0.14117648,0.075,43628304.000000
2,403.0,258.0,0.14117648,0.0875,43628456.000000
2,406.0,210.0,0.18431373,0.0875,43628616.000000
2,406.0,195.0,0.18431373,0.1,43628772.000000
1,406.0,188.0,0.13725491,0.05,43628940.000000
0,417.0,140.0,0.13725491,0.075,43649960.000000
2,423.0,129.0,0.13725491,0.0625,43650096.000000
2,430.0,120.0,0.13725491,0.075,43650260.000000
2,436.0,112.0,0.13725491,0.0625,43650448.000000
2,431.0,126.0,0.13725491,0.0625,43650580.000000
2,415.0,173.0,0.13725491,0.0625,43650748.000000
2,391.0,225.0,0.13725491,0.0625,43650896.000000
2,389.0,236.0,0.13725491,0.0625,43651072.000000
2,382.0,276.0,0.13725491,0.075,43651220.000000
2,379.0,283.0,0.13725491,0.1,43651388.000000
2,378.0,281.0,0.13725491,0.0875,43651544.000000
2,382.0,264.0,0.13725491,0.075,43651716.000000
2,387.0,249.0,0.13725491,0.0625,43651868.000000
2,389.0,236.0,0.13725491,0.075,43652032.000000
2,390.0,228.0,0.13725491,0.0625,43652196.000000
2,392.0,219.0,0.13725491,0.075,43652352.000000
1,393.0,217.0,0.13725491,0.075,43652536.000000
0,282.0,685.0,0.11764707,0.0625,54939760.000000
2,279.0,619.0,0.11764707,0.075,54939928.000000
1,309.0,491.0,0.07450981,0.0375,54940108.000000
0,283.0,634.0,0.098039225,0.05,54940744.000000
2,288.0,611.0,0.098039225,0.0875,54940928.000000
1,330.0,484.0,0.07450981,0.025,54941092.000000
0,96.0,574.0,0.14509805,0.0625,54948664.000000
2,112.0,587.0,0.18823531,0.0875,54948836.000000
2,176.0,601.0,0.18823531,0.112500004,54948988.000000
2,233.0,597.0,0.18823531,0.1,54949152.000000
2,273.0,593.0,0.18823531,0.112500004,54949316.000000
2,309.0,587.0,0.18823531,0.0875,54949472.000000
2,337.0,569.0,0.18823531,0.1,54949632.000000
2,338.0,563.0,0.18823531,0.112500004,54949796.000000
2,326.0,563.0,0.18823531,0.1,54949952.000000
2,315.0,559.0,0.18823531,0.1,54950124.000000
2,314.0,557.0,0.18823531,0.1,54950276.000000
2,333.0,555.0,0.18823531,0.0875,54950444.000000
2,394.0,555.0,0.18823531,0.1,54950600.000000
2,415.0,552.0,0.18823531,0.1,54950764.000000
2,420.0,551.0,0.18823531,0.1,54950924.000000
2,424.0,550.0,0.18823531,0.0875,54951088.000000
2,430.0,550.0,0.18823531,0.075,54951248.000000
2,436.0,549.0,0.14117648,0.075,54951408.000000
1,438.0,549.0,0.14117648,0.075,54951576.000000
0,329.0,537.0,0.07450981,0.025,54957224.000000
2,331.0,525.0,0.11764707,0.05,54957392.000000
2,335.0,509.0,0.11764707,0.0625,54957548.000000
2,339.0,487.0,0.11764707,0.0625,54957708.000000
2,342.0,465.0,0.11764707,0.0625,54957876.000000
1,365.0,307.0,0.054901965,0.0125,54958056.000000
0,303.0,530.0,0.09019608,0.05,54958356.000000
2,305.0,513.0,0.09019608,0.05,54958524.000000
2,334.0,424.0,0.13333334,0.0875,54958680.000000
1,336.0,418.0,0.058823533,0.0125,54958844.000000
0,303.0,530.0,0.09019608,0.05,54958356.000000
2,305.0,513.0,0.09019608,0.05,54958524.000000
2,334.0,424.0,0.13333334,0.0875,54958680.000000
1,336.0,418.0,0.058823533,0.0125,54958844.000000
1,279.0,440.0,0.16470589,0.0875,54960124.000000
0,369.0,281.0,0.14509805,0.075,54975460.000000
2,361.0,309.0,0.14509805,0.075,54975620.000000
2,352.0,347.0,0.14509805,0.05,54975788.000000
1,344.0,399.0,0.08235294,0.0125,54975972.000000
0,364.0,323.0,0.1254902,0.0625,54983396.000000
2,368.0,311.0,0.1254902,0.0875,54983572.000000
1,405.0,223.0,0.06666667,0.0125,54983744.000000
0,363.0,319.0,0.14901961,0.075,54985832.000000
2,391.0,264.0,0.14901961,0.075,54985992.000000
1,429.0,194.0,0.09411766,0.025,54986184.000000
0,357.0,283.0,0.09411766,0.05,54988416.000000
2,354.0,295.0,0.14117648,0.075,54988604.000000
2,354.0,307.0,0.14117648,0.075,54988760.000000
2,353.0,351.0,0.14117648,0.0625,54988904.000000
1,350.0,386.0,0.078431375,0.025,54989088.000000
0,375.0,241.0,0.16470589,0.0875,54992468.000000
2,375.0,259.0,0.16470589,0.1,54992628.000000
2,381.0,299.0,0.16470589,0.112500004,54992792.000000
2,403.0,364.0,0.16470589,0.125,54992952.000000
2,372.0,358.0,0.16470589,0.1,54993116.000000
2,369.0,398.0,0.16470589,0.0875,54993276.000000
1,377.0,420.0,0.098039225,0.025,54993472.000000
0,385.0,158.0,0.13333334,0.0625,54993604.000000
2,371.0,237.0,0.13333334,0.0875,54993760.000000
2,359.0,324.0,0.13333334,0.075,54993936.000000
2,355.0,367.0,0.13333334,0.075,54994084.000000
1,350.0,442.0,0.08235294,0.0125,54994272.000000
0,364.0,309.0,0.098039225,0.05,54995708.000000
2,365.0,323.0,0.098039225,0.0625,54995880.000000
2,365.0,339.0,0.098039225,0.0625,54996024.000000
2,365.0,346.0,0.098039225,0.0625,54996192.000000
2,366.0,348.0,0.098039225,0.0625,54996372.000000
2,366.0,349.0,0.098039225,0.075,54996512.000000
2,374.0,340.0,0.098039225,0.05,54996676.000000
2,394.0,310.0,0.098039225,0.0625,54996836.000000
2,423.0,287.0,0.098039225,0.05,54997000.000000
2,439.0,272.0,0.098039225,0.05,54997160.000000
2,453.0,259.0,0.098039225,0.05,54997320.000000
1,462.0,172.0,0.050980397,0.025,54997496.000000
0,353.0,227.0,0.10196079,0.05,55032888.000000
2,363.0,207.0,0.10196079,0.0625,55033048.000000
2,357.0,223.0,0.10196079,0.075,55033212.000000
1,312.0,405.0,0.054901965,0.025,55033396.000000
0,312.0,361.0,0.09019608,0.05,55053116.000000
2,312.0,349.0,0.13725491,0.075,55053276.000000
2,312.0,348.0,0.13725491,0.075,55053448.000000
2,313.0,342.0,0.13725491,0.0875,55053600.000000
2,314.0,339.0,0.18039216,0.0875,55053760.000000
2,314.0,337.0,0.18039216,0.0875,55053920.000000
2,314.0,335.0,0.18039216,0.0875,55054084.000000
2,313.0,334.0,0.18039216,0.1,55054244.000000
2,312.0,333.0,0.18039216,0.0875,55054728.000000
1,312.0,333.0,0.18039216,0.0875,55055376.000000
0,298.0,335.0,0.14509805,0.075,55055888.000000
2,304.0,315.0,0.14509805,0.075,55056020.000000
2,314.0,289.0,0.14509805,0.0875,55056180.000000
2,343.0,249.0,0.14509805,0.0625,55056344.000000
1,386.0,194.0,0.10196079,0.05,55056520.000000
0,403.0,313.0,0.10980393,0.05,55069960.000000
2,406.0,293.0,0.10980393,0.05,55070112.000000
1,436.0,201.0,0.0627451,0.0375,55070292.000000
0,364.0,284.0,0.11764707,0.0625,55084496.000000
2,376.0,257.0,0.11764707,0.075,55084656.000000
1,404.0,187.0,0.06666667,0.0125,55084848.000000
0,358.0,230.0,0.14509805,0.05,55087104.000000
2,358.0,243.0,0.14509805,0.1,55087280.000000
2,359.0,289.0,0.14509805,0.0625,55087424.000000
2,356.0,353.0,0.14509805,0.0625,55087592.000000
2,357.0,389.0,0.14509805,0.05,55087736.000000
1,355.0,416.0,0.08627451,0.05,55087924.000000
0,351.0,309.0,0.08627451,0.05,55125296.000000
2,358.0,284.0,0.12941177,0.0625,55125464.000000
2,379.0,227.0,0.12941177,0.0625,55125616.000000
1,400.0,192.0,0.078431375,0.025,55125792.000000
0,292.0,262.0,0.11764707,0.0625,55222052.000000
2,310.0,237.0,0.16078432,0.0875,55222184.000000
2,321.0,211.0,0.16078432,0.0875,55222352.000000
2,337.0,171.0,0.16078432,0.0875,55222512.000000
1,339.0,159.0,0.08627451,0.025,55222684.000000
0,420.0,343.0,0.07058824,0.0375,55325148.000000
2,421.0,332.0,0.07058824,0.0375,55325288.000000
2,423.0,326.0,0.07058824,0.0375,55325448.000000
2,429.0,306.0,0.07058824,0.0625,55325612.000000
1,442.0,285.0,0.07058824,0.025,55325800.000000
0,389.0,284.0,0.13725491,0.075,55350016.000000
2,392.0,271.0,0.13725491,0.075,55350160.000000
2,417.0,223.0,0.13725491,0.0625,55350316.000000
2,429.0,203.0,0.13725491,0.075,55350476.000000
2,393.0,294.0,0.13725491,0.0625,55350640.000000
2,383.0,328.0,0.13725491,0.1,55350800.000000
2,377.0,341.0,0.13725491,0.0875,55350960.000000
2,370.0,349.0,0.13725491,0.1,55351140.000000
2,363.0,323.0,0.13725491,0.0875,55351288.000000
2,371.0,300.0,0.13725491,0.0875,55351452.000000
2,389.0,286.0,0.13725491,0.0625,55351616.000000
2,397.0,268.0,0.13725491,0.0625,55351776.000000
2,408.0,251.0,0.13725491,0.075,55351924.000000
2,410.0,243.0,0.13725491,0.0875,55352084.000000
2,423.0,241.0,0.13725491,0.075,55352248.000000
2,428.0,241.0,0.13725491,0.075,55352408.000000
2,430.0,240.0,0.13725491,0.075,55352568.000000
2,431.0,239.0,0.13725491,0.0625,55352728.000000
2,433.0,236.0,0.13725491,0.075,55352904.000000
2,442.0,228.0,0.13725491,0.0625,55353052.000000
2,453.0,211.0,0.13725491,0.0625,55353208.000000
2,465.0,192.0,0.09411766,0.0375,55353372.000000
2,468.0,183.0,0.09411766,0.0375,55353536.000000
2,470.0,179.0,0.09411766,0.0375,55353696.000000
1,470.0,179.0,0.09411766,0.0375,55354180.000000
0,386.0,359.0,0.1137255,0.05,55355636.000000
2,403.0,312.0,0.1137255,0.0625,55355800.000000
1,431.0,252.0,0.043137256,0.0125,55355984.000000
0,435.0,243.0,0.121568635,0.075,55356600.000000
2,441.0,227.0,0.121568635,0.075,55356760.000000
1,477.0,149.0,0.06666667,0.025,55356952.000000
0,19.0,341.0,0.07058824,0.0375,55398720.000000
2,26.0,330.0,0.1137255,0.075,55398896.000000
2,25.0,317.0,0.1137255,0.075,55399068.000000
2,23.0,302.0,0.1137255,0.0625,55399200.000000
2,21.0,295.0,0.1137255,0.0625,55399360.000000
2,19.0,289.0,0.1137255,0.05,55399520.000000
2,16.0,282.0,0.1137255,0.05,55399684.000000
2,14.0,278.0,0.1137255,0.05,55399844.000000
1,13.0,273.0,0.0627451,0.025,55400012.000000
0,68.0,347.0,0.12941177,0.075,55403744.000000
2,55.0,316.0,0.18431373,0.112500004,55403896.000000
2,41.0,265.0,0.18431373,0.075,55404056.000000
1,38.0,258.0,0.054901965,0.025,55404232.000000
0,68.0,347.0,0.12941177,0.075,55403744.000000
2,55.0,316.0,0.18431373,0.112500004,55403896.000000
2,41.0,265.0,0.18431373,0.075,55404056.000000
1,38.0,258.0,0.054901965,0.025,55404232.000000
1,92.0,339.0,0.19607845,0.0875,55404380.000000
0,232.0,654.0,0.16470589,0.0625,14555261.000000
2,235.0,642.0,0.16470589,0.075,14555415.000000
2,235.0,638.0,0.16470589,0.075,14555580.000000
2,246.0,614.0,0.16470589,0.075,14555739.000000
2,250.0,603.0,0.16470589,0.1,14555898.000000
2,256.0,589.0,0.16470589,0.0625,14556060.000000
2,259.0,572.0,0.16470589,0.1,14556220.000000
2,265.0,557.0,0.21176472,0.0875,14556382.000000
2,271.0,546.0,0.21176472,0.1,14556542.000000
2,279.0,533.0,0.21176472,0.1,14556703.000000
1,280.0,530.0,0.21176472,0.1,14556888.000000
0,284.0,486.0,0.12941177,0.0375,14569744.000000
2,268.0,518.0,0.12941177,0.05,14569891.000000
2,257.0,559.0,0.12941177,0.05,14570053.000000
2,254.0,569.0,0.12941177,0.05,14570212.000000
2,250.0,583.0,0.12941177,0.0625,14570373.000000
2,246.0,594.0,0.12941177,0.0625,14570534.000000
2,245.0,603.0,0.12941177,0.075,14570695.000000
2,244.0,609.0,0.12941177,0.075,14570864.000000
2,242.0,613.0,0.12941177,0.075,14571024.000000
2,241.0,616.0,0.12941177,0.075,14571182.000000
2,240.0,617.0,0.17254902,0.075,14571509.000000
2,244.0,611.0,0.17254902,0.075,14571665.000000
2,247.0,605.0,0.17254902,0.0875,14571830.000000
2,250.0,599.0,0.17254902,0.1,14571987.000000
2,251.0,593.0,0.17254902,0.0875,14572150.000000
2,253.0,587.0,0.17254902,0.0625,14572312.000000
2,255.0,579.0,0.17254902,0.0625,14572474.000000
2,256.0,574.0,0.17254902,0.075,14572635.000000
2,257.0,570.0,0.17254902,0.075,14572795.000000
2,257.0,566.0,0.17254902,0.075,14572959.000000
2,257.0,563.0,0.17254902,0.075,14573119.000000
1,256.0,563.0,0.08627451,0.025,14573296.000000
0,259.0,632.0,0.15294118,0.05,14577649.000000
2,289.0,557.0,0.20000002,0.075,14577803.000000
1,303.0,526.0,0.20000002,0.0625,14577976.000000
0,350.0,340.0,0.10196079,0.025,14658119.000000
2,359.0,307.0,0.14509805,0.0625,14658276.000000
2,365.0,276.0,0.14509805,0.05,14658455.000000
1,368.0,254.0,0.09019608,0.0125,14658624.000000
0,329.0,317.0,0.14117648,0.025,14659249.000000
2,341.0,265.0,0.14117648,0.075,14659401.000000
1,342.0,253.0,0.07058824,0.0125,14659562.000000
0,371.0,311.0,0.10980393,0.025,14728714.000000
2,375.0,299.0,0.10980393,0.0375,14728882.000000
2,378.0,291.0,0.10980393,0.05,14729045.000000
2,347.0,355.0,0.10980393,0.05,14729200.000000
2,324.0,413.0,0.10980393,0.05,14729364.000000
2,320.0,420.0,0.15294118,0.0625,14729529.000000
2,318.0,421.0,0.15294118,0.0625,14729690.000000
2,318.0,413.0,0.15294118,0.05,14729851.000000
2,317.0,401.0,0.15294118,0.0625,14730014.000000
2,318.0,389.0,0.15294118,0.0625,14730183.000000
2,319.0,374.0,0.15294118,0.05,14730333.000000
2,322.0,354.0,0.15294118,0.05,14730498.000000
2,324.0,338.0,0.15294118,0.05,14730659.000000
2,328.0,320.0,0.15294118,0.0625,14730817.000000
2,332.0,303.0,0.15294118,0.05,14730990.000000
1,339.0,278.0,0.15294118,0.0375,14731172.000000
0,371.0,311.0,0.10980393,0.025,14728714.000000
2,375.0,299.0,0.10980393,0.0375,14728882.000000
2,378.0,291.0,0.10980393,0.05,14729045.000000
2,347.0,355.0,0.10980393,0.05,14729200.000000
2,324.0,413.0,0.10980393,0.05,14729364.000000
2,320.0,420.0,0.15294118,0.0625,14729529.000000
2,318.0,421.0,0.15294118,0.0625,14729690.000000
2,318.0,413.0,0.15294118,0.05,14729851.000000
2,317.0,401.0,0.15294118,0.0625,14730014.000000
2,318.0,389.0,0.15294118,0.0625,14730183.000000
2,319.0,374.0,0.15294118,0.05,14730333.000000
2,322.0,354.0,0.15294118,0.05,14730498.000000
2,324.0,338.0,0.15294118,0.05,14730659.000000
2,328.0,320.0,0.15294118,0.0625,14730817.000000
2,332.0,303.0,0.15294118,0.05,14730990.000000
1,339.0,278.0,0.15294118,0.0375,14731172.000000
1,279.0,312.0,0.14509805,0.0375,14731300.000000
0,346.0,359.0,0.21176472,0.075,14737505.000000
2,340.0,419.0,0.21176472,0.0875,14737657.000000
2,332.0,512.0,0.21176472,0.075,14737814.000000
1,329.0,539.0,0.11764707,0.0375,14737988.000000
0,330.0,302.0,0.10980393,0.025,14740718.000000
2,324.0,291.0,0.2627451,0.112500004,14741061.000000
1,323.0,287.0,0.2627451,0.1,14741202.000000
0,412.0,348.0,0.15294118,0.0625,14970642.000000
2,412.0,337.0,0.20000002,0.1,14970837.000000
2,415.0,325.0,0.20000002,0.1,14970965.000000
1,421.0,305.0,0.13725491,0.025,14971127.000000
0,279.0,325.0,0.13725491,0.05,15010304.000000
2,290.0,314.0,0.19215688,0.075,15010465.000000
2,310.0,284.0,0.19215688,0.1,15010627.000000
1,325.0,265.0,0.15294118,0.05,15010818.000000
0,279.0,325.0,0.13725491,0.05,15010304.000000
2,290.0,314.0,0.19215688,0.075,15010465.000000
2,310.0,284.0,0.19215688,0.1,15010627.000000
1,325.0,265.0,0.15294118,0.05,15010818.000000
1,264.0,277.0,0.1764706,0.0625,15010977.000000
0,347.0,228.0,0.17254902,0.05,15054439.000000
2,321.0,247.0,0.22352943,0.0875,15054583.000000
2,299.0,321.0,0.22352943,0.0875,15054746.000000
1,294.0,357.0,0.121568635,0.0125,15054925.000000
0,311.0,363.0,0.18039216,0.05,15084151.000000
2,322.0,346.0,0.18039216,0.0875,15084319.000000
2,348.0,283.0,0.18039216,0.075,15084473.000000
1,358.0,241.0,0.06666667,0.0125,15084655.000000
0,273.0,337.0,0.10588236,0.05,15140782.000000
2,273.0,323.0,0.14901961,0.05,15141092.000000
2,276.0,292.0,0.14901961,0.05,15141253.000000
1,276.0,280.0,0.050980397,0.0125,15141440.000000
0,274.0,319.0,0.1254902,0.05,15141577.000000
2,275.0,301.0,0.1254902,0.05,15141737.000000
1,288.0,248.0,0.06666667,0.0125,15141925.000000
0,283.0,322.0,0.10980393,0.025,15142223.000000
2,283.0,310.0,0.10980393,0.0375,15142390.000000
1,300.0,241.0,0.058823533,0.0125,15142576.000000
0,330.0,347.0,0.13725491,0.0375,15225501.000000
2,342.0,293.0,0.18823531,0.05,15225667.000000
1,348.0,259.0,0.10980393,0.05,15225852.000000
0,337.0,305.0,0.121568635,0.05,15231809.000000
2,352.0,257.0,0.121568635,0.0625,15231971.000000
1,364.0,214.0,0.10588236,0.025,15232127.000000
0,281.0,350.0,0.10588236,0.025,15301687.000000
2,281.0,339.0,0.14901961,0.0375,15302009.000000
2,281.0,336.0,0.14901961,0.0375,15302222.000000
2,282.0,329.0,0.14901961,0.0375,15302354.000000
2,282.0,325.0,0.14901961,0.0375,15302493.000000
2,282.0,322.0,0.14901961,0.05,15302817.000000
2,281.0,321.0,0.14901961,0.0375,15303144.000000
2,282.0,319.0,0.14901961,0.05,15303302.000000
1,304.0,314.0,0.09019608,0.0125,15303467.000000
0,312.0,347.0,0.121568635,0.05,15304110.000000
2,315.0,336.0,0.121568635,0.0375,15304294.000000
1,321.0,307.0,0.0627451,0.0125,15304464.000000
0,211.0,655.0,0.098039225,0.0375,17989842.000000
2,215.0,643.0,0.14117648,0.05,17989988.000000
2,217.0,636.0,0.14117648,0.05,17990144.000000
2,226.0,612.0,0.14117648,0.0625,17990312.000000
2,234.0,594.0,0.14117648,0.075,17990468.000000
2,242.0,558.0,0.18431373,0.0875,17990628.000000
2,248.0,522.0,0.27058825,0.1,17990792.000000
2,248.0,515.0,0.27058825,0.112500004,17990952.000000
2,256.0,504.0,0.2784314,0.112500004,17991122.000000
2,285.0,494.0,0.2784314,0.112500004,17991276.000000
2,320.0,493.0,0.24313727,0.125,17991440.000000
2,295.0,556.0,0.19215688,0.075,17991600.000000
2,275.0,608.0,0.13725491,0.025,17991764.000000
2,291.0,623.0,0.18823531,0.075,17991924.000000
1,307.0,627.0,0.13725491,0.05,17992116.000000
0,301.0,655.0,0.121568635,0.05,18015564.000000
2,303.0,643.0,0.16862746,0.05,18015724.000000
1,346.0,599.0,0.11764707,0.075,18015912.000000
0,338.0,321.0,0.16470589,0.05,18023640.000000
2,344.0,310.0,0.20784315,0.1,18023806.000000
2,355.0,294.0,0.2509804,0.1,18023960.000000
1,319.0,404.0,0.12941177,0.05,18024136.000000
0,378.0,325.0,0.14901961,0.05,18140116.000000
2,385.0,313.0,0.20000002,0.075,18140278.000000
2,394.0,295.0,0.20000002,0.0875,18140436.000000
1,420.0,257.0,0.08627451,0.0375,18140608.000000
0,289.0,358.0,0.09019608,0.025,18228118.000000
2,294.0,343.0,0.09019608,0.05,18228252.000000
2,302.0,320.0,0.13333334,0.05,18228412.000000
2,311.0,301.0,0.13333334,0.0625,18228572.000000
2,315.0,295.0,0.13333334,0.0625,18228740.000000
1,316.0,294.0,0.07058824,0.0125,18228920.000000
0,292.0,365.0,0.07450981,0.025,18236186.000000
2,303.0,354.0,0.07450981,0.0375,18236524.000000
2,309.0,346.0,0.11764707,0.05,18236668.000000
2,319.0,330.0,0.11764707,0.025,18236828.000000
2,327.0,307.0,0.11764707,0.0375,18236992.000000
2,330.0,293.0,0.11764707,0.0375,18237152.000000
1,331.0,288.0,0.11764707,0.025,18237312.000000
0,323.0,314.0,0.098039225,0.025,18238444.000000
2,323.0,303.0,0.14901961,0.025,18238604.000000
1,344.0,250.0,0.10196079,0.025,18238796.000000
0,271.0,319.0,0.121568635,0.05,18239580.000000
2,276.0,301.0,0.121568635,0.0375,18239748.000000
2,295.0,261.0,0.16470589,0.075,18239904.000000
1,304.0,252.0,0.11764707,0.0375,18240080.000000
0,282.0,356.0,0.08235294,0.025,18297460.000000
2,280.0,344.0,0.1254902,0.0375,18297652.000000
2,280.0,339.0,0.1254902,0.025,18297792.000000
2,283.0,326.0,0.1254902,0.025,18297942.000000
2,284.0,317.0,0.1254902,0.05,18298104.000000
2,288.0,307.0,0.1254902,0.0625,18298264.000000
2,290.0,301.0,0.1254902,0.0625,18298452.000000
2,292.0,296.0,0.1254902,0.0625,18298584.000000
2,295.0,293.0,0.1254902,0.0625,18298748.000000
2,301.0,287.0,0.1254902,0.0625,18298912.000000
2,314.0,276.0,0.1254902,0.0375,18299076.000000
1,317.0,273.0,0.1254902,0.025,18299246.000000
0,300.0,360.0,0.08235294,0.05,18312184.000000
2,308.0,348.0,0.1254902,0.0625,18312366.000000
2,318.0,329.0,0.1254902,0.025,18312504.000000
2,323.0,317.0,0.1254902,0.0375,18312670.000000
2,329.0,306.0,0.1254902,0.0625,18312826.000000
2,336.0,295.0,0.1254902,0.0625,18312988.000000
2,344.0,286.0,0.1254902,0.0625,18313148.000000
2,349.0,281.0,0.1254902,0.05,18313316.000000
2,357.0,274.0,0.1254902,0.05,18313474.000000
2,363.0,267.0,0.1254902,0.05,18313638.000000
2,368.0,261.0,0.17254902,0.0375,18313796.000000
2,371.0,258.0,0.17254902,0.0375,18313960.000000
2,374.0,255.0,0.17254902,0.05,18314126.000000
2,378.0,251.0,0.17254902,0.0625,18314284.000000
2,381.0,250.0,0.17254902,0.0625,18314446.000000
2,386.0,247.0,0.17254902,0.075,18314608.000000
2,390.0,245.0,0.17254902,0.075,18314764.000000
2,397.0,242.0,0.17254902,0.0625,18314928.000000
2,402.0,240.0,0.17254902,0.0625,18315092.000000
2,407.0,239.0,0.17254902,0.0625,18315252.000000
1,411.0,237.0,0.17254902,0.0375,18315436.000000
0,413.0,259.0,0.1764706,0.075,18401702.000000
2,404.0,275.0,0.1764706,0.125,18401854.000000
2,380.0,315.0,0.21960786,0.1375,18402006.000000
1,364.0,356.0,0.121568635,0.025,18402188.000000
0,343.0,269.0,0.14509805,0.05,18402668.000000
2,342.0,282.0,0.18823531,0.075,18402816.000000
1,326.0,329.0,0.10980393,0.05,18402988.000000
0,462.0,322.0,0.09411766,0.025,18406044.000000
2,450.0,316.0,0.20784315,0.112500004,18406208.000000
1,423.0,185.0,0.16078432,0.0625,18406398.000000
0,326.0,269.0,0.10980393,0.025,18426404.000000
2,329.0,256.0,0.10980393,0.0375,18426582.000000
2,336.0,228.0,0.15294118,0.0625,18426726.000000
1,339.0,218.0,0.08627451,0.0375,18426888.000000
0,473.0,137.0,0.058823533,0.025,18538576.000000
2,468.0,149.0,0.10196079,0.0375,18538738.000000
2,438.0,207.0,0.14901961,0.0625,18538904.000000
2,422.0,233.0,0.19607845,0.0875,18539066.000000
2,420.0,235.0,0.19607845,0.0625,18539232.000000
2,427.0,221.0,0.19607845,0.0625,18539386.000000
2,439.0,189.0,0.15294118,0.0625,18539546.000000
2,445.0,177.0,0.15294118,0.0625,18539708.000000
1,463.0,153.0,0.0627451,0.0125,18539892.000000
0,289.0,672.0,0.078431375,0.025,15380398.000000
2,291.0,660.0,0.078431375,0.0125,15380561.000000
2,292.0,647.0,0.078431375,0.025,15380741.000000
2,304.0,597.0,0.078431375,0.0375,15380892.000000
2,349.0,498.0,0.078431375,0.025,15381057.000000
2,378.0,455.0,0.078431375,0.0375,15381205.000000
2,381.0,449.0,0.078431375,0.05,15381366.000000
2,383.0,447.0,0.121568635,0.0375,15381527.000000
2,329.0,565.0,0.121568635,0.025,15381710.000000
2,290.0,698.0,0.121568635,0.025,15381877.000000
2,289.0,725.0,0.078431375,0.025,15382029.000000
2,288.0,735.0,0.078431375,0.025,15382197.000000
2,288.0,741.0,0.078431375,0.025,15382364.000000
2,287.0,741.0,0.078431375,0.025,15382513.000000
2,287.0,738.0,0.078431375,0.0125,15382681.000000
2,287.0,724.0,0.078431375,0.025,15382832.000000
2,287.0,711.0,0.078431375,0.025,15382998.000000
1,288.0,696.0,0.078431375,0.025,15383168.000000
0,289.0,738.0,0.10980393,0.025,15396217.000000
2,295.0,725.0,0.15686275,0.05,15396369.000000
2,301.0,708.0,0.20392159,0.0875,15396528.000000
2,311.0,682.0,0.20392159,0.075,15396689.000000
2,320.0,656.0,0.20392159,0.1,15396856.000000
1,330.0,624.0,0.20392159,0.075,15397034.000000
0,101.0,308.0,0.227451,0.112500004,15451034.000000
2,93.0,293.0,0.227451,0.075,15451197.000000
2,50.0,199.0,0.227451,0.075,15451356.000000
1,41.0,177.0,0.1254902,0.0625,15451517.000000
0,72.0,250.0,0.2392157,0.1,15538287.000000
2,74.0,268.0,0.2392157,0.0875,15538452.000000
2,86.0,354.0,0.2392157,0.075,15538609.000000
2,91.0,398.0,0.2392157,0.0875,15538771.000000
1,94.0,410.0,0.19607845,0.0875,15538938.000000
0,403.0,313.0,0.13725491,0.05,15543169.000000
2,408.0,299.0,0.13725491,0.025,15543331.000000
2,419.0,265.0,0.13725491,0.0625,15543494.000000
2,422.0,252.0,0.13725491,0.05,15543654.000000
2,423.0,246.0,0.13725491,0.05,15543816.000000
2,423.0,237.0,0.13725491,0.0625,15543978.000000
2,425.0,211.0,0.13725491,0.05,15544136.000000
1,429.0,190.0,0.07450981,0.025,15544318.000000
0,403.0,313.0,0.13725491,0.05,15543169.000000
2,408.0,299.0,0.13725491,0.025,15543331.000000
2,419.0,265.0,0.13725491,0.0625,15543494.000000
2,422.0,252.0,0.13725491,0.05,15543654.000000
2,423.0,246.0,0.13725491,0.05,15543816.000000
2,423.0,237.0,0.13725491,0.0625,15543978.000000
2,425.0,211.0,0.13725491,0.05,15544136.000000
1,429.0,190.0,0.07450981,0.025,15544318.000000
2,406.0,203.0,0.13333334,0.05,15544469.000000
2,378.0,254.0,0.13333334,0.05,15544634.000000
2,358.0,316.0,0.13333334,0.075,15544791.000000
2,353.0,330.0,0.13333334,0.075,15544947.000000
2,352.0,323.0,0.13333334,0.075,15545107.000000
2,355.0,291.0,0.13333334,0.05,15545268.000000
2,359.0,274.0,0.13333334,0.05,15545436.000000
2,374.0,251.0,0.13333334,0.0625,15545592.000000
2,402.0,220.0,0.13333334,0.0625,15545755.000000
1,416.0,191.0,0.058823533,0.0125,15545940.000000
0,385.0,287.0,0.16862746,0.0625,15779936.000000
2,390.0,270.0,0.16862746,0.0625,15780154.000000
2,413.0,203.0,0.16862746,0.075,15780265.000000
1,426.0,174.0,0.16862746,0.0375,15780454.000000
0,62.0,320.0,0.20392159,0.1,15796946.000000
2,58.0,307.0,0.20392159,0.075,15797129.000000
2,42.0,255.0,0.15294118,0.05,15797266.000000
1,16.0,179.0,0.039215688,0.0125,15797449.000000
0,335.0,283.0,0.14509805,0.05,15849572.000000
2,330.0,294.0,0.14509805,0.05,15849726.000000
2,321.0,325.0,0.14509805,0.0625,15849887.000000
2,316.0,343.0,0.14509805,0.05,15850049.000000
1,315.0,350.0,0.14509805,0.05,15850241.000000
0,373.0,359.0,0.121568635,0.025,15856701.000000
2,376.0,347.0,0.121568635,0.0375,15856859.000000
2,382.0,331.0,0.121568635,0.05,15857019.000000
2,394.0,310.0,0.121568635,0.0625,15857182.000000
2,403.0,293.0,0.121568635,0.0625,15857344.000000
2,408.0,284.0,0.121568635,0.05,15857504.000000
2,411.0,279.0,0.121568635,0.05,15857668.000000
2,414.0,275.0,0.121568635,0.025,15857836.000000
2,416.0,271.0,0.121568635,0.0375,15857990.000000
2,421.0,265.0,0.121568635,0.0625,15858153.000000
2,425.0,259.0,0.121568635,0.0625,15858317.000000
2,428.0,255.0,0.121568635,0.0625,15858495.000000
2,430.0,253.0,0.121568635,0.0625,15858799.000000
1,430.0,253.0,0.121568635,0.0625,15858959.000000
0,424.0,304.0,0.13725491,0.05,15897048.000000
2,423.0,289.0,0.13725491,0.05,15897208.000000
2,425.0,254.0,0.13725491,0.05,15897362.000000
1,431.0,206.0,0.06666667,0.0125,15897551.000000
0,375.0,163.0,0.1254902,0.0375,15914510.000000
2,368.0,176.0,0.1254902,0.0625,15914671.000000
2,353.0,213.0,0.1254902,0.05,15914841.000000
2,347.0,226.0,0.1254902,0.05,15914993.000000
2,344.0,231.0,0.1254902,0.05,15915164.000000
2,343.0,227.0,0.1254902,0.0625,15915332.000000
2,343.0,216.0,0.1254902,0.075,15915479.000000
2,344.0,208.0,0.16862746,0.075,15915647.000000
2,345.0,203.0,0.16862746,0.075,15915802.000000
2,346.0,200.0,0.16862746,0.0625,15915965.000000
2,346.0,195.0,0.16862746,0.05,15916125.000000
2,348.0,188.0,0.16862746,0.0625,15916284.000000
1,356.0,174.0,0.1137255,0.0375,15916468.000000
0,352.0,280.0,0.1254902,0.05,15993503.000000
2,348.0,298.0,0.1254902,0.0625,15993665.000000
1,320.0,575.0,0.07450981,0.0125,15993846.000000
0,378.0,234.0,0.11764707,0.025,8560521.000000
2,374.0,246.0,0.16470589,0.0625,8560705.000000
2,369.0,267.0,0.20784315,0.0875,8560857.000000
2,355.0,347.0,0.20784315,0.075,8561005.000000
2,352.0,367.0,0.20784315,0.05,8561168.000000
1,362.0,294.0,0.08235294,0.025,8561339.000000
0,374.0,248.0,0.17254902,0.075,8564396.000000
2,371.0,261.0,0.17254902,0.0875,8564557.000000
2,365.0,305.0,0.21568629,0.075,8564717.000000
2,358.0,337.0,0.21568629,0.0625,8564883.000000
2,355.0,348.0,0.17254902,0.075,8565040.000000
1,344.0,441.0,0.08235294,0.0125,8565232.000000
0,357.0,275.0,0.121568635,0.05,8573673.000000
2,391.0,222.0,0.16862746,0.0625,8573807.000000
1,410.0,193.0,0.078431375,0.025,8573991.000000
0,102.0,229.0,0.227451,0.112500004,8759752.000000
2,123.0,269.0,0.227451,0.125,8759910.000000
1,169.0,377.0,0.121568635,0.0375,8760099.000000
0,140.0,289.0,0.18431373,0.0875,8761047.000000
2,139.0,278.0,0.2392157,0.1375,8761379.000000
1,133.0,270.0,0.098039225,0.0125,8761529.000000
0,176.0,627.0,0.20392159,0.112500004,8769906.000000
2,179.0,557.0,0.20392159,0.112500004,8770055.000000
2,191.0,465.0,0.26666668,0.125,8770216.000000
2,199.0,395.0,0.26666668,0.112500004,8770376.000000
1,218.0,370.0,0.21176472,0.0875,8770555.000000
0,177.0,311.0,0.16862746,0.05,8795815.000000
2,177.0,300.0,0.21176472,0.075,8796298.000000
2,177.0,299.0,0.21176472,0.075,8796460.000000
2,176.0,297.0,0.21176472,0.075,8796622.000000
2,175.0,297.0,0.21176472,0.075,8796938.000000
2,174.0,297.0,0.21176472,0.075,8797101.000000
1,174.0,297.0,0.21176472,0.075,8797436.000000
0,206.0,232.0,0.10588236,0.0375,8835575.000000
2,213.0,244.0,0.10588236,0.05,8835741.000000
1,241.0,328.0,0.10588236,0.025,8835913.000000
0,277.0,258.0,0.09019608,0.025,8842701.000000
2,276.0,247.0,0.09019608,0.05,8842874.000000
2,274.0,240.0,0.09019608,0.05,8843048.000000
2,273.0,224.0,0.09019608,0.0375,8843188.000000
1,272.0,198.0,0.09019608,0.0125,8843367.000000
0,268.0,238.0,0.121568635,0.05,8848866.000000
2,265.0,223.0,0.121568635,0.05,8849027.000000
2,263.0,192.0,0.078431375,0.0375,8849198.000000
1,85.0,286.0,0.1254902,0.05,8850805.000000
0,265.0,225.0,0.098039225,0.05,8855983.000000
2,265.0,237.0,0.098039225,0.05,8856158.000000
2,263.0,253.0,0.098039225,0.05,8856309.000000
2,246.0,309.0,0.098039225,0.025,8856467.000000
1,219.0,369.0,0.098039225,0.0125,8856651.000000
0,193.0,278.0,0.14509805,0.05,8923436.000000
2,182.0,271.0,0.24705884,0.1,8923598.000000
2,149.0,249.0,0.24705884,0.125,8923761.000000
2,127.0,231.0,0.20392159,0.1,8923920.000000
2,126.0,226.0,0.2627451,0.0875,8924084.000000
1,213.0,366.0,0.10196079,0.025,8924269.000000
0,114.0,220.0,0.18431373,0.0875,8926826.000000
2,123.0,233.0,0.227451,0.112500004,8926993.000000
2,146.0,273.0,0.227451,0.1,8927151.000000
2,173.0,336.0,0.227451,0.1,8927308.000000
1,189.0,370.0,0.227451,0.1,8927492.000000
0,133.0,263.0,0.18039216,0.0625,8933457.000000
2,141.0,280.0,0.23529413,0.1,8933614.000000
1,177.0,377.0,0.13333334,0.0125,8933793.000000
0,139.0,298.0,0.19215688,0.075,8935243.000000
2,130.0,287.0,0.23529413,0.125,8935406.000000
2,129.0,287.0,0.23529413,0.125,8935564.000000
1,191.0,383.0,0.09019608,0.025,8935750.000000
0,127.0,286.0,0.227451,0.125,8935898.000000
2,119.0,270.0,0.27058825,0.112500004,8936230.000000
1,53.0,201.0,0.10980393,0.0625,8936400.000000
0,21.0,337.0,0.09019608,0.0375,9033470.000000
2,24.0,326.0,0.09019608,0.0625,9033957.000000
2,23.0,321.0,0.09019608,0.0375,9034115.000000
2,23.0,314.0,0.09019608,0.05,9034275.000000
2,21.0,306.0,0.09019608,0.05,9034441.000000
2,20.0,301.0,0.09019608,0.05,9034604.000000
2,19.0,296.0,0.09019608,0.0375,9034766.000000
2,18.0,292.0,0.09019608,0.0375,9034926.000000
2,17.0,290.0,0.09019608,0.0375,9035087.000000
2,16.0,287.0,0.09019608,0.0375,9035249.000000
2,14.0,284.0,0.09019608,0.025,9035410.000000
2,13.0,279.0,0.09019608,0.025,9035572.000000
2,10.0,274.0,0.09019608,0.025,9035735.000000
2,9.0,267.0,0.04705883,0.0125,9035894.000000
1,7.0,259.0,0.04705883,0.0125,9036066.000000
0,106.0,365.0,0.10980393,0.025,9036682.000000
2,96.0,354.0,0.15294118,0.075,9036846.000000
2,86.0,344.0,0.15294118,0.0625,9037006.000000
2,64.0,318.0,0.15294118,0.05,9037174.000000
2,48.0,298.0,0.10980393,0.0625,9037328.000000
2,30.0,285.0,0.10980393,0.025,9037491.000000
2,19.0,277.0,0.10980393,0.025,9037655.000000
2,13.0,270.0,0.06666667,0.025,9037815.000000
1,9.0,262.0,0.06666667,0.0125,9037975.000000
0,122.0,330.0,0.14117648,0.0625,9043181.000000
2,116.0,317.0,0.14117648,0.05,9043322.000000
2,105.0,295.0,0.14117648,0.05,9043475.000000
1,28.0,195.0,0.039215688,0.0125,9043658.000000
0,61.0,273.0,0.13725491,0.025,9044605.000000
2,52.0,257.0,0.13725491,0.075,9044767.000000
2,45.0,231.0,0.13725491,0.075,9044928.000000
1,39.0,216.0,0.0627451,0.0125,9045110.000000
0,323.0,251.0,0.16470589,0.05,9312852.000000
2,340.0,195.0,0.16470589,0.05,9313032.000000
2,364.0,95.0,0.16470589,0.05,9313175.000000
1,367.0,76.0,0.11764707,0.025,9313352.000000
0,366.0,292.0,0.14901961,0.05,9313681.000000
2,371.0,278.0,0.14901961,0.05,9313836.000000
2,386.0,231.0,0.14901961,0.0625,9314007.000000
2,388.0,220.0,0.14901961,0.075,9314140.000000
1,389.0,216.0,0.14901961,0.075,9314303.000000
0,425.0,350.0,0.18039216,0.075,9459228.000000
2,435.0,319.0,0.227451,0.0875,9459381.000000
2,446.0,291.0,0.18431373,0.0625,9459543.000000
2,452.0,281.0,0.18431373,0.0875,9459702.000000
1,456.0,276.0,0.054901965,0.025,9459863.000000
0,399.0,442.0,0.08627451,0.05,50583560.000000
2,410.0,401.0,0.08627451,0.05,50583716.000000
1,413.0,388.0,0.08627451,0.05,50583880.000000
0,51.0,308.0,0.15294118,0.0625,50623192.000000
2,48.0,294.0,0.15294118,0.0625,50623356.000000
2,29.0,220.0,0.15294118,0.0625,50623516.000000
2,15.0,188.0,0.10588236,0.025,50623676.000000
1,11.0,181.0,0.0627451,0.025,50623864.000000
0,36.0,305.0,0.14509805,0.075,50624016.000000
2,38.0,293.0,0.14509805,0.075,50624164.000000
2,36.0,276.0,0.14509805,0.0625,50624332.000000
2,35.0,251.0,0.14509805,0.075,50624500.000000
2,34.0,234.0,0.14509805,0.0625,50624656.000000
2,32.0,223.0,0.14509805,0.0625,50624816.000000
2,29.0,210.0,0.14509805,0.075,50624976.000000
1,29.0,208.0,0.03529412,0.0125,50625168.000000
0,419.0,233.0,0.13725491,0.0875,51045536.000000
2,418.0,219.0,0.23137257,0.112500004,51045752.000000
2,416.0,204.0,0.23137257,0.112500004,51045880.000000
2,415.0,200.0,0.23137257,0.125,51046048.000000
2,413.0,199.0,0.23137257,0.125,51046208.000000
1,411.0,199.0,0.23137257,0.112500004,51046372.000000
0,350.0,316.0,0.18039216,0.0875,51089600.000000
2,352.0,330.0,0.18039216,0.1,51089792.000000
2,357.0,319.0,0.227451,0.112500004,51089948.000000
2,363.0,309.0,0.227451,0.1,51090088.000000
2,391.0,266.0,0.227451,0.1,51090248.000000
2,410.0,246.0,0.227451,0.1,51090572.000000
2,411.0,249.0,0.227451,0.112500004,51090728.000000
1,458.0,201.0,0.043137256,0.025,51090920.000000
0,390.0,333.0,0.14509805,0.075,51092992.000000
2,395.0,322.0,0.18823531,0.1,51093168.000000
2,414.0,277.0,0.18823531,0.112500004,51093328.000000
2,427.0,251.0,0.18823531,0.1,51093476.000000
2,431.0,245.0,0.18823531,0.112500004,51093640.000000
2,394.0,351.0,0.18823531,0.075,51093800.000000
1,381.0,427.0,0.0627451,0.0125,51093976.000000
0,363.0,299.0,0.20784315,0.1,51095416.000000
2,392.0,246.0,0.20784315,0.0875,51095584.000000
1,401.0,227.0,0.20784315,0.112500004,51095764.000000
0,378.0,345.0,0.17254902,0.0875,51141292.000000
2,380.0,319.0,0.17254902,0.0875,51141452.000000
2,389.0,266.0,0.17254902,0.075,51141612.000000
1,393.0,255.0,0.17254902,0.075,51141776.000000
0,394.0,316.0,0.121568635,0.05,51199276.000000
2,397.0,305.0,0.121568635,0.075,51199424.000000
2,406.0,243.0,0.121568635,0.05,51199576.000000
2,405.0,173.0,0.121568635,0.0625,51199736.000000
1,408.0,73.0,0.121568635,0.0375,51199928.000000
0,370.0,273.0,0.10980393,0.05,51301936.000000
2,364.0,284.0,0.10980393,0.075,51302108.000000
1,325.0,362.0,0.10980393,0.05,51302288.000000
0,348.0,251.0,0.14901961,0.075,51314220.000000
2,344.0,264.0,0.14901961,0.075,51314360.000000
2,310.0,324.0,0.14901961,0.075,51314520.000000
1,266.0,372.0,0.078431375,0.025,51314704.000000
0,385.0,677.0,0.0627451,0.0375,85846208.000000
2,387.0,661.0,0.0627451,0.0375,85846352.000000
2,389.0,642.0,0.0627451,0.05,85846624.000000
2,385.0,616.0,0.0627451,0.0375,85846672.000000
2,384.0,612.0,0.0627451,0.0375,85846832.000000
2,382.0,604.0,0.0627451,0.0375,85846992.000000
2,381.0,592.0,0.0627451,0.025,85847160.000000
2,381.0,585.0,0.0627451,0.025,85847320.000000
2,382.0,578.0,0.0627451,0.025,85847488.000000
2,381.0,572.0,0.0627451,0.025,85847648.000000
2,381.0,568.0,0.0627451,0.0375,85847808.000000
2,380.0,565.0,0.0627451,0.025,85847976.000000
2,380.0,564.0,0.0627451,0.025,85848136.000000
2,379.0,563.0,0.0627451,0.025,85849744.000000
1,379.0,563.0,0.0627451,0.025,85850392.000000
0,433.0,566.0,0.0627451,0.0375,85859192.000000
2,437.0,554.0,0.0627451,0.05,85859344.000000
2,462.0,472.0,0.0627451,0.025,85859496.000000
2,460.0,455.0,0.0627451,0.025,85859680.000000
2,461.0,417.0,0.0627451,0.025,85859824.000000
1,460.0,403.0,0.0627451,0.025,85859976.000000
0,384.0,267.0,0.09019608,0.05,85974000.000000
2,404.0,231.0,0.09019608,0.0375,85974160.000000
2,431.0,186.0,0.09019608,0.05,85974320.000000
2,456.0,143.0,0.09019608,0.025,85974480.000000
1,461.0,132.0,0.09019608,0.0375,85974672.000000
0,398.0,266.0,0.098039225,0.05,86024304.000000
2,389.0,283.0,0.098039225,0.05,86024456.000000
2,382.0,299.0,0.098039225,0.05,86024608.000000
2,381.0,306.0,0.043137256,0.0125,86024784.000000
1,381.0,306.0,0.043137256,0.0125,86024928.000000
0,405.0,227.0,0.09411766,0.05,86039792.000000
2,381.0,283.0,0.09411766,0.05,86039952.000000
2,343.0,415.0,0.09411766,0.05,86040112.000000
1,331.0,530.0,0.04705883,0.0125,86040296.000000
0,401.0,277.0,0.098039225,0.05,86040440.000000
2,391.0,290.0,0.098039225,0.0625,86040608.000000
1,339.0,436.0,0.098039225,0.0375,86040784.000000
0,388.0,291.0,0.10196079,0.0625,86040920.000000
2,380.0,305.0,0.10196079,0.0375,86041104.000000
2,356.0,359.0,0.10196079,0.0625,86041248.000000
2,350.0,374.0,0.10196079,0.075,86041408.000000
1,347.0,382.0,0.10196079,0.0375,86041600.000000
0,424.0,253.0,0.08235294,0.0375,86041904.000000
2,396.0,312.0,0.08235294,0.05,86042064.000000
1,366.0,396.0,0.08235294,0.025,86042232.000000
0,400.0,287.0,0.08627451,0.0625,86043016.000000
2,386.0,318.0,0.08627451,0.05,86043184.000000
2,376.0,354.0,0.08627451,0.025,86043352.000000
2,390.0,320.0,0.08627451,0.05,86043504.000000
2,424.0,252.0,0.08627451,0.05,86043664.000000
1,455.0,211.0,0.08627451,0.025,86043856.000000
0,373.0,333.0,0.098039225,0.0375,86045936.000000
2,379.0,315.0,0.098039225,0.0625,86046088.000000
2,386.0,299.0,0.098039225,0.075,86046248.000000
2,392.0,285.0,0.098039225,0.05,86046408.000000
2,394.0,280.0,0.098039225,0.05,86046576.000000
2,395.0,274.0,0.098039225,0.05,86046736.000000
2,398.0,265.0,0.098039225,0.0625,86046904.000000
1,398.0,265.0,0.098039225,0.0625,86047080.000000
0,415.0,277.0,0.07058824,0.025,86065640.000000
2,424.0,260.0,0.07058824,0.05,86065808.000000
2,436.0,228.0,0.07058824,0.05,86065968.000000
2,454.0,182.0,0.07058824,0.05,86066128.000000
1,459.0,154.0,0.07058824,0.025,86066320.000000
0,414.0,162.0,0.10196079,0.05,86068088.000000
2,421.0,137.0,0.10196079,0.0625,86068240.000000
1,461.0,49.0,0.03529412,0.025,86068424.000000
0,338.0,311.0,0.10588236,0.05,86156056.000000
2,340.0,300.0,0.10588236,0.0625,86156208.000000
2,351.0,263.0,0.10588236,0.075,86156368.000000
1,355.0,255.0,0.10588236,0.0625,86156544.000000
0,378.0,250.0,0.10196079,0.05,86163784.000000
2,360.0,277.0,0.10196079,0.075,86163960.000000
1,294.0,415.0,0.10196079,0.05,86164128.000000
0,405.0,277.0,0.09019608,0.05,86166528.000000
2,377.0,325.0,0.09019608,0.05,86166688.000000
1,357.0,394.0,0.09019608,0.025,86166872.000000
0,357.0,313.0,0.07450981,0.05,86169608.000000
2,357.0,301.0,0.11764707,0.0625,86169760.000000
2,364.0,278.0,0.11764707,0.05,86169920.000000
1,398.0,201.0,0.054901965,0.0375,86170120.000000
0,356.0,358.0,0.098039225,0.05,86170240.000000
2,369.0,328.0,0.098039225,0.025,86170400.000000
2,401.0,245.0,0.098039225,0.05,86170560.000000
1,418.0,196.0,0.043137256,0.025,86170744.000000
0,347.0,322.0,0.10588236,0.05,86171368.000000
2,355.0,303.0,0.10588236,0.0625,86171536.000000
2,399.0,215.0,0.10588236,0.0625,86171696.000000
1,412.0,183.0,0.050980397,0.0125,86171880.000000
0,471.0,354.0,0.054901965,0.025,86303192.000000
2,470.0,341.0,0.054901965,0.025,86303360.000000
2,469.0,276.0,0.054901965,0.0375,86303512.000000
2,471.0,197.0,0.054901965,0.025,86303680.000000
2,470.0,140.0,0.054901965,0.0375,86303840.000000
2,466.0,120.0,0.054901965,0.0375,86304000.000000
2,465.0,114.0,0.054901965,0.0375,86304168.000000
2,466.0,109.0,0.054901965,0.025,86304320.000000
1,471.0,100.0,0.054901965,0.025,86304480.000000
0,35.0,206.0,0.121568635,0.075,86350440.000000
2,35.0,224.0,0.121568635,0.075,86350616.000000
2,30.0,268.0,0.121568635,0.0625,86350784.000000
2,24.0,306.0,0.121568635,0.0625,86350928.000000
2,24.0,314.0,0.121568635,0.075,86351088.000000
2,26.0,313.0,0.121568635,0.0625,86351256.000000
2,25.0,301.0,0.121568635,0.075,86351408.000000
2,22.0,283.0,0.121568635,0.0625,86351568.000000
2,18.0,261.0,0.121568635,0.05,86351760.000000
2,16.0,252.0,0.121568635,0.05,86351896.000000
2,15.0,244.0,0.121568635,0.05,86352056.000000
2,15.0,240.0,0.121568635,0.05,86352264.000000
2,15.0,235.0,0.121568635,0.05,86352376.000000
2,15.0,230.0,0.121568635,0.0375,86352544.000000
2,14.0,224.0,0.121568635,0.0375,86352712.000000
2,13.0,220.0,0.121568635,0.0375,86352864.000000
2,12.0,216.0,0.121568635,0.0375,86353032.000000
2,12.0,213.0,0.121568635,0.0375,86353184.000000
2,11.0,211.0,0.121568635,0.0375,86353352.000000
2,10.0,207.0,0.121568635,0.0375,86353512.000000
2,10.0,204.0,0.121568635,0.0375,86353672.000000
2,9.0,201.0,0.078431375,0.0375,86353840.000000
2,9.0,200.0,0.078431375,0.0375,86354000.000000
2,9.0,199.0,0.078431375,0.0375,86354160.000000
2,9.0,198.0,0.078431375,0.0375,86354480.000000
2,9.0,197.0,0.078431375,0.0375,86355456.000000
2,9.0,196.0,0.078431375,0.0375,86355608.000000
2,9.0,192.0,0.078431375,0.025,86355776.000000
2,8.0,191.0,0.078431375,0.0375,86355936.000000
2,8.0,203.0,0.078431375,0.0375,86356096.000000
2,9.0,231.0,0.078431375,0.0375,86356256.000000
2,10.0,253.0,0.078431375,0.0375,86356416.000000
2,12.0,267.0,0.078431375,0.05,86356576.000000
2,15.0,277.0,0.078431375,0.0625,86356736.000000
1,16.0,279.0,0.078431375,0.025,86356904.000000
0,44.0,332.0,0.13725491,0.075,86357224.000000
2,43.0,320.0,0.13725491,0.075,86357392.000000
2,42.0,311.0,0.13725491,0.075,86357552.000000
2,39.0,288.0,0.13725491,0.075,86357712.000000
2,40.0,298.0,0.13725491,0.075,86357888.000000
2,48.0,368.0,0.13725491,0.075,86358048.000000
2,53.0,399.0,0.13725491,0.075,86358192.000000
2,55.0,408.0,0.18039216,0.075,86358360.000000
2,56.0,412.0,0.18039216,0.1,86358520.000000
2,57.0,412.0,0.18039216,0.1,86358848.000000
2,58.0,410.0,0.18039216,0.112500004,86359008.000000
2,58.0,408.0,0.18039216,0.112500004,86359168.000000
2,58.0,404.0,0.18039216,0.112500004,86359328.000000
2,58.0,402.0,0.18039216,0.112500004,86359488.000000
2,58.0,399.0,0.18039216,0.112500004,86359664.000000
2,58.0,397.0,0.18039216,0.112500004,86359832.000000
2,57.0,392.0,0.18039216,0.1,86359968.000000
2,55.0,382.0,0.18039216,0.1,86360128.000000
2,52.0,360.0,0.18039216,0.1,86360320.000000
2,46.0,327.0,0.18039216,0.075,86360456.000000
2,41.0,298.0,0.18039216,0.075,86360616.000000
2,37.0,271.0,0.13333334,0.075,86360776.000000
1,32.0,256.0,0.054901965,0.025,86360968.000000
0,43.0,296.0,0.16862746,0.075,86389888.000000
2,35.0,218.0,0.16862746,0.075,86390048.000000
2,21.0,164.0,0.1254902,0.05,86390232.000000
1,11.0,119.0,0.07450981,0.025,86390392.000000
0,46.0,335.0,0.13333334,0.075,86390696.000000
2,39.0,285.0,0.13333334,0.0625,86390856.000000
2,37.0,258.0,0.13333334,0.075,86391016.000000
1,36.0,254.0,0.07058824,0.0375,86391200.000000
