0,442.9752,817.43646,0.3137255,0.23333335,48564256.000000
2,453.05273,770.28864,0.3254902,0.20000002,48564456.000000
2,506.39536,670.3502,0.3372549,0.23333335,48564660.000000
2,574.433,579.7728,0.34117648,0.26666668,48564856.000000
1,579.49036,577.4816,0.34509805,0.26666668,48565064.000000
0,403.96695,344.03162,0.27058825,0.13333334,48694544.000000
2,409.4851,343.30887,0.3647059,0.23333335,48695116.000000
1,416.7706,343.30887,0.36078432,0.23333335,48695596.000000
0,491.90082,672.8854,0.3137255,0.20000002,48798384.000000
2,498.5384,664.68695,0.34117648,0.23333335,48798592.000000
2,525.55853,625.36053,0.34117648,0.23333335,48798784.000000
2,551.4213,577.6263,0.34509805,0.26666668,48799000.000000
2,603.475,511.8873,0.34117648,0.26666668,48799192.000000
1,606.94214,507.013,0.34509805,0.26666668,48799392.000000
0,443.63635,490.75098,0.32941177,0.23333335,48935264.000000
2,368.2299,637.2034,0.3372549,0.20000002,48935464.000000
2,349.73242,715.98584,0.3372549,0.20000002,48935664.000000
1,337.85123,780.9373,0.3372549,0.20000002,48935856.000000
0,448.26447,584.70917,0.30980393,0.16666667,48981876.000000
2,556.3309,463.2378,0.34117648,0.23333335,48982064.000000
1,603.3058,422.0892,0.34117648,0.23333335,48982284.000000
0,538.84296,717.6962,0.30980393,0.16666667,49032712.000000
2,521.8189,779.12726,0.32941177,0.23333335,49032896.000000
2,521.6529,811.75684,0.3254902,0.20000002,49033096.000000
2,526.281,848.04034,0.32156864,0.20000002,49033300.000000
2,526.281,861.6661,0.32156864,0.23333335,49033496.000000
2,526.281,900.91473,0.32156864,0.16666667,49033688.000000
2,528.3541,898.14014,0.3254902,0.26666668,49033900.000000
2,544.4409,850.39355,0.3254902,0.23333335,49034096.000000
2,568.41223,796.3533,0.32941177,0.20000002,49034312.000000
2,586.3488,763.33636,0.32941177,0.23333335,49034492.000000
2,593.719,743.9691,0.32941177,0.23333335,49034720.000000
2,597.9872,710.13934,0.33333334,0.26666668,49034900.000000
2,601.6529,691.0489,0.3372549,0.26666668,49035104.000000
2,605.6198,674.69226,0.3372549,0.23333335,49035304.000000
2,613.81396,654.9702,0.3372549,0.20000002,49035488.000000
2,623.24255,637.72015,0.3372549,0.23333335,49035688.000000
2,630.08264,626.6816,0.3372549,0.23333335,49035888.000000
1,634.71075,621.34735,0.3372549,0.23333335,49036296.000000
0,513.05786,727.81476,0.26666668,0.16666667,49040900.000000
2,519.2197,721.0788,0.33333334,0.23333335,49041092.000000
2,545.4931,688.02106,0.3372549,0.23333335,49041296.000000
2,577.76715,654.9084,0.33333334,0.20000002,49041508.000000
2,595.75665,636.6883,0.3372549,0.26666668,49041696.000000
2,609.8893,624.1301,0.3372549,0.26666668,49041900.000000
2,616.52893,618.3174,0.33333334,0.23333335,49042120.000000
2,624.1322,608.82056,0.33333334,0.20000002,49042308.000000
2,633.3884,597.56287,0.33333334,0.20000002,49042488.000000
2,642.6446,585.9316,0.33333334,0.16666667,49042688.000000
2,647.2727,577.26105,0.33333334,0.23333335,49042888.000000
1,647.9711,577.4816,0.33333334,0.23333335,49043300.000000
0,575.2066,378.00113,0.30980393,0.20000002,49187568.000000
1,575.2066,378.00113,0.30980393,0.20000002,49187768.000000
1,566.6116,384.50592,0.3137255,0.20000002,49188576.000000
0,557.35535,570.97687,0.32941177,0.23333335,49366768.000000
2,559.72394,595.27216,0.34117648,0.26666668,49366972.000000
2,528.9256,687.12164,0.34509805,0.26666668,49367176.000000
2,517.137,739.25616,0.34117648,0.26666668,49367368.000000
2,520.6612,733.95825,0.3372549,0.23333335,49367576.000000
2,542.9026,691.5756,0.3372549,0.26666668,49367780.000000
2,568.07336,672.50476,0.34117648,0.23333335,49367968.000000
2,597.68945,654.81647,0.34117648,0.23333335,49368364.000000
2,599.66943,648.81384,0.34117648,0.23333335,49368572.000000
1,599.66943,648.81384,0.34117648,0.23333335,49368776.000000
0,530.90906,654.81647,0.32156864,0.16666667,49375176.000000
2,565.9572,585.4245,0.34117648,0.23333335,49375408.000000
1,601.94763,553.6307,0.34117648,0.23333335,49375568.000000
0,538.1818,463.2863,0.32941177,0.23333335,44624752.000000
2,499.93063,531.0505,0.34117648,0.23333335,44624904.000000
2,420.30984,721.4457,0.34117648,0.26666668,44625104.000000
2,352.8147,903.51904,0.33333334,0.20000002,44625288.000000
1,351.73553,911.54724,0.3372549,0.20000002,44625692.000000
0,512.39667,617.2332,0.3137255,0.16666667,44838992.000000
2,584.69354,468.6047,0.3529412,0.26666668,44839200.000000
2,634.04956,366.89435,0.35686275,0.26666668,44839396.000000
1,650.5785,337.88818,0.3529412,0.23333335,44839600.000000
0,535.5372,633.85657,0.32156864,0.23333335,50270992.000000
2,564.30194,577.47186,0.3529412,0.23333335,50271168.000000
2,599.43567,521.36224,0.35686275,0.26666668,50271356.000000
1,612.318,510.26538,0.35686275,0.23333335,50271556.000000
0,581.15704,716.97345,0.30980393,0.13333334,50275576.000000
2,608.3633,684.3414,0.33333334,0.20000002,50275776.000000
2,650.85175,641.5082,0.3372549,0.23333335,50275964.000000
2,655.8752,638.185,0.3372549,0.23333335,50276180.000000
2,660.7824,630.6523,0.33333334,0.23333335,50276380.000000
2,666.977,620.98956,0.33333334,0.20000002,50276564.000000
1,669.7521,611.8125,0.33333334,0.20000002,50276768.000000
0,447.6033,587.6002,0.25490198,0.16666667,50416464.000000
1,447.6033,587.6002,0.25490198,0.16666667,50416668.000000
1,424.4628,552.1852,0.3137255,0.23333335,50417668.000000
0,470.7438,670.7171,0.3372549,0.23333335,36676688.000000
2,570.7549,535.03174,0.35686275,0.26666668,36676864.000000
2,597.67914,505.93625,0.34117648,0.26666668,36677068.000000
1,499.17355,625.1835,0.34117648,0.26666668,36678464.000000
0,436.36362,714.0824,0.30980393,0.20000002,36692880.000000
2,442.69305,697.2841,0.3372549,0.23333335,36693280.000000
2,464.0485,644.8809,0.3372549,0.23333335,36693480.000000
2,480.98267,601.72363,0.3372549,0.23333335,36693680.000000
1,483.3058,590.8526,0.3372549,0.23333335,36693888.000000
0,414.54544,657.7075,0.3137255,0.16666667,37077448.000000
2,425.07764,642.5802,0.3372549,0.26666668,37077660.000000
2,523.9983,483.58743,0.34117648,0.23333335,37077836.000000
2,570.5785,432.93054,0.32156864,0.23333335,37078036.000000
1,413.22314,591.214,0.31764707,0.16666667,37079040.000000
0,498.5124,541.3439,0.3254902,0.20000002,37087644.000000
2,503.4795,541.3439,0.36078432,0.26666668,37087852.000000
2,460.95517,633.30597,0.3529412,0.23333335,37088072.000000
2,512.75446,545.93555,0.36078432,0.23333335,37088848.000000
1,550.08264,486.0911,0.3647059,0.26666668,37089048.000000
0,656.52893,427.87125,0.3372549,0.23333335,78696200.000000
2,577.29584,547.5082,0.36078432,0.26666668,78696384.000000
2,553.3884,622.38074,0.35686275,0.26666668,78696584.000000
1,553.3884,626.26764,0.35686275,0.26666668,78696784.000000
0,442.9752,721.31,0.31764707,0.16666667,78821472.000000
2,532.6799,632.64355,0.35686275,0.26666668,78821664.000000
2,546.4462,622.2925,0.36078432,0.26666668,78821872.000000
1,546.78564,621.5601,0.36078432,0.26666668,78822080.000000
0,475.3719,733.5968,0.3137255,0.20000002,79960344.000000
2,557.9914,609.4175,0.34901962,0.20000002,79960536.000000
2,522.4539,661.7209,0.35686275,0.23333335,79960768.000000
2,602.9762,618.6777,0.3529412,0.23333335,79960936.000000
1,611.2396,611.4512,0.35686275,0.23333335,79961136.000000
