0,505.0,715.0,0.4666667,0.695,52229224.000000
2,438.51877,969.44366,0.5,0.72999996,52229424.000000
1,438.0,983.0367,0.53333336,0.655,52229640.000000
0,599.0,575.0,0.40000004,0.48499998,52398092.000000
2,589.0,496.2194,0.4666667,0.685,52398292.000000
1,589.0,492.62137,0.4666667,0.695,52398492.000000
0,554.0,463.0,0.4666667,0.59,52478124.000000
2,557.0,560.60034,0.4666667,0.76,52478328.000000
2,553.0,604.9627,0.4666667,0.79499996,52478528.000000
1,543.8321,623.0839,0.5,0.775,52478728.000000
0,150.0,465.0,0.40000004,0.525,52934064.000000
2,161.44403,465.0,0.40000004,0.615,52934260.000000
2,196.63542,466.0,0.43333337,0.66499996,52934464.000000
2,210.0,459.89264,0.43333337,0.715,52934668.000000
2,208.83955,457.0,0.4666667,0.72999996,52935064.000000
1,192.97794,459.0,0.4666667,0.705,52935868.000000
0,626.0,517.0,0.40000004,0.53499997,54008812.000000
2,619.75543,483.9567,0.40000004,0.685,54009024.000000
1,626.0,444.13766,0.4666667,0.68,54009216.000000
0,623.0,505.0,0.40000004,0.5,54009808.000000
2,593.03467,551.89606,0.43333337,0.66999996,54010016.000000
2,587.0,578.39545,0.4666667,0.695,54010208.000000
2,585.0,588.17194,0.4666667,0.705,54010408.000000
2,580.7595,590.0,0.4666667,0.71999997,54010616.000000
2,572.20874,583.4175,0.5,0.72999996,54010812.000000
2,569.93,574.86005,0.5,0.745,54011012.000000
1,571.0,566.1598,0.5,0.755,54011664.000000
0,483.0,586.0,0.40000004,0.57,35794048.000000
2,479.87964,580.9398,0.4666667,0.79499996,35794248.000000
2,477.87936,581.0,0.4666667,0.835,35794448.000000
1,477.87936,581.0,0.4666667,0.835,35795848.000000
0,148.0,578.0,0.4666667,0.615,35803048.000000
2,154.34067,585.17035,0.5,0.87,35803252.000000
2,156.06747,583.96625,0.53333336,0.89,35803448.000000
2,158.0,580.99084,0.53333336,0.905,35803860.000000
2,160.04015,581.0,0.53333336,0.9,35804260.000000
1,160.04015,581.0,0.53333336,0.9,35804452.000000
0,604.0,358.0,0.4666667,0.88,35887088.000000
2,601.629,360.92746,0.4666667,0.89,35887288.000000
2,463.70593,778.5292,0.53333336,0.79999995,35887488.000000
1,455.8807,818.2386,0.53333336,0.78499997,35887688.000000
0,123.0,471.0,0.40000004,0.505,35994936.000000
2,91.68867,484.0,0.43333337,0.58,35995136.000000
2,68.831795,485.0,0.43333337,0.61,35995336.000000
2,71.053696,485.0,0.43333337,0.625,35995536.000000
2,86.46617,485.0,0.4666667,0.63,35995736.000000
2,97.00141,485.0,0.4666667,0.66999996,35995936.000000
1,97.00141,485.0,0.4666667,0.66999996,35996144.000000
0,526.0,445.0,0.43333337,0.59499997,36016944.000000
2,525.1414,449.7172,0.43333337,0.72999996,36017148.000000
2,497.15305,467.4235,0.4666667,0.82,36017344.000000
2,496.01328,467.0,0.4666667,0.85499996,36017744.000000
1,506.42044,467.0,0.4666667,0.85999995,36018000.000000
0,255.0,566.0,0.4666667,0.615,36702888.000000
2,261.8429,566.0,0.4666667,0.79999995,36703088.000000
2,271.42975,566.0,0.4666667,0.88,36703296.000000
2,275.11206,566.0,0.4666667,0.88,36703488.000000
2,279.01608,566.0,0.5,0.905,36703688.000000
2,289.08362,566.0,0.5,0.945,36703888.000000
2,291.01437,567.0072,0.53333336,0.95,36704092.000000
2,293.00082,569.0008,0.53333336,0.955,36704288.000000
1,297.236,569.0,0.53333336,0.96999997,36704688.000000
0,542.0,733.0,0.4666667,0.585,82877208.000000
2,469.98193,940.10834,0.53333336,0.79999995,82877408.000000
2,443.78082,1071.4384,0.5666667,0.755,82877608.000000
1,444.0,1073.2408,0.5666667,0.76,82877824.000000
0,588.0,686.0,0.5,0.775,82878400.000000
2,498.6562,876.9002,0.53333336,0.835,82878608.000000
2,483.0059,940.9882,0.53333336,0.78499997,82878808.000000
2,486.97876,928.0425,0.53333336,0.79499996,82879008.000000
2,495.0,885.4779,0.53333336,0.835,82879208.000000
2,499.0,844.39185,0.53333336,0.85499996,82879408.000000
1,501.0,823.80286,0.53333336,0.83,82879608.000000
0,146.0,535.0,0.4666667,0.525,82978640.000000
2,143.81361,535.0,0.4666667,0.63,82978840.000000
2,135.78731,535.0,0.4666667,0.695,82979040.000000
2,136.0,537.04016,0.4666667,0.715,82979440.000000
2,140.06784,542.0678,0.5,0.765,82979840.000000
1,145.09323,545.18646,0.5,0.77,82980248.000000
0,94.0,422.0,0.40000004,0.545,82996448.000000
2,109.0692,521.2768,0.4666667,0.60499996,82996648.000000
2,118.0,601.847,0.4666667,0.63,82996848.000000
2,118.0,596.825,0.4666667,0.63,82997056.000000
2,113.0,560.7944,0.4666667,0.63,82997248.000000
2,106.0,520.3309,0.4666667,0.65999997,82997448.000000
2,97.0,496.44345,0.4666667,0.635,82997648.000000
2,95.93989,490.8798,0.4666667,0.615,82997848.000000
2,94.92386,482.84772,0.4666667,0.635,82998048.000000
2,95.0,475.2017,0.4666667,0.635,82998248.000000
2,93.0,459.4761,0.4666667,0.655,82998448.000000
1,92.0,452.71964,0.4666667,0.66499996,82998648.000000
0,121.0,346.0,0.43333337,0.71999997,83027456.000000
2,132.08374,391.54434,0.4666667,0.775,83027664.000000
2,173.0,632.2035,0.4666667,0.675,83027864.000000
2,173.0,669.86945,0.4666667,0.705,83028064.000000
2,173.0,666.98505,0.4666667,0.7,83029064.000000
2,173.0,658.4362,0.4666667,0.69,83029264.000000
2,173.0,652.65576,0.4666667,0.675,83029464.000000
2,172.0,633.6943,0.4666667,0.7,83029664.000000
2,169.0,623.57684,0.4666667,0.7,83029864.000000
2,167.0,617.8589,0.4666667,0.7,83030064.000000
2,164.0,609.662,0.4666667,0.685,83030264.000000
2,160.9221,603.84424,0.4666667,0.68,83030464.000000
2,158.97765,595.9553,0.5,0.66999996,83030664.000000
2,152.64272,579.2854,0.5,0.675,83030864.000000
2,152.0,567.85,0.5,0.69,83031064.000000
2,151.0,563.8603,0.5,0.69,83031264.000000
2,145.91838,553.83673,0.5,0.685,83031464.000000
2,145.0,545.82983,0.4666667,0.68,83031664.000000
2,143.0,529.6355,0.4666667,0.685,83031864.000000
2,143.0,517.57855,0.4666667,0.695,83032064.000000
1,143.0,509.7576,0.4666667,0.71,83032264.000000
0,454.0,581.0,0.5,0.62,83096088.000000
2,447.4245,581.0,0.5,0.755,83096288.000000
2,442.3771,584.62286,0.5,0.805,83096488.000000
2,437.1377,589.8623,0.5,0.79499996,83096688.000000
2,413.47235,629.5829,0.5,0.695,83096888.000000
2,415.0047,651.0023,0.5,0.78999996,83097088.000000
2,427.08008,652.0,0.5,0.81,83097288.000000
2,426.25677,647.02704,0.5,0.78,83097488.000000
2,425.0,637.3462,0.5,0.78499997,83097696.000000
2,427.9356,629.8712,0.5,0.78499997,83097888.000000
2,429.0,638.00745,0.5,0.805,83098088.000000
2,431.03256,638.0,0.5,0.81,83098288.000000
1,431.03256,638.0,0.5,0.81,83098704.000000
0,235.0,307.0,0.43333337,0.83,83101488.000000
2,233.09955,425.38928,0.43333337,0.74,83101688.000000
2,234.41666,842.91675,0.4666667,0.65999997,83101888.000000
2,233.0,877.1569,0.4666667,0.65,83102096.000000
2,221.0,941.6577,0.4666667,0.65,83102296.000000
2,217.0,1014.00116,0.5,0.65,83102496.000000
2,214.0,1067.7297,0.5666667,0.655,83102688.000000
2,215.0,1114.8484,0.5666667,0.655,83102896.000000
2,216.01064,1119.9788,0.5666667,0.68,83103488.000000
2,218.56073,1118.7196,0.5666667,0.68,83103688.000000
2,223.0,1104.2264,0.5666667,0.66499996,83103888.000000
2,229.0,1078.7506,0.53333336,0.65,83104088.000000
2,231.0,1057.7893,0.53333336,0.675,83104296.000000
2,231.0,1053.9899,0.53333336,0.68,83104488.000000
2,231.0,1045.0,0.53333336,0.675,83104688.000000
2,230.0,1015.1704,0.53333336,0.645,83104888.000000
2,225.0,985.3728,0.5,0.655,83105096.000000
2,218.65862,972.6586,0.5,0.635,83105296.000000
2,216.0,952.6611,0.5,0.625,83105488.000000
2,208.46382,912.8794,0.5,0.60499996,83105696.000000
2,129.97995,668.8597,0.4666667,0.65,83105888.000000
2,118.0,560.5226,0.4666667,0.66499996,83106096.000000
2,118.0,538.9777,0.4666667,0.705,83106296.000000
2,110.10925,520.2185,0.4666667,0.71,83106496.000000
2,89.0,386.356,0.4666667,0.7,83106696.000000
1,85.0,346.67975,0.4666667,0.75,83106896.000000
0,409.0,530.0,0.4666667,0.65999997,83216544.000000
2,381.78214,534.4436,0.4666667,0.715,83216736.000000
2,345.9719,542.0562,0.4666667,0.78,83217136.000000
2,355.1877,546.0,0.4666667,0.79999995,83217336.000000
1,359.56436,546.0,0.4666667,0.79999995,83217552.000000
0,545.0,539.0,0.4666667,0.755,83257552.000000
2,573.06256,467.85406,0.5,0.85499996,83257760.000000
2,616.2614,395.6079,0.5,0.95,83257960.000000
2,552.09393,570.4364,0.5,0.84,83258160.000000
1,543.71875,599.5625,0.5,0.84499997,83258360.000000
0,52.0,592.0,0.40000004,0.49499997,83384576.000000
2,56.0,581.98486,0.43333337,0.56,83384784.000000
2,72.94916,477.10168,0.43333337,0.66499996,83384976.000000
2,75.0,448.80518,0.43333337,0.69,83385176.000000
2,75.56954,411.1391,0.43333337,0.72999996,83385376.000000
2,76.0,403.73218,0.43333337,0.745,83385584.000000
2,72.0,385.1489,0.43333337,0.715,83385784.000000
2,61.63519,361.2704,0.43333337,0.72999996,83385976.000000
2,66.0,333.94894,0.43333337,0.745,83386384.000000
2,68.001724,331.99826,0.43333337,0.75,83386576.000000
2,79.056015,321.88797,0.43333337,0.805,83386784.000000
2,79.0,306.42703,0.43333337,0.79999995,83386976.000000
2,83.16051,307.44034,0.43333337,0.84999996,83387176.000000
2,114.0,358.1812,0.4666667,0.815,83387376.000000
2,118.0,384.8335,0.4666667,0.755,83387576.000000
2,120.0,399.72736,0.4666667,0.78499997,83387784.000000
2,120.0,404.04697,0.4666667,0.84499997,83387984.000000
2,120.0,401.9954,0.4666667,0.79499996,83388384.000000
2,120.0,397.9489,0.4666667,0.82,83388784.000000
2,122.0,391.97406,0.5,0.905,83389376.000000
1,122.0,389.75122,0.5,0.885,83389584.000000
0,581.0,489.0,0.4666667,0.515,83438600.000000
2,576.43695,492.56305,0.4666667,0.59499997,83438800.000000
2,560.43805,500.0,0.4666667,0.755,83439016.000000
2,543.5899,507.41006,0.4666667,0.78499997,83439200.000000
2,528.58374,515.0,0.4666667,0.81,83439400.000000
2,524.9703,518.0297,0.4666667,0.84499997,83439600.000000
2,512.0,525.5,0.5,0.815,83439808.000000
2,489.16116,530.0,0.5,0.885,83440008.000000
2,506.54675,515.2266,0.5,0.89,83440200.000000
1,517.08844,514.0,0.5,0.88,83440400.000000
0,619.0,360.0,0.4666667,0.66999996,83644560.000000
2,605.35834,390.28333,0.4666667,0.75,83644776.000000
2,489.1187,646.7626,0.4666667,0.75,83644960.000000
2,417.81534,826.3693,0.4666667,0.755,83645160.000000
2,416.0,838.05096,0.5,0.74,83645360.000000
2,416.0,842.83887,0.5,0.73499995,83645560.000000
2,416.0,849.959,0.5,0.72999996,83645960.000000
2,416.0,841.6966,0.53333336,0.73499995,83646160.000000
2,416.0,825.16644,0.53333336,0.72499996,83646360.000000
2,416.0,791.68567,0.53333336,0.77,83646560.000000
2,415.0,768.91876,0.53333336,0.78,83646760.000000
2,415.0,766.658,0.53333336,0.78,83646968.000000
2,439.5357,680.8571,0.53333336,0.805,83647160.000000
2,465.36584,605.0853,0.53333336,0.815,83647360.000000
2,513.23926,474.90182,0.53333336,0.84499997,83647560.000000
2,529.03864,412.94208,0.53333336,0.805,83647760.000000
1,532.0,387.16513,0.53333336,0.85499996,83647976.000000
0,171.0,604.0,0.43333337,0.53,83733608.000000
2,177.0,586.32666,0.43333337,0.63,83733800.000000
2,179.0,568.78937,0.43333337,0.715,83734000.000000
1,179.0,566.86615,0.43333337,0.715,83734216.000000
0,81.0,577.0,0.36666667,0.47,83918288.000000
2,81.0,550.55225,0.36666667,0.57,83918488.000000
2,83.0,502.3616,0.4666667,0.66499996,83918688.000000
2,84.0,477.81525,0.4666667,0.715,83918888.000000
2,88.0,459.16248,0.4666667,0.74,83919088.000000
2,88.0,455.95453,0.4666667,0.78,83919288.000000
2,87.0,452.58917,0.4666667,0.77,83919488.000000
2,84.0,431.95444,0.4666667,0.755,83919688.000000
2,84.0,421.78757,0.4666667,0.78499997,83919888.000000
2,76.978905,401.9578,0.4666667,0.78499997,83920288.000000
2,77.0,395.66626,0.4666667,0.77,83920488.000000
2,77.0,387.9675,0.4666667,0.77,83920688.000000
2,74.25096,367.87643,0.4666667,0.77,83920888.000000
2,73.01124,363.02246,0.4666667,0.82,83921688.000000
2,77.02659,387.10635,0.4666667,0.81,83921888.000000
2,106.42092,511.5255,0.4666667,0.75,83922088.000000
2,116.0,598.43286,0.5,0.71,83922288.000000
2,99.474464,556.3387,0.5,0.685,83922496.000000
2,76.0,447.27573,0.5,0.695,83922688.000000
2,76.0,441.97226,0.4666667,0.71,83922888.000000
2,76.45421,438.08786,0.4666667,0.755,83923296.000000
2,104.0,610.51715,0.5,0.72999996,83923488.000000
2,105.04194,610.91614,0.5,0.695,83923688.000000
2,88.0,555.29926,0.5,0.675,83923888.000000
1,89.0,526.66583,0.5,0.69,83924688.000000
0,440.0,1048.0,0.53333336,0.585,58819060.000000
2,486.71933,974.4678,0.53333336,0.76,58819256.000000
2,505.0,925.1704,0.53333336,0.85999995,58819456.000000
2,507.07236,913.8553,0.53333336,0.88,58819656.000000
2,509.0,909.9194,0.53333336,0.905,58819860.000000
2,509.0,907.9949,0.53333336,0.905,58820256.000000
2,509.0,905.98126,0.53333336,0.91499996,58820456.000000
2,509.0,901.29956,0.53333336,0.90999997,58820656.000000
2,514.0,858.27057,0.53333336,0.92499995,58820856.000000
2,511.0,825.79144,0.53333336,0.95,58821060.000000
2,511.0,822.27606,0.53333336,0.97999996,58821256.000000
2,511.0,793.30853,0.53333336,0.96999997,58821456.000000
1,511.0,768.6455,0.5666667,1.035,58821660.000000
0,408.0,1036.0,0.4666667,0.53499997,58825468.000000
2,413.89215,1030.1079,0.4666667,0.62,58825660.000000
2,453.33722,964.32556,0.5,0.78,58825860.000000
1,459.0,946.7602,0.53333336,0.815,58826060.000000
0,37.0,464.0,0.36666667,0.55,58842272.000000
2,56.132126,390.4715,0.40000004,0.62,58842464.000000
2,44.103046,225.65457,0.40000004,0.755,58842672.000000
2,18.596855,150.79056,0.40000004,0.69,58842876.000000
2,12.0,74.623474,0.40000004,0.635,58843064.000000
1,13.0,42.897575,0.40000004,0.58,58843276.000000
0,111.0,479.0,0.4666667,0.59999996,58854872.000000
2,110.481895,369.1365,0.4666667,0.77,58855072.000000
2,95.606255,309.96872,0.4666667,0.91999996,58855276.000000
2,87.91208,212.56038,0.5,0.92499995,58855472.000000
2,59.22623,167.45245,0.5,0.885,58855672.000000
2,41.97983,151.04034,0.5,0.895,58856072.000000
2,66.571175,201.52313,0.5,0.89,58856272.000000
2,83.0,269.8581,0.5,0.875,58856472.000000
2,51.870895,228.11815,0.5,0.78,58856672.000000
2,34.512146,189.75607,0.5,0.82,58856872.000000
2,127.67016,339.34033,0.5,0.805,58857072.000000
2,191.77545,520.32635,0.5,0.715,58857276.000000
2,194.0,539.61096,0.5,0.74,58857472.000000
2,202.0,577.8286,0.5,0.72499996,58857672.000000
2,203.0,596.1677,0.5,0.71,58858072.000000
2,196.62648,567.87946,0.5,0.71,58858276.000000
2,184.0,529.153,0.5,0.73499995,58858476.000000
1,184.0,527.33057,0.5,0.73499995,58858876.000000
0,608.0,356.0,0.4666667,0.685,58882884.000000
2,546.8826,492.84506,0.4666667,0.84,58883088.000000
2,507.1575,666.2125,0.5,0.825,58883288.000000
2,486.36673,780.4831,0.5,0.79499996,58883488.000000
2,471.0,899.5588,0.5,0.78999996,58883688.000000
2,467.99588,907.9979,0.53333336,0.78499997,58883884.000000
2,468.0,903.27783,0.53333336,0.765,58884084.000000
2,471.0,874.25525,0.53333336,0.79999995,58884288.000000
2,478.0,830.3247,0.53333336,0.805,58884488.000000
2,478.0,821.98694,0.53333336,0.85999995,58884684.000000
2,476.0,805.7196,0.53333336,0.84999996,58884884.000000
2,476.0,791.44226,0.53333336,0.865,58885084.000000
2,476.0,783.8243,0.53333336,0.875,58885288.000000
2,477.0,774.51544,0.53333336,0.91499996,58885884.000000
2,577.7145,598.3926,0.53333336,0.905,58886088.000000
2,651.0,434.11862,0.53333336,0.84,58886284.000000
2,652.0,412.92764,0.5,0.885,58886488.000000
2,652.0,411.04553,0.5,0.885,58886884.000000
2,646.4866,422.02682,0.5,0.935,58887084.000000
2,621.0127,489.96188,0.5,0.95,58887288.000000
2,588.7816,564.4368,0.53333336,0.91499996,58887488.000000
2,588.664,565.00793,0.53333336,0.90999997,58887684.000000
2,594.0197,538.9212,0.53333336,0.945,58888088.000000
2,563.5042,634.9831,0.53333336,0.9,58888288.000000
2,560.0,657.0468,0.53333336,0.9,58888688.000000
2,560.0,661.10394,0.53333336,0.9,58888884.000000
2,559.0,671.8403,0.53333336,0.92499995,58889088.000000
2,559.0,689.00385,0.53333336,0.89,58889288.000000
2,559.0,705.2399,0.53333336,0.905,58889488.000000
2,559.0,708.70825,0.53333336,0.88,58889888.000000
2,559.0,725.4429,0.53333336,0.85999995,58890088.000000
2,558.0,770.5554,0.53333336,0.85499996,58890288.000000
2,558.0,776.01154,0.53333336,0.84499997,58890488.000000
2,559.00104,773.998,0.53333336,0.835,58891288.000000
2,562.0,763.1362,0.53333336,0.84,58891492.000000
2,617.2377,596.4653,0.53333336,0.875,58891688.000000
2,639.0,489.66974,0.53333336,0.895,58891888.000000
2,647.0,450.13486,0.5,0.885,58892088.000000
1,648.0236,442.95276,0.5,0.935,58892300.000000
0,627.0,413.0,0.4666667,0.82,58989332.000000
2,479.07245,726.5909,0.53333336,0.85999995,58989532.000000
2,411.10583,997.6825,0.53333336,0.79999995,58989732.000000
2,411.0,1024.8497,0.53333336,0.79999995,58989932.000000
1,412.0,1046.5485,0.53333336,0.78499997,58990132.000000
0,672.0,301.0,0.4666667,0.79499996,59319288.000000
2,639.90204,348.51294,0.4666667,0.935,59319488.000000
2,358.285,1035.6216,0.53333336,0.82,59319688.000000
2,345.19565,1108.4131,0.5666667,0.805,59319892.000000
2,343.95938,1117.0812,0.6,0.825,59320088.000000
2,335.4093,1166.5907,0.6,0.905,59320288.000000
2,325.0,1186.2664,0.6333334,0.93,59320488.000000
2,325.0,1198.1803,0.6,0.885,59320696.000000
2,325.0,1205.9473,0.6,0.91499996,59320896.000000
2,346.33127,1122.5093,0.6,0.825,59321088.000000
2,383.8522,984.44336,0.5666667,0.805,59321292.000000
1,393.0,966.8975,0.5666667,0.84,59321488.000000
0,643.0,483.0,0.4666667,0.78,59490776.000000
2,633.90796,508.36807,0.5,0.92499995,59490976.000000
2,596.0,636.0,0.53333336,0.9,59491176.000000
2,594.98834,636.9766,0.53333336,0.88,59491776.000000
2,595.0,634.91754,0.53333336,0.875,59491976.000000
2,594.0,630.9139,0.53333336,0.88,59492176.000000
2,589.87994,629.0,0.53333336,0.93,59492376.000000
1,589.87994,629.0,0.53333336,0.93,59492976.000000
