0,995.0,1425.0,0.03529412,1.0,50970816.000000
2,982.2003,1403.8004,0.0882353,1.0,50970832.000000
2,975.33093,1392.3956,0.0882353,1.0,50970840.000000
2,967.54236,1377.0847,0.0882353,1.0,50970864.000000
2,958.8332,1357.1663,0.0882353,1.0,50970880.000000
2,951.1471,1335.8118,0.10588236,1.0,50970896.000000
2,946.2543,1312.1865,0.10588236,1.0,50970912.000000
2,943.0925,1292.5552,0.12352942,1.0,50970936.000000
2,941.00793,1276.0792,0.12352942,1.0,50970956.000000
2,939.4586,1261.6691,0.10588236,1.0,50970968.000000
2,938.0,1215.4354,0.12352942,1.0,50971036.000000
2,938.0,1202.9016,0.12352942,1.0,50971044.000000
2,938.0,1189.7169,0.12352942,1.0,50971068.000000
2,938.0,1177.3894,0.10588236,1.0,50971076.000000
2,938.87585,1167.745,0.10588236,1.0,50971092.000000
2,939.0,1158.4573,0.12352942,1.0,50971112.000000
2,939.0,1152.1674,0.12352942,1.0,50971128.000000
2,939.0,1146.4985,0.12352942,1.0,50971144.000000
2,939.0,1142.9143,0.12352942,1.0,50971164.000000
2,939.0,1140.4525,0.12352942,1.0,50971176.000000
2,939.0,1138.8696,0.12352942,1.0,50971192.000000
2,939.0,1137.3263,0.12352942,1.0,50971212.000000
2,937.7836,1135.7837,0.12352942,1.0,50971228.000000
2,936.2374,1134.2374,0.10588236,1.0,50971244.000000
2,934.6852,1131.3704,0.10588236,1.0,50971264.000000
1,934.6852,1131.3704,0.10588236,1.0,50971276.000000
0,650.0,1136.0,0.03529412,1.0,51074696.000000
2,650.0,1136.0,0.0882353,1.0,51074716.000000
2,650.0,1136.0,0.10588236,1.0,51074736.000000
2,650.0,1136.0,0.10588236,1.0,51074752.000000
2,651.0472,1131.8112,0.10588236,1.0,51074764.000000
1,651.0472,1131.8112,0.10588236,1.0,51074784.000000
0,611.0,606.0,0.05294118,1.0,51178072.000000
2,611.0,606.0,0.14117648,1.0,51178104.000000
2,611.0,606.0,0.10588236,1.0,51178136.000000
1,611.0,606.0,0.10588236,1.0,51178144.000000
0,564.0,718.0,0.07058824,1.0,51195884.000000
2,564.0,718.0,0.12352942,1.0,51195912.000000
2,564.0,718.0,0.12352942,1.0,51195920.000000
2,564.0,718.0,0.12352942,1.0,51195940.000000
2,564.0,718.0,0.10588236,1.0,51195952.000000
1,564.0,718.0,0.10588236,1.0,51195960.000000
0,884.0,620.0,0.05294118,1.0,51343768.000000
2,884.0,620.0,0.0882353,1.0,51343776.000000
2,884.0,620.0,0.10588236,1.0,51343796.000000
2,884.0,620.0,0.10588236,1.0,51343804.000000
2,884.0,620.0,0.12352942,1.0,51343824.000000
2,884.0,620.94257,0.12352942,1.0,51343848.000000
2,884.0,631.03577,0.12352942,1.0,51343860.000000
2,884.0,647.5678,0.12352942,1.0,51343880.000000
2,884.0,663.6774,0.12352942,1.0,51343896.000000
2,885.4234,677.81055,0.12352942,1.0,51343916.000000
2,886.96643,690.73145,0.12352942,1.0,51343928.000000
2,888.51044,702.57306,0.12352942,1.0,51343944.000000
2,890.0543,713.3801,0.10588236,1.0,51343960.000000
2,893.1874,723.1558,0.10588236,1.0,51343976.000000
2,896.2794,732.8382,0.0882353,1.0,51343996.000000
2,900.06665,745.5111,0.0882353,1.0,51344008.000000
2,903.4656,757.8623,0.10588236,1.0,51344028.000000
2,906.5491,770.19635,0.10588236,1.0,51344048.000000
2,908.3215,781.25024,0.10588236,1.0,51344060.000000
2,909.86945,790.2167,0.10588236,1.0,51344076.000000
2,911.41925,799.51556,0.0882353,1.0,51344096.000000
2,912.9553,807.7319,0.0882353,1.0,51344116.000000
2,915.4934,816.9604,0.0882353,1.0,51344132.000000
2,920.1389,843.83344,0.10588236,1.0,51344188.000000
2,921.6738,853.717,0.10588236,1.0,51344200.000000
2,923.22144,864.5501,0.0882353,1.0,51344220.000000
2,926.53766,885.53253,0.0882353,1.0,51344240.000000
2,927.37213,914.22034,0.10588236,1.0,51344256.000000
2,920.8612,958.26324,0.0882353,1.0,51344272.000000
2,911.5565,994.95935,0.10588236,1.0,51344288.000000
2,907.05066,1017.4936,0.0882353,1.0,51344308.000000
2,907.0,1022.5,0.07058824,1.0,51344324.000000
2,907.0,1021.0,0.05294118,1.0,51344340.000000
1,907.0,1021.0,0.05294118,1.0,51344356.000000
0,542.0,817.0,0.07058824,1.0,51352796.000000
2,542.0,817.0,0.14117648,1.0,51352816.000000
2,542.0,817.0,0.14117648,1.0,51352836.000000
2,542.0,817.0,0.14117648,1.0,51352872.000000
1,542.0,817.0,0.14117648,1.0,51352872.000000
0,917.0,645.0,0.05294118,1.0,51371000.000000
2,915.70404,652.77563,0.10588236,1.0,51371024.000000
2,916.0,667.5339,0.0882353,1.0,51371040.000000
2,916.3836,682.83624,0.0882353,1.0,51371060.000000
2,917.9264,698.2641,0.10588236,1.0,51371072.000000
2,919.94977,713.74896,0.10588236,1.0,51371096.000000
2,924.06116,728.1834,0.0882353,1.0,51371108.000000
2,927.1134,741.4536,0.0882353,1.0,51371128.000000
2,930.1732,752.60626,0.12352942,1.0,51371144.000000
2,933.3021,762.9063,0.12352942,1.0,51371156.000000
2,936.38617,772.15857,0.12352942,1.0,51371176.000000
2,939.48395,779.70984,0.12352942,1.0,51371192.000000
2,941.28656,786.1463,0.12352942,1.0,51371208.000000
2,945.0,795.9114,0.0882353,1.0,51371268.000000
2,945.0,797.45703,0.0882353,1.0,51371280.000000
2,945.0,798.0,0.10588236,1.0,51371300.000000
2,945.0,798.0,0.12352942,1.0,51371484.000000
2,945.0,798.0,0.12352942,1.0,51371584.000000
2,945.0,798.0,0.12352942,1.0,51371628.000000
2,945.0,798.0,0.12352942,1.0,51371644.000000
2,945.0,798.0,0.12352942,1.0,51371652.000000
2,945.0,798.0,0.12352942,1.0,51371672.000000
2,945.0,798.0,0.12352942,1.0,51371684.000000
2,945.0,798.0,0.12352942,1.0,51371752.000000
2,945.0,798.0,0.12352942,1.0,51371796.000000
2,945.0,796.8314,0.12352942,1.0,51371820.000000
2,945.0,797.0,0.12352942,1.0,51371852.000000
2,945.0,795.9676,0.12352942,1.0,51371904.000000
2,945.0,794.3098,0.12352942,1.0,51371936.000000
2,945.0,791.20874,0.12352942,1.0,51371968.000000
2,945.0,789.66144,0.12352942,1.0,51371980.000000
2,945.0,787.22125,0.12352942,1.0,51372000.000000
2,945.0,782.32825,0.12352942,1.0,51372016.000000
2,945.0,775.12506,0.12352942,1.0,51372032.000000
2,954.3329,728.8349,0.10588236,1.0,51372096.000000
2,958.09467,718.1125,0.10588236,1.0,51372108.000000
2,961.4897,708.531,0.10588236,1.0,51372132.000000
2,964.5553,699.33405,0.0882353,1.0,51372148.000000
2,968.0185,690.963,0.0882353,1.0,51372164.000000
2,973.5261,679.9478,0.10588236,1.0,51372184.000000
2,980.7017,666.59656,0.10588236,1.0,51372204.000000
2,989.0,643.9609,0.0882353,1.0,51372224.000000
2,983.6498,636.71985,0.07058824,1.0,51372232.000000
1,983.6498,636.71985,0.07058824,1.0,51372244.000000
0,912.0,897.0,0.07058824,1.0,51599152.000000
2,908.5238,892.3651,0.0882353,1.0,51599176.000000
2,903.8935,878.9783,0.0882353,1.0,51599192.000000
2,899.257,861.02814,0.10588236,1.0,51599204.000000
2,898.0,834.69336,0.10588236,1.0,51599224.000000
2,899.33374,805.6585,0.10588236,1.0,51599244.000000
2,903.634,771.5622,0.10588236,1.0,51599256.000000
2,908.27997,736.18695,0.10588236,1.0,51599276.000000
2,913.88275,704.7818,0.10588236,1.0,51599296.000000
2,918.5,674.0,0.10588236,1.0,51599308.000000
2,923.16425,648.12396,0.12352942,1.0,51599328.000000
2,927.7946,629.8216,0.14117648,1.0,51599344.000000
2,933.58966,610.0836,0.12352942,1.0,51599372.000000
2,939.0667,590.73315,0.12352942,1.0,51599388.000000
2,945.1453,573.70935,0.12352942,1.0,51599404.000000
2,953.68665,558.18896,0.14117648,1.0,51599424.000000
2,972.25287,526.24524,0.10588236,1.0,51599448.000000
2,980.085,512.247,0.10588236,1.0,51599460.000000
2,987.818,500.29117,0.10588236,1.0,51599476.000000
2,993.0294,488.91168,0.0882353,1.0,51599496.000000
2,995.0663,480.66873,0.07058824,1.0,51599512.000000
1,995.0663,480.66873,0.07058824,1.0,51599528.000000
0,986.0,659.0,0.05294118,1.0,51839932.000000
2,986.0,659.0,0.10588236,1.0,51839948.000000
2,986.0,659.0,0.10588236,1.0,51839960.000000
2,984.94055,662.17834,0.10588236,1.0,51839980.000000
2,975.1395,736.5581,0.0882353,1.0,51840144.000000
2,978.1537,746.461,0.10588236,1.0,51840168.000000
2,979.74066,752.2219,0.10588236,1.0,51840184.000000
2,980.0,756.7998,0.10588236,1.0,51840200.000000
2,981.8296,759.6592,0.10588236,1.0,51840220.000000
2,983.3667,762.7334,0.10588236,1.0,51840232.000000
2,983.90137,765.80273,0.10588236,1.0,51840252.000000
2,984.0,767.4553,0.10588236,1.0,51840264.000000
2,984.0,772.10895,0.10588236,1.0,51840320.000000
2,985.0,774.1937,0.10588236,1.0,51840344.000000
1,985.0,774.1937,0.10588236,1.0,51840348.000000
0,935.0,856.0,0.03529412,1.0,51858444.000000
2,937.8315,840.71344,0.07058824,1.0,51858464.000000
2,944.7667,819.9464,0.07058824,1.0,51858480.000000
2,955.0918,786.1269,0.10588236,1.0,51858500.000000
2,974.7919,742.8894,0.10588236,1.0,51858516.000000
2,994.67645,696.9191,0.10588236,1.0,51858536.000000
2,1016.8785,648.24304,0.10588236,1.0,51858548.000000
2,1040.5715,606.857,0.07058824,1.0,51858568.000000
2,1053.1766,575.43475,0.05294118,1.0,51858584.000000
1,1053.1766,575.43475,0.05294118,1.0,51858628.000000
0,402.0,813.0,0.10588236,1.0,52951844.000000
2,402.0,813.0,0.14117648,1.0,52951880.000000
2,402.52756,811.4173,0.12352942,1.0,52951900.000000
2,405.1673,806.749,0.12352942,1.0,52951912.000000
1,405.1673,806.749,0.12352942,1.0,52951920.000000
0,76.0,865.0,0.03529412,1.0,52983036.000000
2,76.0,865.0,0.10588236,1.0,52983056.000000
2,76.0,865.0,0.10588236,1.0,52983080.000000
2,70.78049,861.7805,0.0882353,1.0,52983096.000000
1,70.78049,861.7805,0.0882353,1.0,52983100.000000
0,951.0,516.0,0.03529412,1.0,53035584.000000
2,948.0,557.4018,0.12352942,1.0,53035604.000000
2,948.0,593.5,0.12352942,1.0,53035628.000000
2,947.8456,630.088,0.12352942,1.0,53035644.000000
2,946.2665,661.6699,0.12352942,1.0,53035656.000000
2,945.72186,695.11884,0.10588236,1.0,53035676.000000
2,945.0,729.94806,0.12352942,1.0,53035692.000000
2,945.0,765.13666,0.0882353,1.0,53035708.000000
2,946.83105,800.9727,0.12352942,1.0,53035724.000000
2,951.36664,833.19995,0.0882353,1.0,53035744.000000
2,953.0,860.20496,0.0882353,1.0,53035756.000000
1,953.0,860.20496,0.0882353,1.0,53035760.000000
0,522.0,532.0,0.07058824,1.0,37809580.000000
2,522.0,532.0,0.10588236,1.0,37809608.000000
2,522.0,532.0,0.10588236,1.0,37809636.000000
1,522.0,532.0,0.10588236,1.0,37809656.000000
0,860.0,1001.0,0.0882353,1.0,55648648.000000
2,860.0,1001.0,0.07058824,1.0,55648672.000000
2,860.0,1001.0,0.10588236,1.0,55648704.000000
2,860.57556,1004.45325,0.10588236,1.0,55648728.000000
2,863.239,1017.07556,0.10588236,1.0,55648748.000000
2,866.32117,1034.2664,0.12352942,1.0,55648760.000000
2,870.62537,1050.0846,0.12352942,1.0,55648776.000000
2,874.24506,1062.9868,0.12352942,1.0,55648792.000000
2,877.5919,1075.3677,0.0882353,1.0,55648808.000000
2,881.50867,1087.6897,0.0882353,1.0,55648824.000000
2,884.7602,1098.6606,0.10588236,1.0,55648840.000000
2,887.84766,1106.6191,0.10588236,1.0,55648864.000000
2,892.40753,1114.346,0.10588236,1.0,55648876.000000
2,895.01794,1119.0269,0.10588236,1.0,55648904.000000
2,897.54694,1123.6409,0.10588236,1.0,55648924.000000
2,899.09314,1127.1863,0.10588236,1.0,55648936.000000
2,900.63477,1130.2695,0.10588236,1.0,55648952.000000
2,901.0,1132.1818,0.10588236,1.0,55648968.000000
2,901.0,1133.7208,0.10588236,1.0,55648988.000000
2,901.0,1135.266,0.10588236,1.0,55649000.000000
2,901.0,1136.5,0.10588236,1.0,55649020.000000
2,901.0,1137.1235,0.10588236,1.0,55649076.000000
2,901.0,1141.2231,0.0882353,1.0,55649108.000000
1,901.0,1141.2231,0.0882353,1.0,55649124.000000
0,100.0,569.0,0.05294118,1.0,55657632.000000
2,100.0,569.0,0.10588236,1.0,55657684.000000
2,100.0,569.0,0.10588236,1.0,55657704.000000
2,100.0,569.0,0.10588236,1.0,55657716.000000
1,100.0,569.0,0.10588236,1.0,55657736.000000
0,683.0,612.0,0.05294118,1.0,55662116.000000
2,683.0,612.0,0.14117648,1.0,55662136.000000
2,683.0,612.0,0.14117648,1.0,55662160.000000
2,683.0,612.0,0.14117648,1.0,55662176.000000
2,683.0,612.0,0.0882353,1.0,55662184.000000
1,683.0,612.0,0.0882353,1.0,55662192.000000
0,885.0,590.0,0.0882353,1.0,55765916.000000
2,885.0,590.0,0.10588236,1.0,55765944.000000
2,885.0,590.0,0.10588236,1.0,55765960.000000
2,885.0,590.0,0.12352942,1.0,55765976.000000
2,885.0,590.0,0.12352942,1.0,55766108.000000
2,885.0,590.0,0.12352942,1.0,55766728.000000
2,885.0,590.0,0.10588236,1.0,55766856.000000
2,885.0,590.0,0.10588236,1.0,55766876.000000
2,885.0,590.0,0.10588236,1.0,55766892.000000
1,885.0,590.0,0.10588236,1.0,55766896.000000
0,914.0,681.0,0.05294118,1.0,55767540.000000
2,914.0,681.0,0.0882353,1.0,55767556.000000
2,914.0,681.0,0.0882353,1.0,55767568.000000
2,914.0,681.0,0.0882353,1.0,55767608.000000
2,917.1359,678.90936,0.0882353,1.0,55767616.000000
1,917.1359,678.90936,0.0882353,1.0,55767636.000000
0,811.0,895.0,0.03529412,1.0,55956584.000000
2,811.0,895.0,0.07058824,1.0,55956600.000000
2,811.0,895.0,0.0882353,1.0,55956612.000000
2,811.0,895.0,0.0882353,1.0,55956632.000000
2,815.64594,890.35406,0.0882353,1.0,55956648.000000
2,826.09375,876.2947,0.10588236,1.0,55956664.000000
2,846.8137,848.1099,0.12352942,1.0,55956680.000000
2,879.0162,793.65466,0.10588236,1.0,55956700.000000
2,910.0,739.5,0.10588236,1.0,55956720.000000
2,928.48785,697.6828,0.12352942,1.0,55956744.000000
2,942.7273,658.40906,0.12352942,1.0,55956752.000000
2,952.8406,629.6184,0.12352942,1.0,55956768.000000
2,963.13336,602.97766,0.10588236,1.0,55956780.000000
2,971.1152,580.87756,0.10588236,1.0,55956800.000000
2,978.86304,564.5013,0.10588236,1.0,55956816.000000
2,987.9288,547.46387,0.10588236,1.0,55956832.000000
2,999.0514,524.0328,0.10588236,1.0,55956856.000000
2,1012.10767,503.66003,0.0882353,1.0,55956876.000000
2,1027.579,484.50528,0.0882353,1.0,55956884.000000
2,1040.5734,467.38467,0.0882353,1.0,55956904.000000
2,1047.172,453.54135,0.05294118,1.0,55956916.000000
1,1047.172,453.54135,0.05294118,1.0,55956920.000000
0,965.0,735.0,0.05294118,1.0,69684576.000000
2,962.9252,738.11224,0.10588236,1.0,69684592.000000
2,959.8456,744.3089,0.12352942,1.0,69684616.000000
2,956.7554,751.6115,0.12352942,1.0,69684632.000000
2,956.0,762.70325,0.12352942,1.0,69684656.000000
2,956.0,774.6984,0.12352942,1.0,69684664.000000
2,957.75055,788.0043,0.10588236,1.0,69684696.000000
2,959.2996,800.69666,0.0882353,1.0,69684728.000000
2,962.3869,830.48206,0.10588236,1.0,69684744.000000
2,963.9325,844.3927,0.10588236,1.0,69684760.000000
2,965.4749,855.3245,0.10588236,1.0,69684776.000000
2,967.0175,865.1051,0.0882353,1.0,69684800.000000
2,968.5626,873.81323,0.0882353,1.0,69684816.000000
2,971.1025,882.6148,0.0882353,1.0,69684832.000000
2,972.6454,891.2268,0.10588236,1.0,69684848.000000
2,974.18744,898.9373,0.10588236,1.0,69684864.000000
2,975.7314,905.9256,0.10588236,1.0,69684888.000000
2,980.37054,921.7411,0.10588236,1.0,69684920.000000
2,981.907,924.81396,0.10588236,1.0,69684936.000000
2,983.0,927.4523,0.0882353,1.0,69684960.000000
2,983.0,928.98926,0.0882353,1.0,69684968.000000
2,983.0,929.5,0.0882353,1.0,69684984.000000
2,981.90784,931.09216,0.0882353,1.0,69685000.000000
1,981.90784,931.09216,0.0882353,1.0,69685008.000000
0,872.0,684.0,0.03529412,1.0,69877824.000000
2,865.0004,695.19934,0.12352942,1.0,69877864.000000
2,853.43256,720.0731,0.10588236,1.0,69877872.000000
2,844.2488,747.2536,0.12352942,1.0,69877896.000000
2,841.9769,783.50775,0.10588236,1.0,69877912.000000
2,846.3023,820.5405,0.10588236,1.0,69877928.000000
2,851.31244,857.3953,0.10588236,1.0,69877944.000000
2,857.32117,910.1385,0.0882353,1.0,69877960.000000
2,860.42944,964.7305,0.0882353,1.0,69877976.000000
1,860.42944,964.7305,0.0882353,1.0,69877984.000000
0,698.0,320.0,0.10588236,1.0,58310056.000000
2,698.0,320.0,0.12352942,1.0,58310072.000000
2,698.0,320.0,0.14117648,1.0,58310092.000000
2,698.0,320.0,0.10588236,1.0,58310104.000000
2,698.0,320.0,0.0882353,1.0,58310120.000000
1,698.0,320.0,0.0882353,1.0,58310128.000000
0,934.0,1472.0,0.03529412,1.0,58421596.000000
2,932.3614,1465.4456,0.07058824,1.0,58421608.000000
2,926.63635,1436.0,0.0882353,1.0,58421628.000000
2,918.2004,1380.9358,0.10588236,1.0,58421640.000000
2,912.48016,1315.3756,0.10588236,1.0,58421660.000000
2,910.71436,1250.8536,0.0882353,1.0,58421680.000000
2,913.52374,1181.2162,0.10588236,1.0,58421704.000000
2,925.3459,1103.3384,0.0882353,1.0,58421724.000000
2,937.0973,1030.8253,0.12352942,1.0,58421752.000000
2,963.42285,919.3036,0.10588236,1.0,58421772.000000
2,973.83356,888.4716,0.10588236,1.0,58421800.000000
2,983.0519,859.74054,0.10588236,1.0,58421824.000000
2,984.5881,852.6477,0.10588236,1.0,58421844.000000
2,989.3551,840.2898,0.10588236,1.0,58421872.000000
2,994.76605,828.7018,0.10588236,1.0,58421892.000000
2,996.0,824.3814,0.10588236,1.0,58421912.000000
2,996.0,822.14966,0.10588236,1.0,58421924.000000
2,996.0,820.6057,0.10588236,1.0,58421944.000000
2,996.0,819.06744,0.10588236,1.0,58421960.000000
2,996.0,817.5236,0.10588236,1.0,58421980.000000
2,996.0,818.0,0.0882353,1.0,58421988.000000
2,997.10504,826.6303,0.10588236,1.0,58422028.000000
2,998.0,842.4541,0.10588236,1.0,58422048.000000
2,999.73535,864.67664,0.0882353,1.0,58422080.000000
2,1001.27606,871.1044,0.0882353,1.0,58422092.000000
2,1002.0,873.6326,0.0882353,1.0,58422108.000000
2,1002.0,876.72064,0.0882353,1.0,58422124.000000
2,1002.0,877.9016,0.0882353,1.0,58422140.000000
2,1002.0,878.5,0.0882353,1.0,58422160.000000
2,1002.0,879.0,0.0882353,1.0,58422180.000000
2,1002.0,879.0,0.0882353,1.0,58422188.000000
2,1002.0,879.0,0.07058824,1.0,58422280.000000
2,1002.0,879.0,0.07058824,1.0,58422288.000000
1,1002.0,879.0,0.07058824,1.0,58422300.000000
0,861.0,805.0,0.03529412,1.0,58696700.000000
2,875.4376,776.12476,0.12352942,1.0,58696712.000000
2,883.20276,762.0351,0.12352942,1.0,58696728.000000
2,889.91046,749.17914,0.10588236,1.0,58696744.000000
2,895.5653,739.3911,0.10588236,1.0,58696768.000000
2,899.1313,732.7374,0.10588236,1.0,58696776.000000
2,901.60504,727.1849,0.10588236,1.0,58696792.000000
2,903.14496,723.71,0.10588236,1.0,58696808.000000
2,904.69086,720.61835,0.10588236,1.0,58696824.000000
2,905.2271,718.7729,0.10588236,1.0,58696864.000000
2,907.3073,715.6927,0.10588236,1.0,58696888.000000
2,908.8532,714.1468,0.10588236,1.0,58696896.000000
2,909.40045,712.59955,0.10588236,1.0,58696920.000000
2,910.0,711.06177,0.10588236,1.0,58696944.000000
2,910.0,709.5,0.10588236,1.0,58696960.000000
2,909.4414,713.2343,0.10588236,1.0,58696976.000000
2,906.80133,721.596,0.10588236,1.0,58696992.000000
2,902.0663,733.15656,0.10588236,1.0,58697008.000000
2,897.4259,745.5308,0.10588236,1.0,58697028.000000
2,895.2702,759.5684,0.12352942,1.0,58697040.000000
2,895.0,773.51013,0.12352942,1.0,58697060.000000
2,895.0,783.8876,0.12352942,1.0,58697080.000000
2,895.0,791.6182,0.10588236,1.0,58697088.000000
2,896.9011,797.60443,0.10588236,1.0,58697108.000000
2,898.44244,801.8848,0.0882353,1.0,58697128.000000
2,899.98627,804.9726,0.0882353,1.0,58697144.000000
2,901.0,807.5274,0.0882353,1.0,58697160.000000
2,901.0,809.0715,0.0882353,1.0,58697176.000000
2,901.0,810.61127,0.0882353,1.0,58697192.000000
2,901.0,811.0,0.0882353,1.0,58697208.000000
1,901.0,811.0,0.0882353,1.0,58697248.000000
0,903.0,932.0,0.07058824,1.0,58716520.000000
2,915.14777,889.7447,0.10588236,1.0,58716552.000000
2,934.2261,833.3863,0.10588236,1.0,58716576.000000
2,956.66595,771.83514,0.12352942,1.0,58716588.000000
2,986.3662,705.2153,0.10588236,1.0,58716608.000000
2,1019.8887,630.0321,0.10588236,1.0,58716624.000000
2,1057.8383,569.4341,0.0882353,1.0,58716640.000000
1,1057.8383,569.4341,0.0882353,1.0,58716648.000000
0,819.0,866.0,0.05294118,1.0,58716848.000000
2,819.0,866.0,0.0882353,1.0,58716864.000000
2,819.0,866.0,0.12352942,1.0,58716888.000000
2,823.08685,859.1415,0.12352942,1.0,58716904.000000
2,845.7334,831.5481,0.10588236,1.0,58716964.000000
2,872.426,782.14795,0.12352942,1.0,58716976.000000
2,883.4327,763.1154,0.14117648,1.0,58716992.000000
2,891.08734,746.8253,0.10588236,1.0,58717016.000000
2,897.2604,735.0443,0.10588236,1.0,58717024.000000
2,902.3253,726.4578,0.10588236,1.0,58717036.000000
2,905.3005,720.3991,0.10588236,1.0,58717056.000000
2,908.3931,715.4103,0.12352942,1.0,58717076.000000
2,909.7322,711.53564,0.12352942,1.0,58717092.000000
2,911.27246,708.4551,0.12352942,1.0,58717104.000000
2,912.0,706.18134,0.12352942,1.0,58717120.000000
2,912.0,704.6446,0.12352942,1.0,58717136.000000
2,912.0,703.0958,0.12352942,1.0,58717152.000000
2,913.4453,701.5547,0.12352942,1.0,58717172.000000
2,913.98645,700.01355,0.12352942,1.0,58717188.000000
2,915.5,698.5,0.12352942,1.0,58717208.000000
2,915.0,697.9254,0.10588236,1.0,58717216.000000
1,915.0,697.9254,0.10588236,1.0,58717224.000000
0,681.0,842.0,0.12352942,1.0,58809328.000000
2,681.0,842.0,0.12352942,1.0,58809356.000000
2,681.0,842.0,0.12352942,1.0,58809376.000000
2,681.0,842.0,0.12352942,1.0,58809384.000000
1,681.0,842.0,0.12352942,1.0,58809396.000000
0,209.0,708.0,0.07058824,1.0,58940104.000000
2,209.0,708.0,0.12352942,1.0,58940144.000000
2,209.0,708.0,0.12352942,1.0,58940152.000000
2,209.0,708.0,0.14117648,1.0,58940172.000000
2,209.0,708.0,0.14117648,1.0,58940192.000000
2,209.0,708.0,0.14117648,1.0,58940224.000000
2,209.0,708.0,0.14117648,1.0,58940376.000000
2,209.0,708.0,0.14117648,1.0,58940392.000000
2,209.0,708.0,0.14117648,1.0,58940404.000000
2,209.0,708.0,0.14117648,1.0,58940444.000000
2,209.0,708.0,0.14117648,1.0,58940468.000000
2,209.0,708.0,0.14117648,1.0,58940484.000000
2,209.0,708.0,0.14117648,1.0,58940580.000000
2,209.0,708.0,0.14117648,1.0,58940592.000000
2,209.0,708.0,0.14117648,1.0,58940644.000000
2,209.0,708.0,0.14117648,1.0,58940652.000000
2,209.0,708.0,0.14117648,1.0,58940684.000000
2,209.0,708.0,0.14117648,1.0,58940744.000000
2,209.0,708.0,0.14117648,1.0,58940752.000000
2,209.0,708.0,0.14117648,1.0,58940772.000000
2,209.0,708.0,0.14117648,1.0,58940844.000000
2,214.46942,708.0,0.15882353,1.0,58941096.000000
2,216.01468,708.0,0.14117648,1.0,58941136.000000
2,218.69171,708.0,0.14117648,1.0,58941164.000000
2,220.72826,708.0,0.15882353,1.0,58941192.000000
2,221.0,708.0,0.15882353,1.0,58941204.000000
2,222.07228,708.0,0.15882353,1.0,58941276.000000
2,222.0,708.0,0.15882353,1.0,58941340.000000
2,222.0,708.0,0.15882353,1.0,58941360.000000
2,222.0,708.0,0.15882353,1.0,58941424.000000
2,222.0,708.0,0.15882353,1.0,58941440.000000
2,222.0,708.0,0.15882353,1.0,58941472.000000
2,223.02336,708.0234,0.15882353,1.0,58941524.000000
2,228.3689,713.2459,0.10588236,1.0,58941536.000000
1,228.3689,713.2459,0.10588236,1.0,58941544.000000
0,34.0,591.0,0.07058824,1.0,58967660.000000
2,41.343014,582.657,0.07058824,1.0,58967680.000000
1,41.343014,582.657,0.07058824,1.0,58967688.000000
0,464.0,634.0,0.07058824,1.0,59007000.000000
2,464.0,634.0,0.12352942,1.0,59007028.000000
2,462.38315,634.53894,0.14117648,1.0,59007048.000000
2,457.75262,636.08246,0.10588236,1.0,59007056.000000
1,457.75262,636.08246,0.10588236,1.0,59007068.000000
0,919.0,814.0,0.03529412,1.0,59074944.000000
2,915.5929,817.4071,0.0882353,1.0,59074964.000000
2,904.5956,842.5111,0.10588236,1.0,59074976.000000
2,894.7055,876.9622,0.10588236,1.0,59075000.000000
2,886.20135,924.27246,0.10588236,1.0,59075016.000000
2,877.1838,980.50275,0.0882353,1.0,59075032.000000
2,870.60986,1035.0537,0.12352942,1.0,59075048.000000
2,865.8361,1095.5789,0.10588236,1.0,59075072.000000
2,863.0726,1156.8799,0.0882353,1.0,59075084.000000
2,863.0,1205.8954,0.10588236,1.0,59075096.000000
2,866.0607,1265.7893,0.10588236,1.0,59075124.000000
2,871.24695,1316.3583,0.0882353,1.0,59075136.000000
2,876.28796,1359.9758,0.07058824,1.0,59075148.000000
2,881.9362,1384.6812,0.07058824,1.0,59075168.000000
2,887.78827,1415.1385,0.07058824,1.0,59075180.000000
1,887.78827,1415.1385,0.07058824,1.0,59075196.000000
0,303.0,651.0,0.07058824,1.0,59201440.000000
2,303.0,651.0,0.10588236,1.0,59201456.000000
2,303.0,651.0,0.10588236,1.0,59201480.000000
1,303.0,651.0,0.10588236,1.0,59201600.000000
0,556.0,1780.0,0.0882353,1.0,59225696.000000
2,556.0,1780.0,0.10588236,1.0,59225720.000000
1,556.0,1780.0,0.10588236,1.0,59225760.000000
0,934.0,781.0,0.05294118,1.0,33732288.000000
2,934.0,781.0,0.07058824,1.0,33732304.000000
2,934.0,781.0,0.10588236,1.0,33732324.000000
2,934.0,781.0,0.12352942,1.0,33732344.000000
2,934.0,781.0,0.12352942,1.0,33732392.000000
2,934.0,775.49365,0.12352942,1.0,33732416.000000
2,934.0,768.14777,0.14117648,1.0,33732428.000000
2,937.1431,751.713,0.14117648,1.0,33732460.000000
2,946.38293,709.46826,0.12352942,1.0,33732476.000000
2,952.3504,688.2735,0.14117648,1.0,33732496.000000
2,961.41846,664.6283,0.12352942,1.0,33732512.000000
2,970.37177,646.65173,0.10588236,1.0,33732536.000000
2,979.7809,631.3287,0.12352942,1.0,33732552.000000
2,990.0541,617.4188,0.12352942,1.0,33732568.000000
2,997.2298,598.1957,0.10588236,1.0,33732576.000000
1,997.2298,598.1957,0.10588236,1.0,33732584.000000
0,919.0,715.0,0.05294118,1.0,33757720.000000
2,919.0,715.0,0.10588236,1.0,33757736.000000
2,919.0,715.0,0.10588236,1.0,33757756.000000
2,919.0,715.0,0.10588236,1.0,33757768.000000
2,919.0,715.0,0.10588236,1.0,33757792.000000
1,919.0,715.0,0.10588236,1.0,33757800.000000
0,808.0,779.0,0.07058824,1.0,28616316.000000
2,808.0,779.0,0.12352942,1.0,28616348.000000
2,808.0,779.0,0.10588236,1.0,28616376.000000
1,808.0,779.0,0.10588236,1.0,28616388.000000
0,859.0,759.0,0.07058824,1.0,44625956.000000
2,859.0,759.0,0.07058824,1.0,44625972.000000
2,859.0,759.0,0.0882353,1.0,44625996.000000
2,859.0,759.0,0.07058824,1.0,44626004.000000
1,859.0,759.0,0.07058824,1.0,44626016.000000
0,841.0,899.0,0.05294118,1.0,45076272.000000
2,841.0,899.0,0.0882353,1.0,45076296.000000
2,841.0,899.0,0.0882353,1.0,45076312.000000
2,845.5023,887.99536,0.10588236,1.0,45076336.000000
2,860.7552,856.5934,0.10588236,1.0,45076348.000000
2,893.78766,799.094,0.12352942,1.0,45076368.000000
2,944.5491,715.8062,0.10588236,1.0,45076384.000000
2,998.8715,631.96234,0.14117648,1.0,45076404.000000
2,1056.6019,556.545,0.0882353,1.0,45076416.000000
1,1056.6019,556.545,0.0882353,1.0,45076424.000000
0,971.0,564.0,0.05294118,1.0,45208716.000000
2,971.0,564.0,0.10588236,1.0,45208732.000000
2,967.68915,567.31085,0.10588236,1.0,45208744.000000
2,957.42554,581.67786,0.12352942,1.0,45208760.000000
2,940.101,618.7133,0.12352942,1.0,45208780.000000
2,913.9544,675.51105,0.10588236,1.0,45208796.000000
2,881.882,772.37256,0.0882353,1.0,45208812.000000
2,858.36505,873.15094,0.07058824,1.0,45208832.000000
2,838.657,969.09515,0.0882353,1.0,45208848.000000
1,838.657,969.09515,0.0882353,1.0,45208852.000000
0,967.0,872.0,0.03529412,1.0,2915752.000000
2,967.0,872.0,0.0882353,1.0,2915780.000000
2,967.0,872.0,0.10588236,1.0,2915832.000000
2,967.0,872.0,0.10588236,1.0,2915840.000000
2,967.0,868.32697,0.07058824,1.0,2915860.000000
2,965.99664,866.99664,0.03529412,1.0,2915872.000000
1,965.99664,866.99664,0.03529412,1.0,2915880.000000
0,953.0,839.0,0.05294118,1.0,2934114.000000
2,953.0,839.0,0.07058824,1.0,2934130.000000
2,953.0,839.0,0.10588236,1.0,2934149.000000
2,954.0,847.46387,0.10588236,1.0,2934187.000000
2,954.0,858.27966,0.10588236,1.0,2934212.000000
2,955.12866,878.9008,0.12352942,1.0,2934230.000000
2,956.6719,892.047,0.10588236,1.0,2934250.000000
2,958.2124,908.3365,0.10588236,1.0,2934262.000000
2,960.75757,925.33344,0.10588236,1.0,2934278.000000
2,962.3044,947.56616,0.0882353,1.0,2934295.000000
2,958.4562,980.6548,0.10588236,1.0,2934311.000000
2,951.0765,1011.69403,0.10588236,1.0,2934330.000000
2,948.1459,1028.2705,0.10588236,1.0,2934344.000000
2,946.0,1043.062,0.12352942,1.0,2934391.000000
2,946.0,1047.1172,0.12352942,1.0,2934402.000000
2,946.0,1050.2175,0.12352942,1.0,2934423.000000
2,946.0,1052.6482,0.12352942,1.0,2934440.000000
2,946.0,1054.1937,0.12352942,1.0,2934456.000000
2,946.0,1055.7399,0.12352942,1.0,2934473.000000
2,946.0,1056.0,0.12352942,1.0,2934478.000000
2,946.0,1056.0,0.12352942,1.0,2934490.000000
2,946.0,1057.1832,0.12352942,1.0,2934511.000000
1,946.0,1057.1832,0.12352942,1.0,2934523.000000
0,927.0,876.0,0.07058824,1.0,3180017.000000
2,928.63025,808.5009,0.10588236,1.0,3180082.000000
2,949.9022,738.0276,0.12352942,1.0,3180109.000000
2,965.7872,706.3676,0.12352942,1.0,3180120.000000
2,990.9408,666.32587,0.10588236,1.0,3180138.000000
2,1015.2574,619.3176,0.0882353,1.0,3180155.000000
1,1015.2574,619.3176,0.0882353,1.0,3180175.000000
0,816.0,872.0,0.0882353,1.0,3257367.000000
2,816.0,872.0,0.12352942,1.0,3257404.000000
2,816.0,872.0,0.12352942,1.0,3257425.000000
1,816.0,872.0,0.12352942,1.0,3257432.000000
0,838.0,938.0,0.03529412,1.0,3310478.000000
2,843.71155,926.6374,0.10588236,1.0,3310506.000000
2,857.71106,902.79126,0.10588236,1.0,3310520.000000
2,875.3958,873.29,0.12352942,1.0,3310536.000000
2,891.61957,847.5706,0.10588236,1.0,3310558.000000
2,906.3708,824.3821,0.12352942,1.0,3310574.000000
2,920.24866,801.2522,0.12352942,1.0,3310587.000000
2,929.7622,783.26935,0.12352942,1.0,3310605.000000
2,939.0031,767.6615,0.14117648,1.0,3310620.000000
2,949.2282,752.10254,0.14117648,1.0,3310636.000000
2,958.6355,736.60754,0.10588236,1.0,3310656.000000
2,968.9013,723.1481,0.10588236,1.0,3310668.000000
2,978.0,712.5,0.10588236,1.0,3310686.000000
2,984.2617,704.67285,0.12352942,1.0,3310702.000000
2,988.82874,697.56165,0.12352942,1.0,3310718.000000
2,992.30786,692.5382,0.12352942,1.0,3310736.000000
2,995.40436,688.59564,0.12352942,1.0,3310771.000000
2,1001.0,683.0,0.10588236,1.0,3310787.000000
2,1005.2708,680.7292,0.10588236,1.0,3310806.000000
2,1006.0,678.8086,0.05294118,1.0,3310821.000000
1,1006.0,678.8086,0.05294118,1.0,3310826.000000
0,936.0,701.0,0.03529412,1.0,3332276.000000
2,936.0,701.0,0.12352942,1.0,3332297.000000
2,936.0,701.0,0.12352942,1.0,3332310.000000
2,936.0,701.0,0.12352942,1.0,3332326.000000
2,936.0,701.0,0.12352942,1.0,3332345.000000
2,939.52985,697.47015,0.12352942,1.0,3332357.000000
2,956.14923,674.7762,0.14117648,1.0,3332377.000000
2,979.04407,637.2599,0.10588236,1.0,3332398.000000
2,993.3428,601.4193,0.12352942,1.0,3332410.000000
2,1001.7824,573.9398,0.10588236,1.0,3332427.000000
2,1004.79767,559.91046,0.12352942,1.0,3332449.000000
2,1010.23895,543.1787,0.12352942,1.0,3332467.000000
2,1020.959,520.082,0.10588236,1.0,3332478.000000
2,1046.299,488.9908,0.0882353,1.0,3332498.000000
2,1062.7035,443.8845,0.07058824,1.0,3332511.000000
1,1062.7035,443.8845,0.07058824,1.0,3332518.000000
0,573.0,919.0,0.03529412,1.0,3496546.000000
2,571.3928,919.0,0.10588236,1.0,3496577.000000
2,566.76,919.0,0.12352942,1.0,3496588.000000
2,563.7454,919.0,0.12352942,1.0,3496606.000000
2,563.0,917.81616,0.12352942,1.0,3496621.000000
1,563.0,917.81616,0.12352942,1.0,3496625.000000
0,664.0,1393.0,0.0882353,1.0,42097156.000000
2,664.0,1393.0,0.10588236,1.0,42097184.000000
2,664.0,1393.0,0.10588236,1.0,42097212.000000
1,664.0,1393.0,0.10588236,1.0,42097224.000000
0,558.0,877.0,0.07058824,1.0,42403872.000000
2,558.0,877.0,0.12352942,1.0,42403892.000000
2,558.0,877.0,0.12352942,1.0,42403944.000000
1,558.0,877.0,0.12352942,1.0,42403952.000000
0,766.0,758.0,0.07058824,1.0,42430868.000000
2,766.0,758.0,0.14117648,1.0,42430888.000000
2,766.0,758.0,0.0882353,1.0,42430936.000000
1,766.0,758.0,0.0882353,1.0,42430948.000000
0,200.0,591.0,0.07058824,1.0,42475152.000000
2,200.0,591.0,0.0882353,1.0,42475172.000000
2,200.0,591.0,0.12352942,1.0,42475192.000000
2,200.0,591.0,0.12352942,1.0,42475200.000000
2,200.0,591.0,0.10588236,1.0,42475232.000000
1,200.0,591.0,0.10588236,1.0,42475240.000000
0,974.0,783.0,0.05294118,1.0,42818404.000000
2,974.0,783.0,0.10588236,1.0,42818420.000000
2,974.0,783.0,0.10588236,1.0,42818436.000000
2,974.0,780.3968,0.10588236,1.0,42818444.000000
2,977.0,774.0,0.10588236,1.0,42818468.000000
2,982.22107,764.8463,0.10588236,1.0,42818488.000000
2,988.5135,754.47754,0.10588236,1.0,42818504.000000
2,1004.39233,716.9911,0.10588236,1.0,42818520.000000
2,1015.2635,690.4277,0.0882353,1.0,42818536.000000
2,1026.0714,662.7041,0.0882353,1.0,42818556.000000
2,1036.191,641.6179,0.0882353,1.0,42818568.000000
2,1045.444,624.3528,0.0882353,1.0,42818584.000000
2,1057.3224,603.93585,0.0882353,1.0,42818600.000000
2,1063.0043,582.31323,0.0882353,1.0,42818616.000000
2,1062.0,566.1562,0.07058824,1.0,42818636.000000
2,1062.0,553.56476,0.05294118,1.0,42818648.000000
2,1062.0,547.1001,0.05294118,1.0,42818668.000000
2,1062.0,542.5,0.05294118,1.0,42818688.000000
2,1062.0,541.93134,0.05294118,1.0,42818700.000000
2,1062.0,540.38477,0.05294118,1.0,42818720.000000
2,1062.0,538.84045,0.05294118,1.0,42818740.000000
2,1062.0,537.29614,0.05294118,1.0,42818752.000000
2,1062.0,535.7559,0.05294118,1.0,42818768.000000
1,1062.0,535.7559,0.05294118,1.0,42818792.000000
