0,659.0,401.0,0.10588236,1.0,54921080.000000
2,659.0,401.0,0.12352942,1.0,54921112.000000
2,659.0,401.0,0.14117648,1.0,54921132.000000
2,659.0,401.0,0.12352942,1.0,54921156.000000
1,659.0,401.0,0.12352942,1.0,54921168.000000
0,739.0,1094.0,0.07058824,1.0,54935944.000000
2,723.74524,1131.7622,0.12352942,1.0,54935972.000000
2,709.58685,1207.6857,0.14117648,1.0,54935992.000000
2,699.9002,1307.0979,0.10588236,1.0,54936008.000000
2,698.0,1430.2874,0.12352942,1.0,54936024.000000
2,713.7172,1560.8253,0.10588236,1.0,54936040.000000
2,740.16455,1685.7314,0.0882353,1.0,54936056.000000
1,740.16455,1685.7314,0.0882353,1.0,54936064.000000
0,859.0,1725.0,0.05294118,1.0,55665896.000000
2,859.0,1725.0,0.0882353,1.0,55665912.000000
2,859.0,1725.0,0.0882353,1.0,55665960.000000
2,857.9687,1721.906,0.0882353,1.0,55665992.000000
2,858.0,1718.6619,0.0882353,1.0,55666008.000000
2,856.78357,1714.3506,0.0882353,1.0,55666032.000000
2,856.2353,1709.7059,0.0882353,1.0,55666048.000000
2,856.0,1705.0695,0.10588236,1.0,55666060.000000
2,856.0,1700.4403,0.10588236,1.0,55666080.000000
2,856.0,1695.8087,0.10588236,1.0,55666096.000000
2,856.0,1681.9109,0.10588236,1.0,55666152.000000
2,856.0,1677.2903,0.10588236,1.0,55666168.000000
2,856.0,1672.6575,0.10588236,1.0,55666184.000000
2,856.0,1668.0212,0.10588236,1.0,55666200.000000
2,856.0,1663.4052,0.10588236,1.0,55666216.000000
2,857.0,1658.7655,0.0882353,1.0,55666232.000000
2,857.0,1654.1096,0.0882353,1.0,55666248.000000
2,857.0,1650.3229,0.0882353,1.0,55666264.000000
2,858.3869,1645.8394,0.0882353,1.0,55666280.000000
2,858.9268,1641.2195,0.0882353,1.0,55666296.000000
2,859.0,1636.5963,0.12352942,1.0,55666320.000000
2,861.0176,1629.9298,0.12352942,1.0,55666336.000000
2,862.0,1623.185,0.12352942,1.0,55666356.000000
2,863.10846,1615.4576,0.12352942,1.0,55666368.000000
2,864.0,1607.5884,0.12352942,1.0,55666392.000000
2,865.2051,1599.7697,0.12352942,1.0,55666400.000000
2,867.11444,1588.3132,0.10588236,1.0,55666424.000000
2,868.84424,1568.246,0.12352942,1.0,55666448.000000
2,870.38574,1553.1426,0.12352942,1.0,55666464.000000
2,872.9325,1533.8102,0.12352942,1.0,55666480.000000
2,874.4948,1512.073,0.10588236,1.0,55666496.000000
2,876.026,1476.4015,0.12352942,1.0,55666512.000000
2,877.5,1439.5,0.10588236,1.0,55666532.000000
2,879.0,1390.1237,0.10588236,1.0,55666548.000000
1,879.0,1390.1237,0.10588236,1.0,55666552.000000
0,233.0,1179.0,0.10588236,1.0,55673192.000000
2,233.0,1179.0,0.10588236,1.0,55673208.000000
2,236.89519,1178.3508,0.10588236,1.0,55673224.000000
2,248.91382,1176.6172,0.12352942,1.0,55673248.000000
2,266.6187,1173.5201,0.12352942,1.0,55673260.000000
2,290.15878,1169.1403,0.12352942,1.0,55673288.000000
2,315.45813,1164.5084,0.12352942,1.0,55673308.000000
2,340.63773,1160.2483,0.10588236,1.0,55673320.000000
2,362.93896,1159.0,0.10588236,1.0,55673336.000000
2,381.07806,1159.4675,0.10588236,1.0,55673360.000000
2,427.59818,1165.1292,0.0882353,1.0,55673380.000000
2,450.50983,1168.2157,0.10588236,1.0,55673400.000000
2,473.9501,1172.3267,0.0882353,1.0,55673416.000000
2,495.80634,1176.6013,0.10588236,1.0,55673428.000000
2,515.7201,1181.243,0.10588236,1.0,55673444.000000
2,534.5508,1185.8877,0.10588236,1.0,55673460.000000
2,557.59174,1191.3578,0.10588236,1.0,55673480.000000
2,580.00665,1196.1554,0.10588236,1.0,55673500.000000
2,622.28973,1204.9677,0.10588236,1.0,55673532.000000
2,644.0322,1208.5513,0.10588236,1.0,55673552.000000
2,659.4245,1210.5712,0.0882353,1.0,55673568.000000
2,679.46796,1212.1223,0.10588236,1.0,55673580.000000
2,697.3282,1213.6661,0.10588236,1.0,55673604.000000
2,714.2806,1214.0,0.0882353,1.0,55673624.000000
2,732.0656,1213.2445,0.0882353,1.0,55673636.000000
2,751.34924,1211.6956,0.10588236,1.0,55673656.000000
2,767.5034,1210.1497,0.10588236,1.0,55673672.000000
2,780.75977,1208.6057,0.10588236,1.0,55673696.000000
2,799.9525,1204.5118,0.10588236,1.0,55673712.000000
2,807.1448,1201.9421,0.10588236,1.0,55673732.000000
2,819.51636,1198.871,0.10588236,1.0,55673764.000000
2,824.6876,1197.3281,0.10588236,1.0,55673780.000000
2,830.6456,1195.7848,0.10588236,1.0,55673804.000000
2,835.30255,1194.2324,0.10588236,1.0,55673816.000000
2,839.90497,1192.3967,0.10588236,1.0,55673836.000000
2,843.69507,1189.3049,0.10588236,1.0,55673848.000000
2,846.79865,1187.6007,0.0882353,1.0,55673872.000000
2,856.45905,1181.0273,0.0882353,1.0,55673892.000000
2,859.06354,1179.9683,0.07058824,1.0,55673908.000000
2,862.1512,1178.4244,0.07058824,1.0,55673924.000000
2,864.1227,1176.8773,0.07058824,1.0,55673944.000000
2,867.34375,1176.3281,0.07058824,1.0,55673960.000000
2,869.21576,1175.7842,0.07058824,1.0,55673988.000000
2,872.3105,1175.0,0.07058824,1.0,55674016.000000
2,873.0,1174.1497,0.07058824,1.0,55674028.000000
2,874.39813,1174.0,0.07058824,1.0,55674040.000000
2,875.18616,1174.0,0.07058824,1.0,55674092.000000
2,875.0,1172.9688,0.07058824,1.0,55674160.000000
2,875.0,1173.0,0.07058824,1.0,55674176.000000
2,875.0,1173.0,0.07058824,1.0,55674192.000000
2,873.9294,1173.0,0.07058824,1.0,55674260.000000
2,871.9627,1173.0,0.07058824,1.0,55674280.000000
2,870.4171,1173.0,0.07058824,1.0,55674292.000000
2,868.86884,1173.0,0.07058824,1.0,55674308.000000
2,867.13245,1173.0,0.07058824,1.0,55674344.000000
2,865.2331,1173.0,0.0882353,1.0,55674360.000000
2,863.6842,1173.0,0.0882353,1.0,55674380.000000
2,862.1362,1173.0,0.0882353,1.0,55674400.000000
2,860.5944,1173.0,0.0882353,1.0,55674408.000000
2,859.04785,1173.0,0.0882353,1.0,55674424.000000
2,858.5,1173.0,0.0882353,1.0,55674440.000000
2,857.6282,1173.0,0.0882353,1.0,55674472.000000
1,857.6282,1173.0,0.0882353,1.0,55674504.000000
0,774.0,715.0,0.0882353,1.0,55686536.000000
2,774.0,715.0,0.10588236,1.0,55686552.000000
2,774.0,715.0,0.10588236,1.0,55686568.000000
2,774.0,715.0,0.10588236,1.0,55686588.000000
2,775.0,724.4142,0.10588236,1.0,55686640.000000
2,775.0,730.6055,0.10588236,1.0,55686660.000000
2,775.0,735.3358,0.10588236,1.0,55686672.000000
2,775.0,738.9839,0.12352942,1.0,55686692.000000
2,775.0,741.5375,0.14117648,1.0,55686712.000000
2,775.0,743.0857,0.14117648,1.0,55686724.000000
2,775.0,744.61237,0.14117648,1.0,55686744.000000
2,775.0,745.5,0.14117648,1.0,55686760.000000
2,775.0,746.35583,0.14117648,1.0,55686772.000000
2,775.0,747.1263,0.14117648,1.0,55686808.000000
2,774.998,764.0121,0.12352942,1.0,55686888.000000
2,773.4684,772.65796,0.12352942,1.0,55686904.000000
2,771.9259,780.3706,0.10588236,1.0,55686920.000000
2,770.3763,788.74243,0.10588236,1.0,55686936.000000
2,768.8348,796.99146,0.10588236,1.0,55686952.000000
2,767.28644,806.2814,0.10588236,1.0,55686968.000000
2,765.4849,817.3178,0.12352942,1.0,55686984.000000
2,761.59686,832.81146,0.12352942,1.0,55687004.000000
2,749.55597,873.33203,0.12352942,1.0,55687036.000000
2,725.04346,957.831,0.12352942,1.0,55687080.000000
2,696.38293,1111.1653,0.10588236,1.0,55687092.000000
2,686.7821,1191.179,0.12352942,1.0,55687112.000000
2,683.8058,1260.351,0.0882353,1.0,55687120.000000
1,683.8058,1260.351,0.0882353,1.0,55687136.000000
0,885.0,753.0,0.10588236,1.0,55741432.000000
2,885.0,753.0,0.0882353,1.0,55741460.000000
2,885.0,753.0,0.0882353,1.0,55741492.000000
1,885.0,753.0,0.0882353,1.0,55741500.000000
0,854.0,610.0,0.10588236,1.0,55749424.000000
2,854.0,610.0,0.12352942,1.0,55749436.000000
2,854.0,610.0,0.12352942,1.0,55749448.000000
2,854.0,610.0,0.0882353,1.0,55749516.000000
1,854.0,610.0,0.0882353,1.0,55749560.000000
0,939.0,571.0,0.03529412,1.0,55857792.000000
2,937.6766,572.7646,0.10588236,1.0,55857824.000000
2,930.1162,582.84503,0.10588236,1.0,55857832.000000
2,918.2651,602.9437,0.12352942,1.0,55857852.000000
2,902.18243,636.7838,0.10588236,1.0,55857864.000000
2,886.7626,670.0986,0.12352942,1.0,55857880.000000
2,871.41785,705.7972,0.12352942,1.0,55857896.000000
2,858.29144,735.8443,0.12352942,1.0,55857912.000000
2,847.18665,766.1811,0.10588236,1.0,55857932.000000
2,838.14215,792.1446,0.10588236,1.0,55857944.000000
2,828.8725,816.67334,0.12352942,1.0,55857960.000000
2,818.6056,845.18317,0.12352942,1.0,55857980.000000
2,809.2957,868.7607,0.12352942,1.0,55858000.000000
2,801.0141,888.96716,0.14117648,1.0,55858028.000000
2,793.1304,911.174,0.12352942,1.0,55858044.000000
2,777.85626,955.0599,0.10588236,1.0,55858076.000000
2,748.89935,1063.0356,0.12352942,1.0,55858160.000000
2,744.3097,1078.9678,0.12352942,1.0,55858172.000000
2,737.98755,1109.056,0.12352942,1.0,55858192.000000
2,735.4512,1122.3906,0.12352942,1.0,55858212.000000
2,733.9091,1132.5452,0.12352942,1.0,55858232.000000
2,732.36316,1142.8212,0.12352942,1.0,55858240.000000
2,730.8148,1153.2963,0.12352942,1.0,55858264.000000
2,729.2715,1163.0996,0.12352942,1.0,55858280.000000
2,727.71576,1172.7053,0.12352942,1.0,55858296.000000
2,726.1695,1179.322,0.12352942,1.0,55858312.000000
2,725.0,1185.1265,0.12352942,1.0,55858332.000000
2,724.0,1195.5784,0.12352942,1.0,55858400.000000
2,724.0,1197.1205,0.12352942,1.0,55858416.000000
2,723.3907,1198.6093,0.12352942,1.0,55858432.000000
2,723.0,1199.0,0.12352942,1.0,55858440.000000
2,723.0,1199.0,0.12352942,1.0,55858464.000000
2,723.0,1200.1521,0.12352942,1.0,55858480.000000
2,723.0,1201.5,0.12352942,1.0,55858512.000000
2,722.0,1201.0,0.12352942,1.0,55858560.000000
2,722.0,1201.0,0.12352942,1.0,55858576.000000
2,722.0,1201.0,0.12352942,1.0,55858592.000000
2,722.0,1198.3229,0.12352942,1.0,55858664.000000
2,722.0,1194.3478,0.12352942,1.0,55858672.000000
2,723.43225,1185.4065,0.12352942,1.0,55858696.000000
2,726.93317,1170.2227,0.12352942,1.0,55858712.000000
2,731.56976,1153.2441,0.12352942,1.0,55858724.000000
2,736.2152,1137.2827,0.12352942,1.0,55858740.000000
2,740.8509,1122.4473,0.12352942,1.0,55858760.000000
2,745.48584,1110.8665,0.10588236,1.0,55858776.000000
2,748.41974,1100.0309,0.12352942,1.0,55858792.000000
2,751.518,1087.928,0.12352942,1.0,55858812.000000
2,755.4304,1076.5189,0.12352942,1.0,55858824.000000
2,760.0668,1064.1552,0.12352942,1.0,55858844.000000
2,762.7913,1053.7303,0.10588236,1.0,55858864.000000
2,774.66473,1015.4508,0.10588236,1.0,55858924.000000
2,779.27496,1000.1751,0.12352942,1.0,55858948.000000
2,789.76483,972.2791,0.12352942,1.0,55858968.000000
2,795.9421,958.3803,0.12352942,1.0,55858984.000000
2,802.1239,943.1902,0.12352942,1.0,55859008.000000
2,808.3089,928.55493,0.12352942,1.0,55859024.000000
2,813.49786,915.0042,0.12352942,1.0,55859036.000000
2,819.68286,902.6343,0.12352942,1.0,55859056.000000
2,824.8937,891.21265,0.12352942,1.0,55859072.000000
2,830.0613,877.8162,0.10588236,1.0,55859088.000000
2,834.6589,864.57635,0.10588236,1.0,55859104.000000
2,842.4444,842.6669,0.12352942,1.0,55859140.000000
2,847.76013,828.9596,0.14117648,1.0,55859176.000000
2,851.8495,817.4515,0.12352942,1.0,55859196.000000
2,853.40216,811.39136,0.12352942,1.0,55859212.000000
2,855.89246,805.21515,0.12352942,1.0,55859228.000000
2,858.99805,799.00385,0.12352942,1.0,55859240.000000
2,861.04584,792.8167,0.12352942,1.0,55859256.000000
2,862.5903,787.22925,0.12352942,1.0,55859284.000000
2,864.1369,782.58936,0.12352942,1.0,55859312.000000
2,867.23737,774.5253,0.14117648,1.0,55859328.000000
2,868.784,770.648,0.14117648,1.0,55859344.000000
2,870.3329,767.33417,0.14117648,1.0,55859368.000000
2,877.264,756.31464,0.14117648,1.0,55859408.000000
2,887.0329,741.93427,0.12352942,1.0,55859432.000000
2,889.0602,738.0,0.10588236,1.0,55859448.000000
2,891.2204,747.7634,0.12352942,1.0,55859456.000000
2,886.2487,835.66785,0.12352942,1.0,55859480.000000
2,864.7249,1045.5204,0.12352942,1.0,55859496.000000
2,873.29297,1287.7638,0.0882353,1.0,55859504.000000
1,873.29297,1287.7638,0.0882353,1.0,55859512.000000
0,911.0,924.0,0.07058824,1.0,55860872.000000
2,912.1572,916.3711,0.0882353,1.0,55860904.000000
2,915.4021,907.7937,0.0882353,1.0,55860920.000000
2,919.7325,896.04663,0.0882353,1.0,55860936.000000
2,924.3794,881.0687,0.10588236,1.0,55860952.000000
2,929.02435,864.2441,0.10588236,1.0,55860976.000000
2,933.669,846.21356,0.12352942,1.0,55860988.000000
2,938.2693,827.9227,0.10588236,1.0,55861008.000000
2,942.95044,803.2643,0.12352942,1.0,55861032.000000
2,947.0575,786.71246,0.10588236,1.0,55861044.000000
2,950.1549,774.45776,0.10588236,1.0,55861064.000000
2,952.6255,766.87244,0.0882353,1.0,55861084.000000
2,954.3315,760.5028,0.0882353,1.0,55861100.000000
2,956.71356,755.8594,0.10588236,1.0,55861136.000000
2,961.3627,741.9119,0.10588236,1.0,55861168.000000
2,964.4141,735.1718,0.10588236,1.0,55861192.000000
2,964.0,732.0382,0.10588236,1.0,55861212.000000
2,964.0,729.3286,0.10588236,1.0,55861228.000000
2,964.0,728.1557,0.10588236,1.0,55861248.000000
2,964.0,726.3685,0.10588236,1.0,55861260.000000
2,964.0,724.8205,0.10588236,1.0,55861280.000000
2,964.0,723.26807,0.10588236,1.0,55861288.000000
2,964.0,718.622,0.10588236,1.0,55861340.000000
2,964.0,717.07904,0.10588236,1.0,55861356.000000
2,964.0,716.5,0.10588236,1.0,55861364.000000
2,962.9932,717.0,0.10588236,1.0,55861388.000000
1,962.9932,717.0,0.10588236,1.0,55861400.000000
0,735.0,973.0,0.05294118,1.0,56031856.000000
2,736.2371,966.81445,0.07058824,1.0,56031876.000000
2,746.30133,926.70734,0.07058824,1.0,56031896.000000
2,775.90063,838.8269,0.0882353,1.0,56031916.000000
2,825.1143,729.76465,0.12352942,1.0,56031928.000000
2,896.55164,628.19446,0.10588236,1.0,56031944.000000
2,955.8008,548.4161,0.0882353,1.0,56031960.000000
1,955.8008,548.4161,0.0882353,1.0,56031976.000000
0,913.0,611.0,0.05294118,1.0,56127536.000000
2,913.0,611.0,0.0882353,1.0,56127552.000000
2,910.1007,611.96643,0.10588236,1.0,56127568.000000
2,901.4277,624.63434,0.10588236,1.0,56127584.000000
2,888.53625,648.876,0.12352942,1.0,56127608.000000
2,875.57495,679.2613,0.12352942,1.0,56127632.000000
2,860.42316,718.09973,0.12352942,1.0,56127644.000000
2,844.26666,761.2001,0.10588236,1.0,56127656.000000
2,828.18207,803.42914,0.10588236,1.0,56127680.000000
2,812.7851,845.84314,0.12352942,1.0,56127692.000000
2,800.20013,880.6996,0.12352942,1.0,56127704.000000
2,788.74805,915.7559,0.12352942,1.0,56127724.000000
2,777.8764,944.03204,0.10588236,1.0,56127744.000000
2,767.0559,976.8323,0.10588236,1.0,56127760.000000
2,755.0,1005.5,0.12352942,1.0,56127784.000000
2,734.7853,1070.216,0.12352942,1.0,56127808.000000
2,726.4726,1101.5052,0.12352942,1.0,56127844.000000
2,722.33496,1121.3253,0.12352942,1.0,56127848.000000
2,718.9061,1140.1104,0.12352942,1.0,56127856.000000
2,713.3529,1171.5299,0.10588236,1.0,56127868.000000
2,710.24915,1194.6315,0.10588236,1.0,56127888.000000
2,708.06824,1223.5673,0.10588236,1.0,56127904.000000
2,707.4736,1264.7869,0.10588236,1.0,56127928.000000
2,706.9649,1302.8069,0.0882353,1.0,56127936.000000
1,706.9649,1302.8069,0.0882353,1.0,56127952.000000
0,842.0,711.0,0.0882353,1.0,56131912.000000
2,842.0,711.0,0.10588236,1.0,56131928.000000
2,839.18604,712.876,0.10588236,1.0,56131936.000000
2,831.604,723.35443,0.10588236,1.0,56131960.000000
2,821.82654,737.23126,0.14117648,1.0,56131992.000000
2,812.53394,751.19904,0.12352942,1.0,56132000.000000
2,803.2303,767.4112,0.12352942,1.0,56132012.000000
2,795.64496,784.38116,0.12352942,1.0,56132032.000000
2,787.9068,801.40497,0.10588236,1.0,56132044.000000
2,776.8366,826.6381,0.12352942,1.0,56132060.000000
2,763.1324,858.69116,0.12352942,1.0,56132080.000000
2,749.1265,890.996,0.12352942,1.0,56132096.000000
2,733.8306,928.0065,0.12352942,1.0,56132116.000000
2,719.36426,970.87085,0.12352942,1.0,56132132.000000
2,704.0,1011.0,0.10588236,1.0,56132144.000000
2,688.1847,1052.4869,0.10588236,1.0,56132168.000000
2,675.75616,1083.9126,0.12352942,1.0,56132172.000000
2,667.214,1110.6725,0.12352942,1.0,56132192.000000
2,661.1958,1130.7115,0.12352942,1.0,56132212.000000
2,656.2462,1146.5126,0.12352942,1.0,56132224.000000
2,652.3967,1156.8098,0.10588236,1.0,56132240.000000
2,649.3061,1163.0409,0.10588236,1.0,56132264.000000
2,647.1178,1166.7644,0.10588236,1.0,56132276.000000
2,645.5623,1168.4377,0.10588236,1.0,56132292.000000
2,644.0138,1169.0,0.10588236,1.0,56132312.000000
2,642.47406,1169.0,0.10588236,1.0,56132332.000000
2,640.9315,1169.0,0.10588236,1.0,56132344.000000
2,639.3745,1169.6255,0.10588236,1.0,56132376.000000
2,633.0,1168.5189,0.10588236,1.0,56132480.000000
2,636.02954,1159.9114,0.10588236,1.0,56132500.000000
2,644.41455,1138.3256,0.12352942,1.0,56132528.000000
2,655.16974,1109.1926,0.12352942,1.0,56132536.000000
2,670.60547,1070.8258,0.12352942,1.0,56132540.000000
2,684.90247,1036.5609,0.12352942,1.0,56132560.000000
2,698.08295,1003.55304,0.12352942,1.0,56132584.000000
2,708.87134,979.63354,0.12352942,1.0,56132612.000000
2,743.23425,905.1486,0.12352942,1.0,56132724.000000
2,746.953,896.09393,0.12352942,1.0,56132748.000000
2,749.0,891.2667,0.12352942,1.0,56132760.000000
2,749.0,889.6248,0.12352942,1.0,56132776.000000
2,749.0,888.1106,0.12352942,1.0,56132792.000000
2,749.0,886.56604,0.12352942,1.0,56132812.000000
2,749.0,884.99664,0.0882353,1.0,56132824.000000
1,749.0,884.99664,0.0882353,1.0,56132832.000000
0,936.0,684.0,0.03529412,1.0,56198320.000000
2,936.0,684.0,0.07058824,1.0,56198344.000000
2,930.65515,688.34485,0.10588236,1.0,56198360.000000
2,921.0418,699.0951,0.10588236,1.0,56198380.000000
2,907.1857,721.22144,0.10588236,1.0,56198392.000000
2,890.4942,750.556,0.10588236,1.0,56198416.000000
2,875.21704,785.34424,0.12352942,1.0,56198432.000000
2,857.1631,819.03436,0.0882353,1.0,56198452.000000
2,839.3693,855.2613,0.10588236,1.0,56198464.000000
2,820.914,892.17206,0.0882353,1.0,56198480.000000
2,807.22546,924.499,0.12352942,1.0,56198504.000000
2,794.303,954.4378,0.0882353,1.0,56198524.000000
2,782.52075,981.09546,0.10588236,1.0,56198536.000000
2,771.669,1004.2807,0.10588236,1.0,56198560.000000
2,735.8742,1096.0022,0.12352942,1.0,56198648.000000
2,728.0777,1116.767,0.10588236,1.0,56198664.000000
2,723.98755,1126.0374,0.10588236,1.0,56198684.000000
2,719.8911,1135.3267,0.10588236,1.0,56198696.000000
2,716.79376,1145.7218,0.0882353,1.0,56198712.000000
2,713.69214,1155.9236,0.10588236,1.0,56198736.000000
2,710.58875,1165.2336,0.10588236,1.0,56198744.000000
2,707.4919,1172.7703,0.10588236,1.0,56198760.000000
2,704.391,1178.9135,0.10588236,1.0,56198784.000000
2,702.1638,1183.5085,0.10588236,1.0,56198792.000000
2,700.603,1189.5879,0.10588236,1.0,56198816.000000
2,699.062,1193.814,0.10588236,1.0,56198832.000000
2,697.518,1198.4459,0.10588236,1.0,56198844.000000
2,694.4089,1204.0,0.10588236,1.0,56198884.000000
2,694.0,1204.0,0.0882353,1.0,56198896.000000
1,694.0,1204.0,0.0882353,1.0,56198904.000000
0,927.0,489.0,0.03529412,1.0,56206700.000000
2,920.90564,489.0,0.12352942,1.0,56206720.000000
2,907.01276,495.43735,0.12352942,1.0,56206740.000000
2,892.6075,505.95328,0.12352942,1.0,56206760.000000
2,873.2698,523.7495,0.14117648,1.0,56206780.000000
2,849.0,551.0,0.12352942,1.0,56206792.000000
2,825.7957,582.686,0.12352942,1.0,56206812.000000
2,804.28284,612.6984,0.14117648,1.0,56206828.000000
2,784.9089,645.6594,0.10588236,1.0,56206844.000000
2,770.49396,669.8434,0.10588236,1.0,56206864.000000
2,757.8015,694.39703,0.12352942,1.0,56206876.000000
2,748.91833,716.61237,0.12352942,1.0,56206892.000000
2,741.1596,734.0488,0.14117648,1.0,56206912.000000
2,735.33887,749.1529,0.14117648,1.0,56206928.000000
2,729.14557,766.09973,0.12352942,1.0,56206944.000000
2,724.9816,780.0551,0.12352942,1.0,56206960.000000
2,720.8878,792.44867,0.12352942,1.0,56206976.000000
2,717.8012,803.6958,0.12352942,1.0,56206992.000000
2,714.6826,816.9283,0.10588236,1.0,56207012.000000
2,711.58307,830.8761,0.10588236,1.0,56207028.000000
2,707.9144,849.0376,0.10588236,1.0,56207048.000000
2,704.3883,862.5762,0.10588236,1.0,56207072.000000
2,697.60535,888.03253,0.10588236,1.0,56207084.000000
2,691.3935,909.62286,0.12352942,1.0,56207104.000000
2,686.17554,928.3564,0.12352942,1.0,56207120.000000
2,678.8363,969.81854,0.12352942,1.0,56207148.000000
2,674.20715,991.7689,0.12352942,1.0,56207160.000000
2,670.72217,1009.528,0.10588236,1.0,56207176.000000
2,666.9105,1025.6614,0.12352942,1.0,56207192.000000
2,663.5032,1041.4841,0.12352942,1.0,56207212.000000
2,660.42395,1055.3042,0.12352942,1.0,56207220.000000
2,657.3208,1065.0376,0.12352942,1.0,56207240.000000
2,655.11597,1070.5363,0.10588236,1.0,56207260.000000
2,653.56775,1075.2968,0.10588236,1.0,56207272.000000
2,652.0222,1077.9556,0.10588236,1.0,56207292.000000
2,650.4754,1080.5245,0.0882353,1.0,56207304.000000
2,648.92847,1082.0715,0.10588236,1.0,56207320.000000
2,647.383,1083.6171,0.0882353,1.0,56207340.000000
2,645.8319,1084.0,0.10588236,1.0,56207360.000000
2,644.28357,1084.0,0.10588236,1.0,56207372.000000
2,641.0,1087.3688,0.10588236,1.0,56207424.000000
2,639.0907,1087.9093,0.10588236,1.0,56207440.000000
2,636.97327,1092.0267,0.0882353,1.0,56207472.000000
1,636.97327,1092.0267,0.0882353,1.0,56207488.000000
0,799.0,674.0,0.07058824,1.0,56244076.000000
2,800.0241,670.9277,0.10588236,1.0,56244096.000000
2,806.4974,658.00525,0.12352942,1.0,56244108.000000
2,818.04974,637.16296,0.10588236,1.0,56244124.000000
2,835.5068,609.03375,0.10588236,1.0,56244140.000000
2,852.423,581.03516,0.10588236,1.0,56244160.000000
2,865.9476,556.64874,0.14117648,1.0,56244180.000000
2,881.3286,530.3413,0.12352942,1.0,56244196.000000
2,899.5357,506.83032,0.10588236,1.0,56244208.000000
2,918.1197,482.17374,0.10588236,1.0,56244224.000000
2,931.074,456.85208,0.0882353,1.0,56244240.000000
1,931.074,456.85208,0.0882353,1.0,56244244.000000
0,165.0,967.0,0.07058824,1.0,56307560.000000
2,165.0,967.0,0.0882353,1.0,56307564.000000
2,164.50803,971.9679,0.10588236,1.0,56307604.000000
2,161.90208,981.3427,0.10588236,1.0,56307616.000000
1,161.90208,981.3427,0.10588236,1.0,56307624.000000
0,659.0,927.0,0.07058824,1.0,56312092.000000
2,659.0,927.0,0.10588236,1.0,56312124.000000
2,659.0,927.0,0.10588236,1.0,56312160.000000
2,659.0,927.0,0.10588236,1.0,56312168.000000
1,659.0,927.0,0.10588236,1.0,56312180.000000
0,738.0,1239.0,0.10588236,1.0,56428884.000000
2,738.0,1239.0,0.12352942,1.0,56428920.000000
1,738.0,1239.0,0.12352942,1.0,56428936.000000
0,148.0,998.0,0.05294118,1.0,56509248.000000
2,148.0,998.0,0.10588236,1.0,56509280.000000
2,148.0,998.0,0.10588236,1.0,56509292.000000
2,148.0,998.0,0.10588236,1.0,56509312.000000
2,148.0,998.0,0.10588236,1.0,56509336.000000
2,148.0,998.0,0.10588236,1.0,56509352.000000
1,148.0,998.0,0.10588236,1.0,56509360.000000
0,877.0,967.0,0.07058824,1.0,56514072.000000
2,877.0,967.0,0.07058824,1.0,56514096.000000
2,877.0,967.0,0.12352942,1.0,56514112.000000
2,877.0,967.0,0.12352942,1.0,56514136.000000
2,876.2978,964.8933,0.12352942,1.0,56514152.000000
2,875.14197,957.9937,0.14117648,1.0,56514172.000000
2,877.0727,931.11835,0.12352942,1.0,56514176.000000
2,888.79443,886.01984,0.14117648,1.0,56514196.000000
2,907.7477,843.50464,0.12352942,1.0,56514220.000000
2,931.7093,802.66284,0.12352942,1.0,56514236.000000
2,949.14264,766.60767,0.0882353,1.0,56514248.000000
1,949.14264,766.60767,0.0882353,1.0,56514256.000000
0,857.0,950.0,0.0882353,1.0,56636148.000000
2,857.0,950.0,0.07058824,1.0,56636168.000000
2,857.0,950.0,0.10588236,1.0,56636184.000000
2,857.0,950.0,0.0882353,1.0,56636208.000000
1,857.0,950.0,0.0882353,1.0,56636212.000000
0,695.0,872.0,0.03529412,1.0,56928332.000000
2,695.0,872.0,0.10588236,1.0,56928360.000000
2,695.0,872.0,0.10588236,1.0,56928384.000000
2,695.0,872.0,0.0882353,1.0,56928392.000000
1,695.0,872.0,0.0882353,1.0,56928400.000000
0,848.0,936.0,0.07058824,1.0,56930216.000000
2,848.0,936.0,0.0882353,1.0,56930224.000000
2,848.0,936.0,0.10588236,1.0,56930232.000000
2,848.0,936.0,0.10588236,1.0,56930264.000000
2,848.0,936.0,0.10588236,1.0,56930272.000000
2,850.32294,932.5156,0.10588236,1.0,56930280.000000
1,850.32294,932.5156,0.10588236,1.0,56930288.000000
0,963.0,915.0,0.0882353,1.0,56982256.000000
2,963.0,915.0,0.07058824,1.0,56982280.000000
2,957.45667,914.0,0.10588236,1.0,56982292.000000
2,950.0741,914.0,0.10588236,1.0,56982312.000000
2,939.8554,914.7349,0.10588236,1.0,56982332.000000
2,923.9322,917.5578,0.10588236,1.0,56982352.000000
2,896.0685,923.3181,0.10588236,1.0,56982360.000000
2,864.13574,932.24695,0.12352942,1.0,56982380.000000
2,835.57245,939.6069,0.10588236,1.0,56982392.000000
2,804.53,947.3675,0.14117648,1.0,56982416.000000
2,767.3733,961.235,0.14117648,1.0,56982436.000000
2,716.6827,982.2879,0.12352942,1.0,56982452.000000
2,671.19666,1001.5495,0.10588236,1.0,56982460.000000
1,671.19666,1001.5495,0.10588236,1.0,56982472.000000
0,981.0,920.0,0.03529412,1.0,56983848.000000
2,981.0,920.0,0.10588236,1.0,56983880.000000
2,981.0,920.0,0.10588236,1.0,56983912.000000
2,981.0,920.0,0.0882353,1.0,56983928.000000
1,981.0,920.0,0.0882353,1.0,56983936.000000
0,712.0,316.0,0.05294118,1.0,41697504.000000
2,712.0,316.0,0.10588236,1.0,41697536.000000
2,712.0,316.0,0.12352942,1.0,41697576.000000
2,712.0,316.0,0.10588236,1.0,41697616.000000
1,712.0,316.0,0.10588236,1.0,41697624.000000
0,675.0,1839.0,0.07058824,1.0,41874496.000000
2,675.0,1839.0,0.07058824,1.0,41874520.000000
1,675.0,1839.0,0.07058824,1.0,41874560.000000
0,810.0,874.0,0.03529412,1.0,41942112.000000
2,810.0,874.0,0.10588236,1.0,41942144.000000
2,812.84186,867.31635,0.10588236,1.0,41942160.000000
2,814.93286,862.1342,0.10588236,1.0,41942180.000000
2,818.018,855.9639,0.10588236,1.0,41942192.000000
2,822.651,849.79865,0.10588236,1.0,41942216.000000
2,827.29974,843.60034,0.10588236,1.0,41942232.000000
2,834.21765,835.78235,0.12352942,1.0,41942240.000000
2,840.75006,829.24994,0.12352942,1.0,41942264.000000
2,846.20496,823.0601,0.10588236,1.0,41942280.000000
2,850.85876,816.855,0.12352942,1.0,41942296.000000
2,857.3296,809.838,0.12352942,1.0,41942312.000000
2,862.11273,802.14545,0.12352942,1.0,41942332.000000
2,866.76294,794.3951,0.12352942,1.0,41942348.000000
2,871.39526,788.13965,0.12352942,1.0,41942372.000000
2,877.0896,778.3656,0.10588236,1.0,41942408.000000
2,880.171,774.829,0.10588236,1.0,41942424.000000
2,881.62933,771.7413,0.10588236,1.0,41942440.000000
2,883.17896,768.82104,0.10588236,1.0,41942460.000000
2,884.7229,767.2771,0.12352942,1.0,41942476.000000
2,886.2732,765.7268,0.12352942,1.0,41942492.000000
2,887.81635,764.18365,0.12352942,1.0,41942512.000000
2,889.35846,762.64154,0.12352942,1.0,41942528.000000
2,890.9042,760.19165,0.12352942,1.0,41942544.000000
2,892.4491,757.5509,0.12352942,1.0,41942560.000000
2,894.00916,755.99084,0.12352942,1.0,41942576.000000
2,897.0,748.29254,0.12352942,1.0,41942652.000000
2,897.0,747.5,0.12352942,1.0,41942664.000000
2,897.0,748.0,0.12352942,1.0,41942696.000000
2,897.0,748.0,0.12352942,1.0,41942712.000000
2,897.0,748.0,0.12352942,1.0,41942800.000000
2,899.0,742.28235,0.10588236,1.0,41942880.000000
2,901.9103,736.1795,0.10588236,1.0,41942900.000000
2,903.4688,733.0624,0.10588236,1.0,41942916.000000
2,905.00616,727.98145,0.10588236,1.0,41942932.000000
2,907.10333,721.7934,0.10588236,1.0,41942952.000000
2,910.19995,714.5001,0.12352942,1.0,41942964.000000
2,913.2928,705.12164,0.12352942,1.0,41942980.000000
2,907.759,698.0631,0.12352942,1.0,41943088.000000
2,830.71173,860.60944,0.10588236,1.0,41943104.000000
2,792.45233,988.11255,0.12352942,1.0,41943116.000000
2,773.80524,1101.981,0.10588236,1.0,41943136.000000
2,768.8742,1202.9268,0.0882353,1.0,41943144.000000
1,768.8742,1202.9268,0.0882353,1.0,41943160.000000
0,848.0,886.0,0.07058824,1.0,42108352.000000
2,855.83356,868.3329,0.10588236,1.0,42108372.000000
2,867.82245,847.06067,0.12352942,1.0,42108384.000000
2,883.9685,818.8754,0.12352942,1.0,42108400.000000
2,902.4605,790.2643,0.10588236,1.0,42108420.000000
2,917.0723,766.8734,0.0882353,1.0,42108432.000000
1,917.0723,766.8734,0.0882353,1.0,42108440.000000
0,909.0,983.0,0.07058824,1.0,42170160.000000
2,909.0,981.2378,0.0882353,1.0,42170180.000000
2,909.0,974.3477,0.0882353,1.0,42170196.000000
2,913.05286,961.84143,0.0882353,1.0,42170216.000000
2,920.15283,945.4638,0.10588236,1.0,42170228.000000
2,928.86145,924.73254,0.10588236,1.0,42170252.000000
2,936.61237,906.13025,0.12352942,1.0,42170268.000000
2,946.26587,884.83527,0.12352942,1.0,42170288.000000
2,956.9381,861.7041,0.10588236,1.0,42170300.000000
2,964.84875,845.2772,0.10588236,1.0,42170320.000000
2,973.6021,829.7958,0.10588236,1.0,42170332.000000
2,982.41187,813.24493,0.10588236,1.0,42170352.000000
2,991.08484,797.83026,0.10588236,1.0,42170368.000000
2,996.5057,782.3144,0.07058824,1.0,42170384.000000
1,996.5057,782.3144,0.07058824,1.0,42170388.000000
0,786.0,900.0,0.03529412,1.0,42271740.000000
2,791.0839,890.1935,0.0882353,1.0,42271772.000000
2,799.49036,876.76447,0.10588236,1.0,42271796.000000
2,808.7639,861.3935,0.10588236,1.0,42271804.000000
2,822.08185,843.8909,0.10588236,1.0,42271824.000000
2,839.6914,823.19336,0.0882353,1.0,42271844.000000
2,856.11926,799.20917,0.0882353,1.0,42271860.000000
1,856.11926,799.20917,0.0882353,1.0,42271872.000000
0,864.0,723.0,0.07058824,1.0,42337596.000000
2,864.0,723.0,0.10588236,1.0,42337624.000000
2,864.0,723.0,0.10588236,1.0,42337636.000000
2,859.5712,729.85754,0.10588236,1.0,42337648.000000
2,856.47626,734.78564,0.14117648,1.0,42337664.000000
2,853.36365,740.4545,0.14117648,1.0,42337684.000000
2,851.64154,745.07544,0.14117648,1.0,42337700.000000
2,850.09015,749.72955,0.14117648,1.0,42337716.000000
2,848.5366,754.39014,0.12352942,1.0,42337732.000000
2,846.991,760.03595,0.12352942,1.0,42337752.000000
2,845.4414,767.3515,0.12352942,1.0,42337776.000000
2,842.7888,779.05585,0.10588236,1.0,42337788.000000
2,839.03827,795.19293,0.10588236,1.0,42337808.000000
2,831.16956,819.6778,0.14117648,1.0,42337824.000000
2,815.7366,856.7805,0.12352942,1.0,42337844.000000
2,797.04144,902.4396,0.14117648,1.0,42337860.000000
2,777.767,951.28784,0.12352942,1.0,42337876.000000
2,760.012,998.1664,0.10588236,1.0,42337896.000000
2,746.4253,1039.6178,0.12352942,1.0,42337912.000000
2,738.00543,1068.4828,0.12352942,1.0,42337928.000000
1,728.6703,1093.8243,0.0882353,1.0,42337944.000000
0,651.0,999.0,0.05294118,1.0,42662832.000000
2,651.0,999.0,0.10588236,1.0,42662868.000000
2,651.0,999.0,0.10588236,1.0,42662888.000000
2,649.84204,1002.4739,0.10588236,1.0,42662916.000000
1,649.84204,1002.4739,0.10588236,1.0,42662928.000000
0,83.0,902.0,0.07058824,1.0,42693948.000000
2,83.0,902.0,0.10588236,1.0,42693968.000000
2,83.0,902.0,0.12352942,1.0,42693988.000000
2,83.0,902.0,0.12352942,1.0,42694004.000000
2,83.0,902.0,0.12352942,1.0,42694020.000000
2,83.0,902.0,0.12352942,1.0,42694036.000000
2,83.0,902.0,0.10588236,1.0,42694052.000000
1,83.0,902.0,0.10588236,1.0,42694056.000000
0,389.0,901.0,0.07058824,1.0,42875992.000000
2,389.0,901.0,0.10588236,1.0,42876008.000000
2,389.0,901.0,0.10588236,1.0,42876028.000000
2,389.0,901.0,0.10588236,1.0,42876048.000000
2,389.0,901.0,0.10588236,1.0,42876056.000000
1,389.0,901.0,0.10588236,1.0,42876068.000000
0,62.0,142.0,0.0882353,1.0,43102892.000000
2,62.0,142.0,0.0882353,1.0,43102932.000000
2,62.0,142.0,0.0882353,1.0,43103004.000000
2,62.0,142.0,0.0882353,1.0,43103012.000000
1,62.0,142.0,0.0882353,1.0,43103024.000000
0,499.0,456.0,0.07058824,1.0,10115711.000000
2,499.0,456.0,0.10588236,1.0,10115732.000000
2,499.0,456.0,0.10588236,1.0,10115745.000000
2,499.0,456.0,0.10588236,1.0,10115761.000000
1,499.0,456.0,0.10588236,1.0,10115789.000000
0,870.0,553.0,0.05294118,1.0,10164319.000000
2,870.0,553.0,0.07058824,1.0,10164335.000000
2,870.0,553.0,0.07058824,1.0,10164346.000000
2,868.1718,559.3126,0.07058824,1.0,10164366.000000
2,866.6273,569.60864,0.0882353,1.0,10164387.000000
2,865.0845,581.32434,0.0882353,1.0,10164403.000000
2,865.0,593.72064,0.07058824,1.0,10164422.000000
2,866.0062,606.0496,0.07058824,1.0,10164436.000000
2,867.55444,616.88116,0.07058824,1.0,10164451.000000
2,869.09656,625.4827,0.0882353,1.0,10164476.000000
2,870.0,630.94476,0.0882353,1.0,10164486.000000
2,870.0,635.5794,0.0882353,1.0,10164501.000000
2,870.0,637.7342,0.0882353,1.0,10164518.000000
2,870.0,639.27893,0.0882353,1.0,10164537.000000
2,870.0,639.0,0.0882353,1.0,10164568.000000
2,869.0876,638.0876,0.0882353,1.0,10164594.000000
2,867.5496,636.09924,0.10588236,1.0,10164610.000000
2,865.9995,631.99805,0.0882353,1.0,10164631.000000
2,864.4509,625.2546,0.0882353,1.0,10164641.000000
2,862.9,616.4002,0.10588236,1.0,10164662.000000
2,861.35547,604.1992,0.10588236,1.0,10164680.000000
2,861.0,590.2874,0.10588236,1.0,10164696.000000
2,861.0,577.16565,0.10588236,1.0,10164714.000000
2,861.2732,566.36084,0.0882353,1.0,10164729.000000
2,862.0,557.1804,0.0882353,1.0,10164746.000000
2,862.0,547.7704,0.10588236,1.0,10164762.000000
2,862.9181,538.49133,0.10588236,1.0,10164780.000000
2,865.0123,521.9384,0.0882353,1.0,10164814.000000
1,865.0123,521.9384,0.0882353,1.0,10164841.000000
0,886.0,494.0,0.03529412,1.0,10218938.000000
2,886.0,494.0,0.07058824,1.0,10218958.000000
2,879.1056,498.11554,0.07058824,1.0,10218971.000000
2,868.72943,512.2437,0.0882353,1.0,10218988.000000
2,857.7812,540.5263,0.0882353,1.0,10219005.000000
2,848.4912,574.1988,0.10588236,1.0,10219022.000000
2,844.1251,618.7068,0.0882353,1.0,10219039.000000
2,841.9877,665.20984,0.10588236,1.0,10219058.000000
2,838.8848,715.8431,0.10588236,1.0,10219074.000000
2,834.8046,768.12573,0.0882353,1.0,10219093.000000
2,831.71,815.3495,0.07058824,1.0,10219106.000000
1,831.71,815.3495,0.07058824,1.0,10219119.000000
0,79.0,608.0,0.03529412,1.0,10369194.000000
2,79.0,608.0,0.07058824,1.0,10369220.000000
1,79.0,608.0,0.07058824,1.0,10369281.000000
0,921.0,739.0,0.05294118,1.0,10467174.000000
2,921.0,739.0,0.07058824,1.0,10467202.000000
2,921.0,739.0,0.0882353,1.0,10467232.000000
2,921.0,739.0,0.0882353,1.0,10467313.000000
2,921.0,739.0,0.0882353,1.0,10467352.000000
2,921.0,739.0,0.0882353,1.0,10467373.000000
2,921.0,739.0,0.0882353,1.0,10467381.000000
2,917.6201,733.24023,0.10588236,1.0,10467405.000000
2,915.76086,725.8043,0.10588236,1.0,10467428.000000
2,916.0,712.9588,0.0882353,1.0,10467438.000000
2,917.34155,697.5846,0.0882353,1.0,10467452.000000
2,918.8812,681.3067,0.0882353,1.0,10467474.000000
2,920.4254,665.7458,0.10588236,1.0,10467487.000000
2,921.9721,651.2512,0.10588236,1.0,10467530.000000
2,927.6227,620.88666,0.07058824,1.0,10467566.000000
2,929.7148,608.141,0.07058824,1.0,10467604.000000
2,932.81854,597.5444,0.0882353,1.0,10467625.000000
2,934.3574,592.9278,0.0882353,1.0,10467634.000000
2,935.9096,588.2711,0.0882353,1.0,10467652.000000
2,937.92096,584.1581,0.07058824,1.0,10467674.000000
2,940.0148,575.91125,0.07058824,1.0,10467689.000000
1,940.0148,575.91125,0.07058824,1.0,10467695.000000
0,617.0,869.0,0.03529412,1.0,10497022.000000
2,617.0,869.0,0.07058824,1.0,10497050.000000
2,617.0,869.0,0.07058824,1.0,10497070.000000
2,617.0,869.0,0.07058824,1.0,10497101.000000
1,617.0,869.0,0.07058824,1.0,10497108.000000
0,954.0,742.0,0.03529412,1.0,10577706.000000
2,954.0,742.0,0.07058824,1.0,10577740.000000
2,954.0,742.0,0.07058824,1.0,10577776.000000
1,954.0,742.0,0.07058824,1.0,10577805.000000
0,857.0,762.0,0.07058824,1.0,10635049.000000
2,857.0,762.0,0.07058824,1.0,10635081.000000
1,857.0,762.0,0.07058824,1.0,10635090.000000
0,917.0,787.0,0.05294118,1.0,10641196.000000
2,917.0,787.0,0.0882353,1.0,10641216.000000
2,917.0,787.0,0.10588236,1.0,10641239.000000
2,917.0,785.1321,0.0882353,1.0,10641244.000000
2,917.0,776.95404,0.0882353,1.0,10641264.000000
2,918.71765,760.3884,0.0882353,1.0,10641285.000000
2,921.5424,735.38965,0.10588236,1.0,10641301.000000
2,926.456,699.98944,0.10588236,1.0,10641316.000000
2,932.4877,665.8178,0.07058824,1.0,10641336.000000
2,940.5918,634.5511,0.0882353,1.0,10641348.000000
2,948.33856,608.04895,0.07058824,1.0,10641366.000000
2,952.0382,579.31244,0.07058824,1.0,10641382.000000
1,952.0382,579.31244,0.07058824,1.0,10641386.000000
0,331.0,887.0,0.07058824,1.0,10669357.000000
2,331.0,887.0,0.07058824,1.0,10669391.000000
1,331.0,887.0,0.07058824,1.0,10669455.000000
0,808.0,625.0,0.07058824,1.0,10682787.000000
2,808.0,625.0,0.07058824,1.0,10682803.000000
2,805.6998,631.2504,0.07058824,1.0,10682815.000000
2,801.4106,641.3753,0.0882353,1.0,10682835.000000
2,796.7591,655.7227,0.07058824,1.0,10682856.000000
2,793.4082,669.6631,0.07058824,1.0,10682875.000000
2,790.322,683.55084,0.07058824,1.0,10682889.000000
2,788.61316,694.7079,0.0882353,1.0,10682905.000000
2,787.0648,703.67584,0.10588236,1.0,10682920.000000
2,785.5109,709.9564,0.10588236,1.0,10682937.000000
2,783.96545,715.10364,0.10588236,1.0,10682955.000000
2,782.41425,718.1715,0.0882353,1.0,10682970.000000
2,782.0,721.13153,0.0882353,1.0,10682995.000000
2,782.0,722.6823,0.0882353,1.0,10683004.000000
2,780.76587,724.23413,0.0882353,1.0,10683020.000000
2,781.0,725.5,0.0882353,1.0,10683037.000000
2,781.0,726.1636,0.0882353,1.0,10683055.000000
2,780.0,726.878,0.0882353,1.0,10683070.000000
2,778.57733,728.42267,0.0882353,1.0,10683093.000000
2,778.0,729.9691,0.0882353,1.0,10683109.000000
2,778.0,731.51605,0.0882353,1.0,10683124.000000
2,776.9338,733.0662,0.0882353,1.0,10683138.000000
2,776.38196,734.61804,0.0882353,1.0,10683156.000000
2,776.0,736.1587,0.0882353,1.0,10683169.000000
2,776.0,738.71436,0.0882353,1.0,10683186.000000
2,774.7353,740.2647,0.0882353,1.0,10683211.000000
2,774.0,741.8153,0.0882353,1.0,10683219.000000
2,774.0,743.3613,0.0882353,1.0,10683237.000000
2,773.0932,744.9068,0.0882353,1.0,10683256.000000
2,772.5,745.5,0.0882353,1.0,10683270.000000
2,773.0,745.0,0.0882353,1.0,10683289.000000
2,773.54803,742.90393,0.0882353,1.0,10683304.000000
2,778.4489,734.2144,0.07058824,1.0,10683320.000000
1,778.4489,734.2144,0.07058824,1.0,10683325.000000
0,783.0,350.0,0.05294118,1.0,10730484.000000
2,783.0,350.0,0.0882353,1.0,10730509.000000
2,778.2256,346.2256,0.0882353,1.0,10730525.000000
2,775.1215,343.12152,0.0882353,1.0,10730541.000000
2,774.0109,341.02182,0.0882353,1.0,10730560.000000
2,773.0,339.46106,0.0882353,1.0,10730570.000000
2,774.08887,337.91113,0.0882353,1.0,10730590.000000
1,774.08887,337.91113,0.0882353,1.0,10730601.000000
0,873.0,900.0,0.03529412,1.0,10889956.000000
2,873.0,900.0,0.07058824,1.0,10889979.000000
1,873.0,900.0,0.07058824,1.0,10889999.000000
0,646.0,798.0,0.03529412,1.0,10963668.000000
2,646.0,791.0709,0.0882353,1.0,10963700.000000
2,649.37946,767.51636,0.0882353,1.0,10963712.000000
2,655.35406,734.5527,0.0882353,1.0,10963729.000000
2,664.3232,690.15857,0.10588236,1.0,10963745.000000
2,673.61115,642.5091,0.0882353,1.0,10963762.000000
2,683.8846,597.4946,0.07058824,1.0,10963780.000000
2,699.8974,549.9162,0.0882353,1.0,10963801.000000
2,717.0457,507.52832,0.07058824,1.0,10963811.000000
1,717.0457,507.52832,0.07058824,1.0,10963820.000000
0,396.0,696.0,0.03529412,1.0,10979697.000000
2,396.0,696.0,0.07058824,1.0,10979736.000000
2,396.0,696.0,0.07058824,1.0,10979755.000000
2,396.0,696.0,0.07058824,1.0,10979786.000000
1,396.0,696.0,0.07058824,1.0,10979796.000000
0,802.0,643.0,0.03529412,1.0,10988164.000000
2,802.0,643.0,0.05294118,1.0,10988191.000000
2,802.0,643.0,0.07058824,1.0,10988211.000000
2,802.0,643.0,0.07058824,1.0,10988231.000000
2,802.0,643.0,0.07058824,1.0,10988244.000000
2,802.0,643.0,0.07058824,1.0,10988291.000000
1,802.0,643.0,0.07058824,1.0,10988303.000000
0,78.0,768.0,0.07058824,1.0,11007150.000000
2,78.0,768.0,0.07058824,1.0,11007181.000000
1,78.0,768.0,0.07058824,1.0,11007241.000000
0,846.0,991.0,0.05294118,1.0,11037137.000000
2,846.0,991.0,0.0882353,1.0,11037169.000000
2,845.0,978.0358,0.0882353,1.0,11037197.000000
2,845.77924,949.078,0.0882353,1.0,11037209.000000
2,846.0,907.62164,0.0882353,1.0,11037231.000000
2,844.2161,857.6743,0.0882353,1.0,11037250.000000
2,844.4348,812.9555,0.0882353,1.0,11037269.000000
2,845.98914,773.2504,0.10588236,1.0,11037297.000000
2,849.07794,743.37646,0.0882353,1.0,11037326.000000
1,853.28436,720.67285,0.07058824,1.0,11037352.000000
0,666.0,769.0,0.07058824,1.0,11085324.000000
2,666.0,769.0,0.07058824,1.0,11085355.000000
2,666.0,769.0,0.10588236,1.0,11085368.000000
2,666.0,769.0,0.10588236,1.0,11085383.000000
2,666.0,769.0,0.10588236,1.0,11085403.000000
1,666.0,769.0,0.10588236,1.0,11085415.000000
0,927.0,911.0,0.07058824,1.0,11131528.000000
2,927.0,911.0,0.07058824,1.0,11131558.000000
2,927.0,911.0,0.07058824,1.0,11131698.000000
2,927.0,911.0,0.0882353,1.0,11131858.000000
2,921.83954,906.83954,0.0882353,1.0,11131887.000000
2,918.7398,903.7398,0.0882353,1.0,11131907.000000
2,915.6468,899.47015,0.0882353,1.0,11131927.000000
2,910.1086,889.4944,0.0882353,1.0,11131939.000000
2,905.1671,867.83563,0.10588236,1.0,11131965.000000
2,905.1276,808.8585,0.0882353,1.0,11132006.000000
2,910.7049,779.4017,0.10588236,1.0,11132024.000000
2,921.26483,749.13824,0.0882353,1.0,11132053.000000
1,932.2258,718.3547,0.07058824,1.0,11132070.000000
0,937.0,904.0,0.03529412,1.0,11135943.000000
2,937.0,904.0,0.07058824,1.0,11135962.000000
2,937.0,904.0,0.07058824,1.0,11136002.000000
2,937.0,904.0,0.07058824,1.0,11136010.000000
2,932.9593,897.93896,0.07058824,1.0,11136062.000000
2,930.4281,890.5685,0.07058824,1.0,11136082.000000
2,928.88055,877.925,0.07058824,1.0,11136103.000000
2,929.0,860.9711,0.0882353,1.0,11136110.000000
2,930.2227,842.32776,0.07058824,1.0,11136131.000000
2,932.5408,826.52576,0.07058824,1.0,11136147.000000
2,935.6391,810.80444,0.07058824,1.0,11136164.000000
2,938.86505,796.53986,0.05294118,1.0,11136185.000000
2,940.41766,784.4939,0.07058824,1.0,11136204.000000
2,941.9664,777.13446,0.07058824,1.0,11136217.000000
2,942.0,772.44727,0.07058824,1.0,11136239.000000
2,942.0,767.7564,0.05294118,1.0,11136252.000000
1,942.0,767.7564,0.05294118,1.0,11136284.000000
0,702.0,1195.0,0.03529412,1.0,7413617.000000
2,702.0,1197.408,0.0882353,1.0,7413638.000000
2,702.0,1205.8722,0.0882353,1.0,7413655.000000
2,701.3083,1217.5336,0.0882353,1.0,7413672.000000
2,701.0,1227.3971,0.0882353,1.0,7413689.000000
2,699.2154,1231.5692,0.0882353,1.0,7413707.000000
2,697.6633,1233.3367,0.0882353,1.0,7413722.000000
2,696.12665,1232.1266,0.0882353,1.0,7413737.000000
2,694.5831,1223.4988,0.0882353,1.0,7413755.000000
2,694.94415,1163.1725,0.10588236,1.0,7413772.000000
2,701.0,1087.0,0.10588236,1.0,7413789.000000
2,713.52704,1020.5624,0.0882353,1.0,7413815.000000
2,725.2988,968.1906,0.10588236,1.0,7413837.000000
1,736.1399,927.92883,0.07058824,1.0,7413847.000000
0,579.0,1510.0,0.05294118,1.0,7424305.000000
2,574.4389,1511.5204,0.12352942,1.0,7424327.000000
2,569.80286,1514.1315,0.12352942,1.0,7424338.000000
2,565.15234,1517.8477,0.12352942,1.0,7424356.000000
2,560.5226,1523.6366,0.12352942,1.0,7424379.000000
2,557.2782,1527.4436,0.12352942,1.0,7424398.000000
2,555.7158,1528.0,0.10588236,1.0,7424405.000000
1,555.7158,1528.0,0.10588236,1.0,7424417.000000
0,916.0,876.0,0.07058824,1.0,7454908.000000
2,916.0,876.0,0.0882353,1.0,7454940.000000
2,916.0,876.0,0.10588236,1.0,7454965.000000
2,916.0,876.0,0.10588236,1.0,7454974.000000
2,918.3267,872.5099,0.10588236,1.0,7454994.000000
2,929.1089,858.1457,0.12352942,1.0,7455008.000000
2,940.00305,841.28094,0.12352942,1.0,7455027.000000
2,958.74646,817.33154,0.14117648,1.0,7455045.000000
2,978.5,793.0,0.10588236,1.0,7455059.000000
2,991.69403,767.61194,0.07058824,1.0,7455076.000000
1,991.69403,767.61194,0.07058824,1.0,7455085.000000
0,1019.0,941.0,0.07058824,1.0,7676438.000000
2,1019.0,941.0,0.0882353,1.0,7676461.000000
2,1017.67377,932.6951,0.0882353,1.0,7676533.000000
2,1017.0,921.0412,0.0882353,1.0,7676541.000000
2,1017.0,907.3097,0.07058824,1.0,7676557.000000
2,1017.0,885.4318,0.07058824,1.0,7676580.000000
2,1017.0,864.0,0.0882353,1.0,7676595.000000
2,1017.0,838.92896,0.07058824,1.0,7676615.000000
2,1017.0,809.3522,0.0882353,1.0,7676635.000000
2,1017.0,779.7867,0.07058824,1.0,7676645.000000
1,1017.0,779.7867,0.07058824,1.0,7676653.000000
0,129.0,416.0,0.05294118,1.0,7734736.000000
2,129.0,416.0,0.0882353,1.0,7734752.000000
2,129.0,416.0,0.0882353,1.0,7734767.000000
2,129.0,416.0,0.10588236,1.0,7734787.000000
2,129.0,416.0,0.0882353,1.0,7734810.000000
1,129.0,416.0,0.0882353,1.0,7734816.000000
0,449.0,425.0,0.03529412,1.0,7772863.000000
2,449.0,425.0,0.05294118,1.0,7772885.000000
2,449.0,425.0,0.0882353,1.0,7772903.000000
2,449.0,425.0,0.10588236,1.0,7772912.000000
1,449.0,425.0,0.10588236,1.0,7773006.000000
0,820.0,509.0,0.07058824,1.0,7775994.000000
2,820.0,509.0,0.10588236,1.0,7776008.000000
2,820.0,509.0,0.10588236,1.0,7776026.000000
2,820.0,509.0,0.12352942,1.0,7776048.000000
2,820.0,509.0,0.10588236,1.0,7776074.000000
1,820.0,509.0,0.10588236,1.0,7776088.000000
0,959.0,809.0,0.05294118,1.0,7786099.000000
2,959.0,809.0,0.07058824,1.0,7786115.000000
2,959.0,809.0,0.10588236,1.0,7786136.000000
2,961.8415,800.39624,0.10588236,1.0,7786158.000000
2,967.3321,787.3358,0.10588236,1.0,7786166.000000
2,977.083,769.85767,0.12352942,1.0,7786181.000000
2,988.98083,745.901,0.10588236,1.0,7786197.000000
2,998.685,722.2874,0.10588236,1.0,7786218.000000
2,1009.345,697.9738,0.10588236,1.0,7786235.000000
2,1015.6788,669.9275,0.07058824,1.0,7786247.000000
1,1015.6788,669.9275,0.07058824,1.0,7786255.000000
0,922.0,587.0,0.05294118,1.0,7809451.000000
2,922.0,587.0,0.05294118,1.0,7809466.000000
2,922.0,582.5663,0.07058824,1.0,7809486.000000
2,922.90674,575.4663,0.07058824,1.0,7809505.000000
2,925.92676,561.8296,0.07058824,1.0,7809520.000000
2,932.0362,542.88245,0.07058824,1.0,7809537.000000
2,943.45575,507.18964,0.05294118,1.0,7809551.000000
2,961.45996,461.40625,0.07058824,1.0,7809568.000000
1,961.45996,461.40625,0.07058824,1.0,7809583.000000
0,955.0,886.0,0.07058824,1.0,7913338.000000
2,955.6501,883.39966,0.10588236,1.0,7913357.000000
2,958.4055,874.7835,0.10588236,1.0,7913376.000000
2,963.2578,862.7318,0.10588236,1.0,7913383.000000
2,966.59753,851.90857,0.10588236,1.0,7913403.000000
2,969.6998,841.05066,0.10588236,1.0,7913417.000000
2,972.8045,827.37964,0.12352942,1.0,7913439.000000
2,976.85626,804.7188,0.10588236,1.0,7913459.000000
2,980.00385,778.969,0.10588236,1.0,7913477.000000
2,982.0761,749.4772,0.07058824,1.0,7913489.000000
1,982.0761,749.4772,0.07058824,1.0,7913494.000000
0,893.0,789.0,0.07058824,1.0,7914017.000000
2,893.0,789.0,0.0882353,1.0,7914035.000000
2,893.0,789.0,0.10588236,1.0,7914055.000000
2,893.0,789.0,0.10588236,1.0,7914083.000000
2,889.7646,786.8431,0.0882353,1.0,7914097.000000
1,889.7646,786.8431,0.0882353,1.0,7914103.000000
0,845.0,747.0,0.03529412,1.0,8019058.000000
2,845.0,747.0,0.0882353,1.0,8019082.000000
2,845.0,749.57544,0.10588236,1.0,8019116.000000
2,846.4188,755.67523,0.10588236,1.0,8019135.000000
2,846.0,766.7451,0.10588236,1.0,8019153.000000
2,846.0,778.5532,0.10588236,1.0,8019176.000000
2,844.9427,789.40106,0.10588236,1.0,8019182.000000
2,843.39154,799.6507,0.10588236,1.0,8019205.000000
2,841.8399,808.9605,0.12352942,1.0,8019218.000000
2,839.28235,816.58826,0.10588236,1.0,8019236.000000
2,837.7324,823.0703,0.10588236,1.0,8019253.000000
2,836.1847,829.26135,0.10588236,1.0,8019273.000000
2,834.6491,834.05273,0.10588236,1.0,8019306.000000
2,831.555,840.88995,0.12352942,1.0,8019335.000000
2,826.90186,848.09814,0.12352942,1.0,8019391.000000
2,823.80426,853.39154,0.12352942,1.0,8019428.000000
2,819.1565,862.68695,0.12352942,1.0,8019469.000000
2,816.05664,868.88666,0.12352942,1.0,8019490.000000
2,814.508,871.98395,0.12352942,1.0,8019505.000000
2,812.96265,875.0747,0.12352942,1.0,8019522.000000
2,811.40405,878.19183,0.14117648,1.0,8019539.000000
2,811.0,881.28595,0.12352942,1.0,8019560.000000
2,810.3072,884.38556,0.12352942,1.0,8019575.000000
2,810.0,887.47705,0.12352942,1.0,8019589.000000
2,809.2098,890.5805,0.12352942,1.0,8019605.000000
2,807.6538,895.03864,0.12352942,1.0,8019638.000000
2,805.5332,910.2675,0.12352942,1.0,8019656.000000
2,803.0047,921.9812,0.12352942,1.0,8019667.000000
2,795.62506,937.1874,0.0882353,1.0,8019686.000000
2,786.2963,949.8209,0.0882353,1.0,8019700.000000
1,786.2963,949.8209,0.0882353,1.0,8019718.000000
0,820.0,904.0,0.05294118,1.0,8028344.000000
2,816.6276,908.3724,0.05294118,1.0,8028562.000000
2,814.7673,911.4655,0.05294118,1.0,8028572.000000
2,813.22394,912.77606,0.05294118,1.0,8028591.000000
2,811.6756,914.3244,0.05294118,1.0,8028607.000000
2,807.07684,926.0,0.10588236,1.0,8028706.000000
2,811.123,924.877,0.10588236,1.0,8028726.000000
2,813.34576,923.32715,0.10588236,1.0,8028743.000000
2,815.2221,921.5558,0.10588236,1.0,8028764.000000
2,816.766,918.46796,0.10588236,1.0,8028775.000000
2,822.74677,910.3798,0.10588236,1.0,8028829.000000
2,836.6655,878.0035,0.0882353,1.0,8028865.000000
2,840.33954,864.64197,0.05294118,1.0,8028871.000000
1,840.33954,864.64197,0.05294118,1.0,8028889.000000
0,197.0,675.0,0.0882353,1.0,8152529.000000
2,197.0,675.0,0.0882353,1.0,8152560.000000
2,197.0,675.0,0.10588236,1.0,8152578.000000
2,197.0,675.0,0.10588236,1.0,8152606.000000
1,197.0,675.0,0.10588236,1.0,8152620.000000
0,754.0,817.0,0.0882353,1.0,8163490.000000
2,748.0498,817.0,0.14117648,1.0,8163508.000000
2,745.97107,817.0,0.14117648,1.0,8163528.000000
2,744.424,817.0,0.14117648,1.0,8163550.000000
2,742.8582,818.1418,0.14117648,1.0,8163556.000000
1,742.8582,818.1418,0.14117648,1.0,8163568.000000
0,513.0,470.0,0.0882353,1.0,34344584.000000
2,513.0,470.0,0.10588236,1.0,34344612.000000
2,513.0,470.0,0.10588236,1.0,34344620.000000
2,516.64343,468.959,0.10588236,1.0,34344660.000000
2,533.00616,465.8323,0.10588236,1.0,34344672.000000
1,533.00616,465.8323,0.10588236,1.0,34344680.000000
0,624.0,1067.0,0.0882353,1.0,44482808.000000
2,624.0,1067.0,0.10588236,1.0,44482848.000000
2,624.0,1067.0,0.10588236,1.0,44482888.000000
2,624.0,1067.0,0.10588236,1.0,44482904.000000
1,624.0,1067.0,0.10588236,1.0,44482912.000000
0,768.0,912.0,0.07058824,1.0,45064928.000000
2,769.25903,908.22296,0.0882353,1.0,45064960.000000
2,771.60095,900.9976,0.0882353,1.0,45064972.000000
2,776.0215,891.957,0.0882353,1.0,45064988.000000
2,781.53735,880.9253,0.10588236,1.0,45065008.000000
2,789.1616,865.6767,0.10588236,1.0,45065024.000000
2,797.81683,843.4274,0.12352942,1.0,45065048.000000
2,808.6627,818.58154,0.10588236,1.0,45065056.000000
2,822.6849,788.6303,0.10588236,1.0,45065072.000000
2,839.53265,759.1225,0.10588236,1.0,45065092.000000
2,855.80475,726.2101,0.10588236,1.0,45065104.000000
1,855.80475,726.2101,0.10588236,1.0,45065112.000000
0,789.0,867.0,0.07058824,1.0,45065472.000000
2,789.4651,865.1398,0.10588236,1.0,45065504.000000
2,806.6725,826.21106,0.12352942,1.0,45065520.000000
2,830.6373,785.30316,0.10588236,1.0,45065540.000000
2,863.477,737.4636,0.12352942,1.0,45065552.000000
2,893.70184,698.5188,0.10588236,1.0,45065568.000000
2,915.5993,667.9702,0.10588236,1.0,45065592.000000
2,930.62787,642.32825,0.0882353,1.0,45065604.000000
1,930.62787,642.32825,0.0882353,1.0,45065608.000000
0,809.0,729.0,0.07058824,1.0,45208600.000000
2,809.0,729.0,0.10588236,1.0,45208612.000000
2,809.0,729.0,0.12352942,1.0,45208636.000000
2,809.0,729.0,0.12352942,1.0,45208648.000000
2,809.0,729.0,0.12352942,1.0,45208664.000000
2,809.0,729.0,0.12352942,1.0,45208684.000000
2,808.3575,727.07245,0.12352942,1.0,45208696.000000
2,808.0,722.42224,0.12352942,1.0,45208712.000000
2,808.735,715.325,0.12352942,1.0,45208732.000000
2,811.5651,707.5873,0.14117648,1.0,45208756.000000
2,814.6544,699.864,0.14117648,1.0,45208768.000000
2,819.11804,690.7639,0.14117648,1.0,45208784.000000
2,821.8305,682.4238,0.14117648,1.0,45208808.000000
2,826.35376,674.7437,0.14117648,1.0,45208820.000000
2,829.0124,668.9752,0.12352942,1.0,45208840.000000
2,831.5491,664.3528,0.12352942,1.0,45208856.000000
2,833.1031,660.7938,0.10588236,1.0,45208872.000000
2,834.0,658.35175,0.10588236,1.0,45208888.000000
2,834.0,656.8063,0.10588236,1.0,45208904.000000
2,835.73914,654.5217,0.10588236,1.0,45208916.000000
2,838.5604,651.4396,0.12352942,1.0,45208936.000000
2,841.65533,647.51697,0.14117648,1.0,45208952.000000
2,846.1265,641.498,0.14117648,1.0,45208968.000000
2,858.31396,628.68604,0.14117648,1.0,45209008.000000
2,892.0911,593.8997,0.10588236,1.0,45209028.000000
2,907.0957,576.7719,0.10588236,1.0,45209040.000000
2,917.74255,563.00995,0.07058824,1.0,45209052.000000
1,917.74255,563.00995,0.07058824,1.0,45209056.000000
0,905.0,877.0,0.03529412,1.0,45293564.000000
2,904.0,867.7736,0.0882353,1.0,45293584.000000
2,906.6469,844.8249,0.10588236,1.0,45293604.000000
2,915.3493,814.4727,0.0882353,1.0,45293628.000000
2,923.0705,789.3744,0.10588236,1.0,45293644.000000
2,932.7812,764.5471,0.10588236,1.0,45293656.000000
2,941.55286,743.7885,0.0882353,1.0,45293676.000000
2,947.3488,722.7791,0.07058824,1.0,45293688.000000
1,947.3488,722.7791,0.07058824,1.0,45293696.000000
0,533.0,901.0,0.07058824,1.0,45341124.000000
2,528.54095,899.5137,0.12352942,1.0,45341140.000000
2,524.9362,896.9362,0.12352942,1.0,45341156.000000
2,522.4159,893.83185,0.12352942,1.0,45341172.000000
2,520.8492,890.6983,0.0882353,1.0,45341192.000000
1,520.8492,890.6983,0.0882353,1.0,45341208.000000
0,826.0,904.0,0.07058824,1.0,45357424.000000
2,824.51184,900.27966,0.07058824,1.0,45357448.000000
2,820.14,889.99335,0.10588236,1.0,45357468.000000
2,819.83386,864.9907,0.12352942,1.0,45357488.000000
2,828.28735,830.23175,0.10588236,1.0,45357504.000000
2,852.91437,774.307,0.10588236,1.0,45357520.000000
2,883.5556,718.71106,0.12352942,1.0,45357536.000000
2,908.4063,672.1583,0.10588236,1.0,45357552.000000
1,908.4063,672.1583,0.10588236,1.0,45357552.000000
0,837.0,909.0,0.05294118,1.0,45363312.000000
2,837.0,909.0,0.10588236,1.0,45363332.000000
2,837.0,909.0,0.10588236,1.0,45363352.000000
2,840.5537,900.89264,0.10588236,1.0,45363372.000000
2,850.7955,883.2077,0.10588236,1.0,45363380.000000
2,868.4088,844.34357,0.10588236,1.0,45363404.000000
2,888.4317,801.1471,0.0882353,1.0,45363416.000000
2,906.4304,757.83795,0.0882353,1.0,45363432.000000
1,906.4304,757.83795,0.0882353,1.0,45363440.000000
0,872.0,896.0,0.05294118,1.0,45366904.000000
2,869.69183,882.53455,0.10588236,1.0,45366920.000000
2,871.70074,848.4413,0.10588236,1.0,45366944.000000
2,881.7672,804.5359,0.12352942,1.0,45366960.000000
2,906.09875,750.97144,0.12352942,1.0,45366976.000000
2,929.37994,701.25616,0.10588236,1.0,45366996.000000
2,944.3686,663.94025,0.0882353,1.0,45367008.000000
1,944.3686,663.94025,0.0882353,1.0,45367016.000000
0,834.0,806.0,0.07058824,1.0,45370648.000000
2,836.9328,800.13446,0.10588236,1.0,45370676.000000
2,847.0428,778.9144,0.10588236,1.0,45370696.000000
2,862.06793,749.8642,0.0882353,1.0,45370720.000000
2,878.0333,716.83,0.12352942,1.0,45370736.000000
2,892.8508,689.5986,0.10588236,1.0,45370752.000000
2,906.82477,665.95874,0.10588236,1.0,45370768.000000
2,917.1739,647.1305,0.10588236,1.0,45370780.000000
2,926.72455,631.1258,0.12352942,1.0,45370800.000000
2,933.3334,619.1666,0.12352942,1.0,45370816.000000
2,938.135,611.1083,0.10588236,1.0,45370832.000000
2,939.9321,607.1357,0.10588236,1.0,45370848.000000
2,939.5195,605.5195,0.0882353,1.0,45370868.000000
2,935.8959,603.9653,0.07058824,1.0,45370880.000000
1,935.8959,603.9653,0.07058824,1.0,45370888.000000
0,817.0,907.0,0.05294118,1.0,45378108.000000
2,815.7786,905.16797,0.0882353,1.0,45378128.000000
2,813.83997,897.0398,0.10588236,1.0,45378144.000000
2,818.5337,867.7451,0.12352942,1.0,45378164.000000
2,832.49786,829.7554,0.10588236,1.0,45378184.000000
2,853.36975,780.6651,0.10588236,1.0,45378196.000000
2,873.1073,739.1277,0.12352942,1.0,45378212.000000
2,891.73425,707.0041,0.12352942,1.0,45378228.000000
2,907.39594,683.4061,0.10588236,1.0,45378244.000000
2,917.9013,664.1974,0.10588236,1.0,45378264.000000
2,928.742,646.1197,0.10588236,1.0,45378280.000000
2,941.3735,628.5021,0.10588236,1.0,45378300.000000
2,952.8321,609.97455,0.10588236,1.0,45378312.000000
2,961.0115,591.57245,0.07058824,1.0,45378328.000000
1,961.0115,591.57245,0.07058824,1.0,45378336.000000
0,783.0,910.0,0.07058824,1.0,45378824.000000
2,783.0,910.0,0.0882353,1.0,45378844.000000
2,783.0,910.0,0.0882353,1.0,45378856.000000
2,783.0,910.0,0.0882353,1.0,45378872.000000
2,783.0,910.0,0.10588236,1.0,45378896.000000
2,783.0,910.0,0.0882353,1.0,45378908.000000
1,783.0,910.0,0.0882353,1.0,45378912.000000
0,805.0,785.0,0.07058824,1.0,45383596.000000
2,800.8309,785.0,0.10588236,1.0,45383632.000000
2,797.12396,785.0,0.10588236,1.0,45383640.000000
2,794.0276,785.0,0.10588236,1.0,45383656.000000
2,792.9654,782.9654,0.10588236,1.0,45383680.000000
2,791.4268,781.4268,0.10588236,1.0,45383700.000000
2,789.8411,776.3646,0.07058824,1.0,45383712.000000
1,789.8411,776.3646,0.07058824,1.0,45383720.000000
0,865.0,894.0,0.07058824,1.0,45404896.000000
2,865.0,894.0,0.07058824,1.0,45404952.000000
1,865.0,894.0,0.07058824,1.0,45404960.000000
0,120.0,162.0,0.07058824,1.0,45438928.000000
2,120.0,162.0,0.10588236,1.0,45438960.000000
2,120.0,162.0,0.10588236,1.0,45439040.000000
1,120.0,162.0,0.10588236,1.0,45439052.000000
0,766.0,1422.0,0.10588236,1.0,86307120.000000
2,766.0,1422.0,0.0882353,1.0,86307152.000000
2,764.0958,1429.6166,0.0882353,1.0,86307176.000000
2,763.0,1434.3444,0.0882353,1.0,86307192.000000
2,763.0,1438.9507,0.10588236,1.0,86307200.000000
2,763.0,1442.5823,0.10588236,1.0,86307216.000000
2,763.0,1447.2139,0.10588236,1.0,86307232.000000
2,763.0,1455.2745,0.10588236,1.0,86307248.000000
2,763.0,1467.2018,0.10588236,1.0,86307264.000000
2,763.6889,1485.6448,0.10588236,1.0,86307288.000000
2,765.2334,1517.1349,0.10588236,1.0,86307304.000000
2,766.0,1554.8766,0.10588236,1.0,86307320.000000
2,767.3178,1599.217,0.10588236,1.0,86307336.000000
2,772.5681,1649.3931,0.10588236,1.0,86307352.000000
2,777.16455,1692.8693,0.10588236,1.0,86307368.000000
2,786.73254,1729.8766,0.0882353,1.0,86307392.000000
2,792.9173,1756.1484,0.0882353,1.0,86307400.000000
2,800.1389,1774.3821,0.07058824,1.0,86307416.000000
1,800.1389,1774.3821,0.07058824,1.0,86307432.000000
0,211.0,852.0,0.05294118,1.0,86382808.000000
2,215.56601,843.5095,0.0882353,1.0,86382848.000000
2,222.9205,832.7113,0.0882353,1.0,86382864.000000
2,231.60428,816.0706,0.0882353,1.0,86382888.000000
2,240.60556,792.7185,0.10588236,1.0,86382904.000000
2,249.23155,758.4186,0.10588236,1.0,86382912.000000
2,255.38028,712.30286,0.10588236,1.0,86382928.000000
2,252.21481,667.3297,0.10588236,1.0,86382952.000000
2,246.25293,622.3338,0.10588236,1.0,86382960.000000
2,236.11588,577.56,0.10588236,1.0,86382984.000000
2,227.37634,539.45593,0.0882353,1.0,86383000.000000
2,222.84521,508.5296,0.07058824,1.0,86383016.000000
1,222.84521,508.5296,0.07058824,1.0,86383024.000000
0,317.0,856.0,0.0882353,1.0,86384304.000000
2,317.0,856.0,0.10588236,1.0,86384320.000000
2,317.0,856.0,0.10588236,1.0,86384344.000000
2,317.0,856.0,0.10588236,1.0,86384392.000000
2,317.0,856.0,0.10588236,1.0,86384408.000000
1,317.0,856.0,0.10588236,1.0,86384408.000000
0,948.0,695.0,0.05294118,1.0,13910.000000
2,948.0,695.0,0.10588236,1.0,13929.000000
2,942.07855,695.0,0.10588236,1.0,13959.000000
2,935.98334,698.00665,0.10588236,1.0,13978.000000
1,935.98334,698.00665,0.10588236,1.0,13989.000000
0,705.0,990.0,0.0882353,1.0,66563.000000
2,705.0,990.0,0.0882353,1.0,66567.000000
2,705.6351,988.0947,0.0882353,1.0,66587.000000
2,710.7024,978.7708,0.10588236,1.0,66600.000000
2,720.7539,954.33453,0.12352942,1.0,66624.000000
2,736.9429,917.3117,0.10588236,1.0,66639.000000
2,753.72864,874.2998,0.10588236,1.0,66659.000000
2,769.5566,839.17554,0.10588236,1.0,66671.000000
2,783.17035,813.6593,0.10588236,1.0,66688.000000
2,795.68256,793.0158,0.07058824,1.0,66705.000000
2,803.26636,777.4007,0.07058824,1.0,66721.000000
1,803.26636,777.4007,0.07058824,1.0,66728.000000
0,898.0,851.0,0.03529412,1.0,125359.000000
2,890.9754,846.98157,0.10588236,1.0,125380.000000
2,888.4525,843.4525,0.10588236,1.0,125394.000000
2,888.0,841.906,0.10588236,1.0,125417.000000
2,886.36206,840.36206,0.12352942,1.0,125434.000000
2,884.8215,840.0,0.12352942,1.0,125443.000000
2,882.546,841.454,0.12352942,1.0,125463.000000
2,878.1934,848.3443,0.14117648,1.0,125480.000000
2,873.55084,858.71466,0.12352942,1.0,125495.000000
2,868.9078,869.54846,0.10588236,1.0,125515.000000
2,864.279,880.34906,0.10588236,1.0,125539.000000
2,860.1076,892.12335,0.10588236,1.0,125548.000000
2,857.0216,901.9351,0.10588236,1.0,125565.000000
2,854.0265,910.9206,0.10588236,1.0,125583.000000
2,850.86676,918.3997,0.10588236,1.0,125607.000000
2,848.37976,927.1012,0.12352942,1.0,125629.000000
2,845.2893,940.8429,0.10588236,1.0,125646.000000
2,843.74097,945.77704,0.10588236,1.0,125666.000000
2,842.20734,950.378,0.10588236,1.0,125683.000000
2,840.66046,953.6791,0.10588236,1.0,125701.000000
2,839.1181,955.8819,0.10588236,1.0,125720.000000
2,837.5611,957.4389,0.10588236,1.0,125735.000000
2,837.0194,958.0,0.10588236,1.0,125745.000000
2,836.5,958.0,0.10588236,1.0,125763.000000
2,835.9781,958.0,0.10588236,1.0,125778.000000
2,835.0,958.0,0.10588236,1.0,125838.000000
2,835.0,958.0,0.10588236,1.0,125843.000000
2,835.0,958.0,0.10588236,1.0,125883.000000
2,835.0,958.0,0.0882353,1.0,125916.000000
1,835.0,958.0,0.0882353,1.0,125936.000000
0,782.0,1243.0,0.03529412,1.0,163433.000000
2,782.0,1243.0,0.0882353,1.0,163459.000000
2,781.0,1235.5404,0.0882353,1.0,163479.000000
2,781.0,1226.5015,0.10588236,1.0,163493.000000
2,781.958,1206.5876,0.10588236,1.0,163511.000000
2,786.4929,1176.5541,0.10588236,1.0,163530.000000
2,796.29517,1132.8563,0.12352942,1.0,163544.000000
2,812.0347,1082.0682,0.12352942,1.0,163577.000000
1,835.14496,1031.7101,0.10588236,1.0,163592.000000
0,791.0,893.0,0.07058824,1.0,3019521.000000
2,791.0,893.0,0.0882353,1.0,3019541.000000
2,791.0,893.0,0.0882353,1.0,3019567.000000
2,791.0,893.0,0.0882353,1.0,3019614.000000
1,791.0,893.0,0.0882353,1.0,3019627.000000
0,812.0,898.0,0.07058824,1.0,3099080.000000
2,812.0,898.0,0.0882353,1.0,3099096.000000
2,812.0,898.0,0.10588236,1.0,3099116.000000
2,812.0,898.0,0.12352942,1.0,3099125.000000
2,812.0,898.0,0.0882353,1.0,3099139.000000
1,812.0,898.0,0.0882353,1.0,3099145.000000
0,880.0,774.0,0.05294118,1.0,3134010.000000
2,880.0,774.0,0.10588236,1.0,3134033.000000
2,880.0,774.0,0.12352942,1.0,3134069.000000
2,880.0,774.0,0.12352942,1.0,3134078.000000
2,878.77356,777.6793,0.12352942,1.0,3134101.000000
2,877.0023,782.99304,0.12352942,1.0,3134119.000000
2,875.5,787.5,0.12352942,1.0,3134134.000000
2,872.9145,792.25653,0.12352942,1.0,3134154.000000
2,871.3603,795.2794,0.12352942,1.0,3134170.000000
2,869.81195,798.37604,0.12352942,1.0,3134183.000000
2,868.26373,800.73627,0.12352942,1.0,3134200.000000
2,866.71826,802.28174,0.12352942,1.0,3134217.000000
2,866.0,803.8254,0.12352942,1.0,3134233.000000
2,864.61945,805.38055,0.12352942,1.0,3134250.000000
2,865.0,806.9155,0.12352942,1.0,3134272.000000
2,863.5349,808.4651,0.14117648,1.0,3134283.000000
2,861.9881,812.02374,0.14117648,1.0,3134300.000000
2,860.4446,815.11084,0.12352942,1.0,3134319.000000
2,858.897,818.2061,0.12352942,1.0,3134334.000000
2,858.0,819.6548,0.12352942,1.0,3134350.000000
2,858.0,822.3976,0.12352942,1.0,3134370.000000
2,858.0,823.7477,0.12352942,1.0,3134382.000000
2,858.0,825.293,0.12352942,1.0,3134401.000000
2,860.9695,823.51526,0.12352942,1.0,3134471.000000
2,862.0,821.94147,0.07058824,1.0,3134488.000000
1,862.0,821.94147,0.07058824,1.0,3134505.000000
0,801.0,854.0,0.03529412,1.0,3150119.000000
2,799.65857,856.0121,0.10588236,1.0,3150146.000000
2,796.33093,863.22784,0.10588236,1.0,3150155.000000
2,790.2479,879.8182,0.0882353,1.0,3150175.000000
2,784.0545,900.8229,0.0882353,1.0,3150193.000000
2,777.86255,919.3437,0.10588236,1.0,3150212.000000
2,771.6798,935.88055,0.0882353,1.0,3150226.000000
2,766.11176,954.18225,0.0882353,1.0,3150248.000000
2,760.30505,976.60614,0.10588236,1.0,3150259.000000
2,754.1311,1006.7788,0.10588236,1.0,3150284.000000
2,746.9215,1043.1229,0.0882353,1.0,3150296.000000
2,740.7389,1072.4902,0.12352942,1.0,3150308.000000
2,734.5587,1100.4857,0.0882353,1.0,3150325.000000
2,732.1809,1119.0051,0.10588236,1.0,3150347.000000
2,732.0,1131.6403,0.0882353,1.0,3150363.000000
2,733.00616,1138.0247,0.07058824,1.0,3150376.000000
1,733.00616,1138.0247,0.07058824,1.0,3150389.000000
0,844.0,807.0,0.05294118,1.0,3301310.000000
2,844.0,807.0,0.10588236,1.0,3301334.000000
2,841.7144,812.333,0.0882353,1.0,3301352.000000
2,837.06946,825.7917,0.10588236,1.0,3301367.000000
2,831.55634,843.47003,0.10588236,1.0,3301387.000000
2,826.80347,861.7861,0.10588236,1.0,3301400.000000
2,822.1599,879.41364,0.0882353,1.0,3301417.000000
2,817.51544,896.4435,0.10588236,1.0,3301433.000000
2,814.91376,912.43134,0.12352942,1.0,3301450.000000
2,811.8115,927.34827,0.12352942,1.0,3301470.000000
2,808.72144,941.2536,0.10588236,1.0,3301487.000000
2,806.62964,954.4813,0.10588236,1.0,3301499.000000
2,803.533,968.10144,0.12352942,1.0,3301519.000000
2,802.22205,977.66766,0.12352942,1.0,3301541.000000
2,802.0,986.63153,0.12352942,1.0,3301557.000000
2,802.0,993.4794,0.12352942,1.0,3301573.000000
2,800.582,999.6721,0.0882353,1.0,3301583.000000
2,799.0334,1003.9333,0.0882353,1.0,3301599.000000
2,798.481,1007.038,0.0882353,1.0,3301616.000000
2,798.0,1009.0657,0.0882353,1.0,3301634.000000
2,798.0,1010.61237,0.0882353,1.0,3301650.000000
2,796.83704,1012.16296,0.0882353,1.0,3301668.000000
2,797.0,1012.0,0.0882353,1.0,3301696.000000
2,796.2029,1012.0,0.0882353,1.0,3301712.000000
2,796.0,1012.0,0.0882353,1.0,3301748.000000
2,796.0,1012.0,0.0882353,1.0,3301771.000000
1,796.0,1012.0,0.0882353,1.0,3301788.000000
0,754.0,651.0,0.10588236,1.0,3705557.000000
2,754.0,651.0,0.10588236,1.0,3705592.000000
2,754.0,651.0,0.10588236,1.0,3705621.000000
1,754.0,651.0,0.10588236,1.0,3705632.000000
0,572.0,874.0,0.0882353,1.0,3750555.000000
2,572.0,874.0,0.0882353,1.0,3750575.000000
2,572.0,874.0,0.10588236,1.0,3750583.000000
2,572.0,874.0,0.10588236,1.0,3750618.000000
1,572.0,874.0,0.10588236,1.0,3750629.000000
0,777.0,1288.0,0.03529412,1.0,42100264.000000
2,777.0,1288.0,0.0882353,1.0,42100292.000000
2,777.0,1288.0,0.0882353,1.0,42100312.000000
2,778.0121,1282.9397,0.0882353,1.0,42100392.000000
1,778.0121,1282.9397,0.0882353,1.0,42100400.000000
0,850.0,630.0,0.0882353,1.0,42106452.000000
2,850.0,630.0,0.0882353,1.0,42106472.000000
2,850.0,630.0,0.0882353,1.0,42106476.000000
2,847.2511,635.49774,0.10588236,1.0,42106496.000000
2,846.0759,644.4684,0.10588236,1.0,42106512.000000
2,844.5308,656.7535,0.0882353,1.0,42106528.000000
2,841.9649,684.3335,0.0882353,1.0,42106552.000000
2,837.29517,729.73114,0.10588236,1.0,42106568.000000
2,831.53094,787.2217,0.0882353,1.0,42106580.000000
2,825.3389,878.9074,0.0882353,1.0,42106596.000000
2,817.88025,1000.1404,0.0882353,1.0,42106612.000000
1,817.88025,1000.1404,0.0882353,1.0,42106616.000000
0,729.0,840.0,0.05294118,1.0,42168452.000000
2,729.0,840.0,0.12352942,1.0,42168476.000000
2,729.0,840.0,0.12352942,1.0,42168496.000000
2,729.0,840.0,0.12352942,1.0,42168508.000000
2,729.0,840.0,0.12352942,1.0,42168528.000000
2,729.0,840.0,0.12352942,1.0,42168568.000000
2,729.0,840.0,0.10588236,1.0,42168576.000000
1,729.0,840.0,0.10588236,1.0,42168584.000000
0,909.0,985.0,0.05294118,1.0,42967264.000000
2,906.7694,974.9622,0.10588236,1.0,42967276.000000
2,902.5414,950.1433,0.0882353,1.0,42967292.000000
2,903.27606,915.65063,0.10588236,1.0,42967312.000000
2,916.37714,871.77026,0.0882353,1.0,42967328.000000
2,934.40375,823.6237,0.10588236,1.0,42967344.000000
2,965.43115,763.8074,0.12352942,1.0,42967360.000000
2,991.9298,714.0733,0.10588236,1.0,42967376.000000
2,1009.1753,682.6495,0.07058824,1.0,42967392.000000
2,1016.6939,663.9183,0.0882353,1.0,42967412.000000
2,1018.0,655.54333,0.07058824,1.0,42967424.000000
1,1018.0,655.54333,0.07058824,1.0,42967432.000000
0,740.0,874.0,0.03529412,1.0,43102140.000000
2,741.5,838.5,0.12352942,1.0,43102164.000000
2,766.32324,743.3686,0.10588236,1.0,43102180.000000
2,797.5106,664.97455,0.10588236,1.0,43102200.000000
2,826.6594,606.0877,0.14117648,1.0,43102224.000000
2,857.65204,560.0437,0.0882353,1.0,43102236.000000
1,857.65204,560.0437,0.0882353,1.0,43102240.000000
0,677.0,782.0,0.07058824,1.0,44215972.000000
2,677.0,782.0,0.12352942,1.0,44216004.000000
2,677.0,782.0,0.12352942,1.0,44216024.000000
2,677.0,782.0,0.12352942,1.0,44216044.000000
2,672.84155,784.7723,0.12352942,1.0,44216052.000000
1,672.84155,784.7723,0.12352942,1.0,44216064.000000
0,170.0,814.0,0.0882353,1.0,47543192.000000
2,170.0,814.0,0.14117648,1.0,47543228.000000
2,170.0,814.0,0.14117648,1.0,47543236.000000
2,170.0,814.0,0.15882353,1.0,47543256.000000
2,170.0,814.0,0.15882353,1.0,47543268.000000
2,170.0,814.0,0.14117648,1.0,47543292.000000
1,170.0,814.0,0.14117648,1.0,47543296.000000
0,917.0,848.0,0.07058824,1.0,47639768.000000
2,917.0,848.0,0.10588236,1.0,47639780.000000
2,914.0156,846.01044,0.10588236,1.0,47639800.000000
2,911.4581,844.4581,0.10588236,1.0,47639820.000000
2,909.90515,844.0,0.10588236,1.0,47639832.000000
1,909.90515,844.0,0.10588236,1.0,47639840.000000
0,538.0,417.0,0.10588236,1.0,1360506.000000
2,538.0,417.0,0.07058824,1.0,1360524.000000
2,532.156,421.383,0.07058824,1.0,1360593.000000
2,524.92633,428.05893,0.0882353,1.0,1360607.000000
2,520.88983,432.11014,0.10588236,1.0,1360624.000000
2,518.89154,434.10846,0.10588236,1.0,1360644.000000
1,518.89154,434.10846,0.10588236,1.0,1360667.000000
