0,390.76172,605.99365,0.2627451,0.2627451,51985448.000000
2,360.70313,721.27527,0.25490198,0.25490198,51985636.000000
1,360.17578,856.9607,0.07450981,0.07450981,51985856.000000
0,395.5078,581.50903,0.2627451,0.2627451,51986852.000000
2,378.10547,654.9628,0.34901962,0.34901962,51987048.000000
2,378.10547,657.00323,0.36078432,0.36078432,51987248.000000
2,366.5039,746.78,0.30588236,0.30588236,51987444.000000
2,366.5039,813.09247,0.28627452,0.28627452,51987644.000000
1,381.79688,871.2434,0.10980393,0.10980393,51987864.000000
0,398.67188,617.21576,0.19215688,0.19215688,51989240.000000
2,397.08984,621.2965,0.23529413,0.23529413,51989444.000000
2,396.5625,651.9022,0.2901961,0.2901961,51989644.000000
2,396.03516,655.98303,0.30588236,0.30588236,51989848.000000
2,396.03516,663.1243,0.28235295,0.28235295,51990052.000000
2,394.45313,682.508,0.2901961,0.2901961,51990252.000000
2,393.92578,693.7301,0.27058825,0.27058825,51990456.000000
2,393.92578,708.01276,0.25882354,0.25882354,51990648.000000
2,393.92578,719.23486,0.2509804,0.2509804,51990852.000000
2,393.92578,729.43677,0.25490198,0.25490198,51991044.000000
1,380.21484,809.0117,0.11764707,0.11764707,51991264.000000
0,416.07422,396.85443,0.34509805,0.34509805,52046784.000000
2,409.21875,420.31882,0.37254903,0.37254903,52046968.000000
2,388.65234,684.54834,0.23529413,0.23529413,52047180.000000
1,397.6172,716.1743,0.16862746,0.16862746,52047388.000000
0,407.63672,466.22742,0.35686275,0.35686275,52065888.000000
2,449.29688,368.28906,0.4784314,0.4784314,52066084.000000
1,495.70313,304.017,0.098039225,0.098039225,52066296.000000
0,473.02734,311.15836,0.38823533,0.38823533,52233396.000000
2,463.0078,326.4612,0.44705886,0.44705886,52233408.000000
2,460.3711,334.62274,0.427451,0.427451,52233424.000000
2,456.15234,348.90543,0.4039216,0.4039216,52233436.000000
2,451.9336,363.1881,0.40784317,0.40784317,52233464.000000
2,444.02344,391.75348,0.37647063,0.37647063,52233476.000000
2,440.85938,405.01596,0.3647059,0.3647059,52233516.000000
2,433.47656,439.70245,0.3647059,0.3647059,52233524.000000
2,430.3125,450.92456,0.3647059,0.3647059,52233544.000000
2,427.67578,457.04572,0.36862746,0.36862746,52233556.000000
2,424.51172,462.14667,0.3803922,0.3803922,52233588.000000
2,422.9297,464.18704,0.3803922,0.3803922,52233628.000000
2,421.875,465.20724,0.38431376,0.38431376,52233664.000000
2,421.34766,465.20724,0.40000004,0.40000004,52233704.000000
2,421.34766,466.22742,0.39607847,0.39607847,52233840.000000
2,421.875,468.26782,0.3803922,0.3803922,52233876.000000
2,422.40234,474.38895,0.3647059,0.3647059,52233904.000000
2,422.9297,479.48993,0.3529412,0.3529412,52233916.000000
2,423.45703,488.67163,0.33333334,0.33333334,52233924.000000
2,423.45703,507.0351,0.33333334,0.33333334,52233940.000000
2,423.98438,515.1966,0.32941177,0.32941177,52233968.000000
2,425.03906,527.4389,0.3254902,0.3254902,52233988.000000
2,425.5664,532.53986,0.31764707,0.31764707,52234028.000000
2,427.67578,545.80237,0.30980393,0.30980393,52234048.000000
2,428.73047,556.0043,0.29803923,0.29803923,52234056.000000
2,428.73047,560.085,0.28627452,0.28627452,52234084.000000
2,429.78516,572.32733,0.25490198,0.25490198,52234096.000000
2,430.3125,582.52924,0.16078432,0.16078432,52234124.000000
2,432.42188,593.75134,0.16078432,0.16078432,52234136.000000
1,432.42188,593.75134,0.16078432,0.16078432,52234192.000000
0,411.85547,405.01596,0.2784314,0.2784314,52240204.000000
2,411.85547,409.0967,0.34117648,0.34117648,52240264.000000
2,411.85547,416.23807,0.3647059,0.3647059,52240284.000000
2,411.85547,422.3592,0.3647059,0.3647059,52240312.000000
2,409.7461,438.68225,0.3254902,0.3254902,52240336.000000
2,408.6914,446.84378,0.3254902,0.3254902,52240356.000000
2,407.63672,452.96494,0.33333334,0.33333334,52240376.000000
2,407.10938,463.16687,0.34117648,0.34117648,52240396.000000
2,406.58203,467.24762,0.34117648,0.34117648,52240408.000000
2,406.0547,474.38895,0.34509805,0.34509805,52240448.000000
2,406.0547,477.44952,0.34509805,0.34509805,52240460.000000
2,406.0547,480.5101,0.34117648,0.34117648,52240488.000000
2,406.0547,487.65146,0.32941177,0.32941177,52240496.000000
2,406.0547,494.7928,0.3254902,0.3254902,52240532.000000
2,405.0,506.0149,0.3137255,0.3137255,52240564.000000
2,403.9453,516.2168,0.30588236,0.30588236,52240576.000000
2,403.41797,521.31775,0.31764707,0.31764707,52240612.000000
2,402.89063,534.58026,0.29803923,0.29803923,52240648.000000
2,398.14453,561.1052,0.25882354,0.25882354,52240684.000000
2,392.8711,571.3071,0.1764706,0.1764706,52240704.000000
1,392.8711,571.3071,0.1764706,0.1764706,52240760.000000
0,413.4375,382.57175,0.30980393,0.30980393,52241516.000000
2,414.4922,388.6929,0.4431373,0.4431373,52241528.000000
2,412.3828,408.07654,0.4431373,0.4431373,52241544.000000
2,409.21875,426.43997,0.38823533,0.38823533,52241548.000000
2,405.0,448.8842,0.37254903,0.37254903,52241576.000000
2,397.08984,483.57068,0.3647059,0.3647059,52241620.000000
2,392.8711,496.83316,0.36862746,0.36862746,52241636.000000
2,390.23438,504.9947,0.36862746,0.36862746,52241664.000000
2,387.59766,509.07547,0.36078432,0.36078432,52241752.000000
2,387.59766,510.09564,0.3529412,0.3529412,52241776.000000
2,387.59766,511.11584,0.3529412,0.3529412,52241792.000000
2,387.59766,513.15625,0.35686275,0.35686275,52241880.000000
2,387.59766,521.31775,0.33333334,0.33333334,52241892.000000
2,387.59766,529.4793,0.33333334,0.33333334,52241916.000000
2,387.0703,542.74176,0.3372549,0.3372549,52241956.000000
2,386.01563,576.4081,0.33333334,0.33333334,52241964.000000
2,386.01563,583.54944,0.34117648,0.34117648,52241996.000000
2,385.48828,594.77155,0.33333334,0.33333334,52242016.000000
2,386.01563,600.8927,0.3019608,0.3019608,52242036.000000
2,386.01563,615.17535,0.21568629,0.21568629,52242056.000000
2,387.0703,620.2763,0.09411766,0.09411766,52242064.000000
2,392.34375,626.39746,0.09411766,0.09411766,52242100.000000
1,392.34375,626.39746,0.09411766,0.09411766,52242156.000000
0,469.33594,264.22955,0.3647059,0.3647059,52248688.000000
2,451.9336,304.017,0.44705886,0.44705886,52248944.000000
2,393.92578,431.54092,0.37647063,0.37647063,52248960.000000
2,393.92578,434.6015,0.34901962,0.34901962,52249016.000000
2,382.32422,504.9947,0.3372549,0.3372549,52249032.000000
2,378.6328,521.31775,0.34901962,0.34901962,52249040.000000
2,376.52344,530.4995,0.3529412,0.3529412,52249080.000000
2,373.35938,537.6408,0.36078432,0.36078432,52249096.000000
2,372.83203,538.661,0.36078432,0.36078432,52249112.000000
2,371.25,539.6812,0.33333334,0.33333334,52249232.000000
2,371.25,539.6812,0.24313727,0.24313727,52249248.000000
2,371.25,539.6812,0.1254902,0.1254902,52249252.000000
2,373.35938,540.7014,0.1254902,0.1254902,52249276.000000
1,373.35938,540.7014,0.1254902,0.1254902,52249288.000000
0,413.4375,338.70352,0.36078432,0.36078432,52250460.000000
2,409.7461,352.9862,0.41176474,0.41176474,52250472.000000
2,408.16406,363.1881,0.4039216,0.4039216,52250508.000000
2,396.5625,416.23807,0.3372549,0.3372549,52250540.000000
2,382.32422,481.5303,0.2784314,0.2784314,52250560.000000
2,379.6875,508.05527,0.1764706,0.1764706,52250568.000000
2,379.16016,518.2572,0.1764706,0.1764706,52250596.000000
1,379.16016,518.2572,0.1764706,0.1764706,52250652.000000
0,391.28906,408.07654,0.2392157,0.2392157,52250832.000000
2,392.34375,406.03613,0.2901961,0.2901961,52250856.000000
2,392.34375,405.01596,0.3647059,0.3647059,52250864.000000
2,392.34375,405.01596,0.38431376,0.38431376,52250904.000000
2,392.34375,405.01596,0.40000004,0.40000004,52250936.000000
2,392.34375,405.01596,0.41176474,0.41176474,52250996.000000
2,392.34375,405.01596,0.4156863,0.4156863,52251020.000000
2,392.34375,405.01596,0.41960788,0.41960788,52251096.000000
2,392.34375,405.01596,0.4156863,0.4156863,52251184.000000
2,392.34375,405.01596,0.40784317,0.40784317,52251240.000000
2,392.34375,406.03613,0.39607847,0.39607847,52251256.000000
2,392.34375,407.05634,0.3803922,0.3803922,52251272.000000
2,391.8164,408.07654,0.37254903,0.37254903,52251288.000000
2,390.76172,410.1169,0.3647059,0.3647059,52251324.000000
2,390.76172,412.1573,0.37254903,0.37254903,52251372.000000
2,390.76172,413.1775,0.36862746,0.36862746,52251408.000000
2,390.76172,414.19766,0.36078432,0.36078432,52251436.000000
2,390.23438,417.25824,0.34509805,0.34509805,52251456.000000
2,389.70703,418.27844,0.3529412,0.3529412,52251464.000000
2,389.70703,419.2986,0.34117648,0.34117648,52251504.000000
2,388.65234,421.33902,0.3529412,0.3529412,52251536.000000
2,388.125,422.3592,0.34509805,0.34509805,52251600.000000
2,387.59766,424.3996,0.34117648,0.34117648,52251648.000000
2,387.59766,425.41977,0.34509805,0.34509805,52251680.000000
2,387.59766,426.43997,0.34117648,0.34117648,52251720.000000
2,387.0703,427.46017,0.3372549,0.3372549,52251760.000000
2,386.01563,429.50055,0.32941177,0.32941177,52251768.000000
2,386.01563,430.52072,0.3372549,0.3372549,52251812.000000
2,386.01563,432.56113,0.33333334,0.33333334,52251836.000000
2,385.48828,435.6217,0.33333334,0.33333334,52251856.000000
2,385.48828,440.72266,0.31764707,0.31764707,52251896.000000
2,384.96094,449.90436,0.29803923,0.29803923,52251916.000000
2,383.90625,458.0659,0.30980393,0.30980393,52251928.000000
2,382.32422,469.288,0.30980393,0.30980393,52251976.000000
2,376.52344,510.09564,0.29803923,0.29803923,52252020.000000
2,375.46875,561.1052,0.16862746,0.16862746,52252056.000000
1,375.46875,580.48883,0.16862746,0.16862746,52252116.000000
0,483.04688,362.1679,0.427451,0.427451,52548816.000000
2,431.89453,472.34857,0.47058827,0.47058827,52549120.000000
2,425.5664,495.813,0.38431376,0.38431376,52549168.000000
1,429.78516,496.83316,0.22352943,0.22352943,52549204.000000
0,318.51563,769.22424,0.20392159,0.20392159,6063871.000000
2,354.375,676.38684,0.29411766,0.29411766,6064064.000000
2,382.32422,640.6801,0.26666668,0.26666668,6064268.000000
2,391.28906,626.39746,0.28235295,0.28235295,6064470.000000
2,399.72656,613.13495,0.28235295,0.28235295,6064668.000000
2,406.0547,607.01385,0.29803923,0.29803923,6064863.000000
2,409.21875,600.8927,0.2901961,0.2901961,6065075.000000
2,411.85547,597.8321,0.29803923,0.29803923,6065270.000000
2,416.07422,594.77155,0.30588236,0.30588236,6065465.000000
2,419.76563,590.6908,0.3254902,0.3254902,6065664.000000
2,420.8203,589.6706,0.3254902,0.3254902,6065868.000000
2,420.8203,588.6504,0.32941177,0.32941177,6066065.000000
2,421.34766,588.6504,0.33333334,0.33333334,6066268.000000
2,422.40234,588.6504,0.34117648,0.34117648,6066476.000000
2,423.45703,587.6302,0.33333334,0.33333334,6066679.000000
2,425.03906,586.61,0.33333334,0.33333334,6066875.000000
2,425.03906,586.61,0.3372549,0.3372549,6067077.000000
2,425.03906,585.5898,0.33333334,0.33333334,6067278.000000
2,425.5664,585.5898,0.33333334,0.33333334,6067478.000000
2,426.09375,584.56964,0.33333334,0.33333334,6067701.000000
2,426.6211,583.54944,0.3372549,0.3372549,6068226.000000
2,427.14844,583.54944,0.34117648,0.34117648,6068279.000000
2,427.14844,583.54944,0.3372549,0.3372549,6068973.000000
2,427.67578,583.54944,0.34117648,0.34117648,6069214.000000
2,427.67578,583.54944,0.33333334,0.33333334,6069249.000000
2,427.67578,582.52924,0.33333334,0.33333334,6069369.000000
2,427.67578,582.52924,0.3372549,0.3372549,6069688.000000
2,427.67578,582.52924,0.33333334,0.33333334,6069752.000000
2,428.20313,581.50903,0.3372549,0.3372549,6069784.000000
2,428.73047,581.50903,0.33333334,0.33333334,6069824.000000
2,429.2578,580.48883,0.3254902,0.3254902,6069927.000000
2,429.78516,579.4687,0.3254902,0.3254902,6069968.000000
2,431.3672,579.4687,0.33333334,0.33333334,6070002.000000
2,431.3672,578.4485,0.33333334,0.33333334,6070035.000000
2,432.42188,578.4485,0.33333334,0.33333334,6070044.000000
2,433.47656,577.4283,0.3372549,0.3372549,6070081.000000
2,434.0039,577.4283,0.3372549,0.3372549,6070091.000000
2,434.0039,576.4081,0.34117648,0.34117648,6070145.000000
2,435.0586,575.3879,0.3372549,0.3372549,6070177.000000
2,436.11328,574.36774,0.34117648,0.34117648,6070227.000000
2,436.11328,574.36774,0.34509805,0.34509805,6070256.000000
2,436.64063,573.34753,0.33333334,0.33333334,6070268.000000
2,437.16797,573.34753,0.3372549,0.3372549,6070295.000000
2,437.6953,572.32733,0.3372549,0.3372549,6070311.000000
2,437.6953,571.3071,0.3372549,0.3372549,6070337.000000
2,437.6953,570.2869,0.34117648,0.34117648,6070374.000000
2,438.22266,570.2869,0.3372549,0.3372549,6070384.000000
2,439.27734,569.2667,0.34509805,0.34509805,6070413.000000
2,439.8047,569.2667,0.34117648,0.34117648,6070436.000000
2,440.33203,567.2264,0.32156864,0.32156864,6070475.000000
2,441.38672,566.2062,0.32941177,0.32941177,6070485.000000
2,441.91406,565.186,0.33333334,0.33333334,6070518.000000
2,444.02344,564.1658,0.3372549,0.3372549,6070603.000000
2,444.55078,563.1456,0.32941177,0.32941177,6070634.000000
2,445.07813,562.1254,0.33333334,0.33333334,6070644.000000
2,445.07813,561.1052,0.33333334,0.33333334,6070675.000000
2,445.60547,560.085,0.3254902,0.3254902,6070715.000000
2,446.1328,560.085,0.32941177,0.32941177,6070724.000000
2,446.66016,559.0648,0.33333334,0.33333334,6070753.000000
2,447.71484,559.0648,0.33333334,0.33333334,6070775.000000
2,447.71484,558.0447,0.3372549,0.3372549,6070819.000000
2,448.76953,556.0043,0.34117648,0.34117648,6070832.000000
2,449.82422,556.0043,0.34117648,0.34117648,6070855.000000
2,450.35156,554.9841,0.3372549,0.3372549,6070868.000000
2,450.8789,554.9841,0.3372549,0.3372549,6070895.000000
2,451.40625,553.96387,0.34117648,0.34117648,6071115.000000
2,452.46094,552.94366,0.32941177,0.32941177,6071126.000000
2,456.15234,547.8427,0.32941177,0.32941177,6071173.000000
2,458.26172,547.8427,0.31764707,0.31764707,6071192.000000
2,458.78906,544.78217,0.29803923,0.29803923,6071214.000000
2,458.78906,543.76196,0.3137255,0.3137255,6071239.000000
2,460.3711,542.74176,0.3254902,0.3254902,6071284.000000
2,461.42578,542.74176,0.33333334,0.33333334,6071317.000000
2,462.48047,540.7014,0.34901962,0.34901962,6071325.000000
2,463.53516,539.6812,0.34509805,0.34509805,6071356.000000
2,465.64453,538.661,0.36078432,0.36078432,6071364.000000
2,466.69922,537.6408,0.36078432,0.36078432,6071397.000000
2,468.8086,535.60046,0.3647059,0.3647059,6071434.000000
2,470.91797,534.58026,0.36862746,0.36862746,6071444.000000
2,471.4453,533.56006,0.37254903,0.37254903,6071475.000000
2,472.5,532.53986,0.36078432,0.36078432,6071489.000000
2,473.02734,531.51965,0.3647059,0.3647059,6071516.000000
2,474.08203,530.4995,0.3647059,0.3647059,6071526.000000
2,474.60938,529.4793,0.3647059,0.3647059,6071558.000000
2,476.1914,527.4389,0.3647059,0.3647059,6071683.000000
2,481.9922,520.29755,0.34509805,0.34509805,6071794.000000
1,503.61328,501.9341,0.078431375,0.078431375,6072018.000000
0,362.8125,698.83105,0.27450982,0.27450982,6072405.000000
2,390.23438,640.6801,0.34117648,0.34117648,6072593.000000
2,432.42188,576.4081,0.32941177,0.32941177,6072796.000000
2,456.6797,548.8629,0.34509805,0.34509805,6073003.000000
2,469.33594,533.56006,0.35686275,0.35686275,6073191.000000
2,475.66406,527.4389,0.36078432,0.36078432,6073398.000000
2,477.77344,526.4187,0.3529412,0.3529412,6073598.000000
2,479.8828,524.37836,0.36862746,0.36862746,6073797.000000
2,481.9922,522.33795,0.3529412,0.3529412,6074199.000000
2,480.41016,524.37836,0.35686275,0.35686275,6074406.000000
2,475.13672,530.4995,0.32156864,0.32156864,6074613.000000
1,465.64453,543.76196,0.09019608,0.09019608,6074800.000000
0,101.25,368.28906,0.18823531,0.18823531,6307136.000000
2,105.46875,370.32944,0.2392157,0.2392157,6307335.000000
1,128.67188,628.43787,0.078431375,0.078431375,6307558.000000
0,442.4414,485.61105,0.29411766,0.29411766,6816216.000000
2,451.9336,453.98514,0.3254902,0.3254902,6816229.000000
2,456.15234,434.6015,0.29411766,0.29411766,6816253.000000
2,470.39063,396.85443,0.08235294,0.08235294,6816260.000000
2,496.23047,380.53137,0.08235294,0.08235294,6816286.000000
1,496.23047,380.53137,0.08235294,0.08235294,6816348.000000
0,398.67188,560.085,0.2627451,0.2627451,6967121.000000
2,416.07422,506.0149,0.34901962,0.34901962,6967327.000000
1,452.46094,447.86398,0.10196079,0.10196079,6967541.000000
0,401.83594,534.58026,0.3254902,0.3254902,6993671.000000
2,411.85547,496.83316,0.3803922,0.3803922,6993686.000000
2,428.73047,459.0861,0.38431376,0.38431376,6993722.000000
2,477.2461,364.2083,0.3137255,0.3137255,6993737.000000
1,477.2461,364.2083,0.3137255,0.3137255,6993788.000000
0,377.57813,473.36877,0.29411766,0.29411766,6994548.000000
2,378.6328,473.36877,0.3529412,0.3529412,6994581.000000
2,385.48828,457.04572,0.41176474,0.41176474,6994615.000000
2,471.97266,366.2487,0.2901961,0.2901961,6994633.000000
2,496.23047,338.70352,0.10588236,0.10588236,6994649.000000
2,521.0156,311.15836,0.10588236,0.10588236,6994683.000000
1,521.0156,311.15836,0.10588236,0.10588236,6994733.000000
0,505.1953,322.38046,0.3529412,0.3529412,6995094.000000
2,487.26563,331.56216,0.46274513,0.46274513,6995133.000000
2,445.60547,389.71307,0.43529415,0.43529415,6995145.000000
2,421.34766,423.3794,0.3921569,0.3921569,6995166.000000
2,402.36328,473.36877,0.3529412,0.3529412,6995178.000000
2,399.72656,491.7322,0.34901962,0.34901962,6995208.000000
2,397.6172,508.05527,0.34901962,0.34901962,6995240.000000
2,388.65234,546.8226,0.34901962,0.34901962,6995273.000000
2,383.90625,557.0245,0.3529412,0.3529412,6995308.000000
2,381.26953,567.2264,0.33333334,0.33333334,6995350.000000
2,379.16016,577.4283,0.34509805,0.34509805,6995369.000000
2,377.57813,582.52924,0.34901962,0.34901962,6995380.000000
2,377.05078,584.56964,0.34901962,0.34901962,6995408.000000
2,375.9961,586.61,0.3647059,0.3647059,6995442.000000
2,375.9961,592.73114,0.33333334,0.33333334,6995475.000000
2,374.9414,598.8523,0.3254902,0.3254902,6995493.000000
2,374.41406,602.93304,0.31764707,0.31764707,6995510.000000
2,373.35938,616.19556,0.30980393,0.30980393,6995526.000000
2,373.35938,626.39746,0.30588236,0.30588236,6995560.000000
2,373.35938,652.9224,0.25490198,0.25490198,6995577.000000
2,373.35938,666.18494,0.16078432,0.16078432,6995611.000000
1,373.88672,681.4878,0.16078432,0.16078432,6995630.000000
0,436.64063,395.83423,0.37647063,0.37647063,6995825.000000
2,430.83984,406.03613,0.41960788,0.41960788,6995839.000000
2,429.78516,410.1169,0.43529415,0.43529415,6995866.000000
2,428.73047,416.23807,0.43921572,0.43921572,6995875.000000
2,427.14844,424.3996,0.42352945,0.42352945,6995899.000000
2,422.9297,442.76303,0.38823533,0.38823533,6995907.000000
2,419.76563,452.96494,0.3803922,0.3803922,6995933.000000
2,416.07422,467.24762,0.3529412,0.3529412,6995944.000000
2,411.85547,479.48993,0.3372549,0.3372549,6995975.000000
2,406.0547,493.77258,0.3372549,0.3372549,6995986.000000
2,403.9453,499.89374,0.34117648,0.34117648,6996017.000000
2,401.83594,512.13605,0.34509805,0.34509805,6996026.000000
2,400.78125,519.2774,0.32156864,0.32156864,6996055.000000
2,399.19922,529.4793,0.3137255,0.3137255,6996094.000000
2,398.14453,533.56006,0.29411766,0.29411766,6996105.000000
2,397.6172,535.60046,0.2627451,0.2627451,6996134.000000
2,395.5078,544.78217,0.14509805,0.14509805,6996144.000000
2,392.8711,550.9033,0.14509805,0.14509805,6996174.000000
1,392.8711,550.9033,0.14509805,0.14509805,6996187.000000
0,444.55078,441.74283,0.227451,0.227451,45731048.000000
2,444.02344,442.76303,0.28235295,0.28235295,45731264.000000
2,444.02344,442.76303,0.38823533,0.38823533,45731452.000000
2,444.02344,442.76303,0.3921569,0.3921569,45731636.000000
2,453.51563,428.48035,0.427451,0.427451,45731840.000000
1,505.1953,387.6727,0.09411766,0.09411766,45732064.000000
0,448.76953,500.91394,0.2627451,0.2627451,45802600.000000
2,450.35156,502.9543,0.32156864,0.32156864,45802784.000000
2,447.1875,507.0351,0.39607847,0.39607847,45802980.000000
1,426.6211,694.7503,0.08627451,0.08627451,45803216.000000
0,457.20703,417.25824,0.37647063,0.37647063,46172588.000000
2,444.55078,469.288,0.36078432,0.36078432,46172772.000000
2,409.7461,558.0447,0.34509805,0.34509805,46172980.000000
1,408.16406,584.56964,0.1137255,0.1137255,46173168.000000
0,444.02344,431.54092,0.34901962,0.34901962,46195020.000000
2,441.91406,438.68225,0.3803922,0.3803922,46195032.000000
2,441.38672,442.76303,0.38431376,0.38431376,46195072.000000
2,437.16797,466.22742,0.38431376,0.38431376,46195104.000000
2,428.73047,510.09564,0.3254902,0.3254902,46195120.000000
2,424.51172,530.4995,0.30588236,0.30588236,46195144.000000
2,418.1836,561.1052,0.29411766,0.29411766,46195160.000000
2,416.07422,571.3071,0.3019608,0.3019608,46195172.000000
2,414.4922,576.4081,0.3137255,0.3137255,46195200.000000
2,413.96484,583.54944,0.3254902,0.3254902,46195208.000000
2,413.4375,585.5898,0.3372549,0.3372549,46195240.000000
2,412.91016,588.6504,0.3529412,0.3529412,46195320.000000
2,412.91016,588.6504,0.3647059,0.3647059,46195360.000000
2,412.91016,588.6504,0.36862746,0.36862746,46195384.000000
2,412.3828,588.6504,0.3803922,0.3803922,46195580.000000
2,412.3828,588.6504,0.37647063,0.37647063,46195620.000000
2,412.3828,589.6706,0.09411766,0.09411766,46195632.000000
2,412.91016,591.71094,0.09411766,0.09411766,46195664.000000
1,412.91016,591.71094,0.09411766,0.09411766,46195680.000000
0,407.10938,407.05634,0.41176474,0.41176474,1305936.000000
2,381.26953,522.33795,0.3647059,0.3647059,1306107.000000
1,381.79688,553.96387,0.22352943,0.22352943,1306307.000000
0,440.85938,501.9341,0.29803923,0.29803923,81845384.000000
2,438.75,512.13605,0.34117648,0.34117648,81845568.000000
2,395.5078,741.6791,0.24705884,0.24705884,81845768.000000
2,413.4375,652.9224,0.33333334,0.33333334,81845976.000000
2,419.23828,646.8013,0.34509805,0.34509805,81846176.000000
2,419.76563,647.8215,0.32941177,0.32941177,81846376.000000
1,373.35938,758.00214,0.07058824,0.07058824,81846576.000000
0,342.2461,470.3082,0.4901961,0.4901961,82051280.000000
2,340.66406,467.24762,0.36862746,0.36862746,82051320.000000
1,340.66406,467.24762,0.36862746,0.36862746,82051384.000000
0,386.01563,514.1764,0.3372549,0.3372549,82248136.000000
2,389.1797,513.15625,0.3803922,0.3803922,82248176.000000
2,394.45313,502.9543,0.40784317,0.40784317,82248208.000000
2,468.28125,396.85443,0.20392159,0.20392159,82248224.000000
2,509.9414,328.50162,0.04705883,0.04705883,82248240.000000
2,524.70703,301.97662,0.04705883,0.04705883,82248264.000000
1,524.70703,301.97662,0.04705883,0.04705883,82248296.000000
0,463.53516,362.1679,0.36862746,0.36862746,82250248.000000
2,460.3711,370.32944,0.44705886,0.44705886,82250312.000000
2,445.07813,424.3996,0.3647059,0.3647059,82250368.000000
2,434.53125,458.0659,0.37254903,0.37254903,82250408.000000
2,431.89453,462.14667,0.32941177,0.32941177,82250464.000000
1,429.78516,464.18704,0.18823531,0.18823531,82250496.000000
0,389.1797,338.70352,0.3647059,0.3647059,82250784.000000
2,389.70703,339.7237,0.08235294,0.08235294,82250824.000000
1,393.39844,343.80447,0.08235294,0.08235294,82250880.000000
0,450.8789,399.915,0.32156864,0.32156864,82290904.000000
2,429.78516,452.96494,0.3921569,0.3921569,82291104.000000
2,382.32422,551.9235,0.38431376,0.38431376,82291304.000000
1,380.7422,588.6504,0.09411766,0.09411766,82291504.000000
0,368.08594,580.48883,0.31764707,0.31764707,82294600.000000
2,386.01563,564.1658,0.34117648,0.34117648,82294720.000000
1,520.4883,332.58237,0.10980393,0.10980393,82294936.000000
0,431.3672,392.77365,0.3372549,0.3372549,82371688.000000
2,403.9453,503.97452,0.34509805,0.34509805,82371888.000000
1,394.45313,680.4676,0.1137255,0.1137255,82372096.000000
0,418.1836,422.3592,0.39607847,0.39607847,82375896.000000
2,413.96484,496.83316,0.3137255,0.3137255,82376104.000000
2,413.96484,540.7014,0.3137255,0.3137255,82376296.000000
1,420.29297,597.8321,0.15294118,0.15294118,82376520.000000
0,432.42188,420.31882,0.35686275,0.35686275,82376696.000000
2,431.3672,478.46973,0.29411766,0.29411766,82376896.000000
2,417.1289,562.1254,0.3372549,0.3372549,82377096.000000
2,417.1289,563.1456,0.39607847,0.39607847,82377296.000000
1,480.41016,345.84485,0.21176472,0.21176472,82377512.000000
0,475.66406,389.71307,0.39607847,0.39607847,82411616.000000
2,474.08203,394.81403,0.46274513,0.46274513,82411656.000000
2,463.53516,433.5813,0.38823533,0.38823533,82411672.000000
2,454.5703,468.26782,0.32156864,0.32156864,82411712.000000
2,425.03906,590.6908,0.19607845,0.19607845,82411736.000000
2,414.4922,640.6801,0.08235294,0.08235294,82411792.000000
1,409.21875,659.0436,0.08235294,0.08235294,82411824.000000
0,462.48047,409.0967,0.4039216,0.4039216,82412168.000000
2,461.95313,412.1573,0.454902,0.454902,82412184.000000
2,461.95313,413.1775,0.454902,0.454902,82412200.000000
2,460.89844,416.23807,0.44705886,0.44705886,82412208.000000
2,459.3164,423.3794,0.4156863,0.4156863,82412216.000000
2,456.6797,431.54092,0.40784317,0.40784317,82412240.000000
2,451.40625,450.92456,0.38823533,0.38823533,82412264.000000
2,449.29688,458.0659,0.37254903,0.37254903,82412288.000000
2,446.1328,472.34857,0.37647063,0.37647063,82412304.000000
2,444.55078,479.48993,0.36862746,0.36862746,82412328.000000
2,444.02344,484.59088,0.35686275,0.35686275,82412336.000000
2,443.4961,489.69183,0.34509805,0.34509805,82412368.000000
2,442.96875,499.89374,0.33333334,0.33333334,82412384.000000
2,443.4961,504.9947,0.32941177,0.32941177,82412416.000000
2,445.60547,527.4389,0.2627451,0.2627451,82412448.000000
2,447.1875,579.4687,0.09019608,0.09019608,82412456.000000
2,448.2422,612.1148,0.09019608,0.09019608,82412488.000000
1,448.2422,612.1148,0.09019608,0.09019608,82412512.000000
0,454.5703,409.0967,0.4666667,0.4666667,82412760.000000
2,453.51563,414.19766,0.5058824,0.5058824,82412768.000000
2,452.46094,419.2986,0.5058824,0.5058824,82412776.000000
2,450.35156,431.54092,0.4431373,0.4431373,82412808.000000
2,438.22266,484.59088,0.34117648,0.34117648,82412832.000000
2,429.2578,519.2774,0.3019608,0.3019608,82412840.000000
2,421.875,548.8629,0.28235295,0.28235295,82412864.000000
2,419.76563,574.36774,0.23529413,0.23529413,82412880.000000
2,418.71094,583.54944,0.23529413,0.23529413,82412904.000000
1,418.71094,583.54944,0.23529413,0.23529413,82412928.000000
0,448.76953,418.27844,0.35686275,0.35686275,82413232.000000
2,449.82422,421.33902,0.43137258,0.43137258,82413248.000000
2,449.82422,432.56113,0.38431376,0.38431376,82413288.000000
2,449.29688,463.16687,0.30980393,0.30980393,82413312.000000
2,442.96875,521.31775,0.11764707,0.11764707,82413352.000000
1,438.75,554.9841,0.11764707,0.11764707,82413400.000000
0,393.92578,494.7928,0.26666668,0.26666668,46296808.000000
2,397.08984,490.71204,0.3803922,0.3803922,46297008.000000
1,481.46484,425.41977,0.15294118,0.15294118,46297244.000000
0,401.83594,497.85336,0.26666668,0.26666668,46364548.000000
2,408.16406,487.65146,0.37254903,0.37254903,46364748.000000
1,478.30078,418.27844,0.16470589,0.16470589,46364964.000000
0,352.79297,503.97452,0.3647059,0.3647059,46401280.000000
2,401.83594,439.70245,0.47450984,0.47450984,46401480.000000
1,471.97266,398.8948,0.15686275,0.15686275,46401672.000000
0,467.22656,387.6727,0.41960788,0.41960788,9569353.000000
2,445.07813,431.54092,0.52156866,0.52156866,9569553.000000
1,439.8047,467.24762,0.40000004,0.40000004,9569776.000000
0,430.83984,465.20724,0.3137255,0.3137255,9706537.000000
2,437.6953,452.96494,0.34509805,0.34509805,9706547.000000
2,440.85938,442.76303,0.37647063,0.37647063,9706583.000000
2,450.35156,421.33902,0.31764707,0.31764707,9706609.000000
2,454.5703,412.1573,0.21568629,0.21568629,9706617.000000
2,457.73438,405.01596,0.098039225,0.098039225,9706631.000000
2,468.8086,397.8746,0.098039225,0.098039225,9706648.000000
1,468.8086,397.8746,0.098039225,0.098039225,9706688.000000
0,424.51172,481.5303,0.31764707,0.31764707,9707153.000000
2,436.11328,446.84378,0.34509805,0.34509805,9707189.000000
2,447.71484,420.31882,0.2392157,0.2392157,9707200.000000
2,452.98828,407.05634,0.10588236,0.10588236,9707228.000000
2,470.91797,394.81403,0.10588236,0.10588236,9707240.000000
1,470.91797,394.81403,0.10588236,0.10588236,9707311.000000
0,427.67578,519.2774,0.30588236,0.30588236,9719287.000000
2,434.53125,506.0149,0.36862746,0.36862746,9719314.000000
2,441.38672,473.36877,0.37647063,0.37647063,9719341.000000
2,467.22656,412.1573,0.078431375,0.078431375,9719358.000000
2,479.35547,379.51117,0.078431375,0.078431375,9719378.000000
1,479.35547,379.51117,0.078431375,0.078431375,9719388.000000
