0,557.2261,549.5706,0.03137255,1.0,77419664.000000
2,521.5345,631.7619,0.029411767,1.0,77419864.000000
1,504.2996,739.5605,0.029411767,1.0,77420064.000000
0,114.8405,510.6011,0.029411767,1.0,77492736.000000
2,113.736176,509.4961,0.029411767,1.0,77492952.000000
1,113.736176,509.4961,0.029411767,1.0,77494024.000000
0,191.7337,663.4816,0.04509804,1.0,77494424.000000
2,189.73648,666.6987,0.04509804,1.0,77494608.000000
2,263.3139,728.60065,0.029411767,1.0,77494808.000000
2,281.10956,734.4262,0.039215688,1.0,77495024.000000
2,284.11942,732.9134,0.039215688,1.0,77495208.000000
2,301.07126,731.4286,0.033333335,1.0,77495408.000000
1,305.6192,730.4293,0.033333335,1.0,77495816.000000
0,532.26074,551.5691,0.04509804,1.0,77509952.000000
2,539.6437,545.23706,0.029411767,1.0,77510032.000000
1,539.6437,545.23706,0.029411767,1.0,77510048.000000
0,522.27466,631.50665,0.03137255,1.0,77511264.000000
2,530.9944,631.50665,0.043137256,1.0,77511448.000000
2,540.5254,632.7817,0.039215688,1.0,77511648.000000
2,541.2483,633.5226,0.039215688,1.0,77511856.000000
2,543.2455,666.1916,0.04509804,1.0,77512048.000000
2,542.2469,690.46497,0.043137256,1.0,77512448.000000
2,539.25104,674.83124,0.037254903,1.0,77512656.000000
1,539.25104,666.9789,0.04509804,1.0,77512912.000000
0,102.85715,359.71896,0.029411767,1.0,77560328.000000
2,91.19402,345.27737,0.04705883,1.0,77560512.000000
2,72.273056,333.1132,0.050980397,1.0,77560712.000000
1,63.411926,324.74628,0.050980397,1.0,77560912.000000
0,153.7864,588.5402,0.03529412,1.0,77567120.000000
2,153.7864,586.5105,0.04509804,1.0,77567536.000000
1,153.7864,585.2756,0.043137256,1.0,77568128.000000
0,217.69765,768.39966,0.033333335,1.0,77569944.000000
2,217.69765,765.9016,0.037254903,1.0,77570128.000000
2,314.70053,740.4216,0.039215688,1.0,77570328.000000
2,417.06833,748.53265,0.037254903,1.0,77570544.000000
2,491.04285,736.4247,0.03137255,1.0,77570728.000000
2,581.32477,736.4247,0.03529412,1.0,77570936.000000
2,594.20074,736.4247,0.029411767,1.0,77571136.000000
2,593.1497,737.4503,0.03529412,1.0,77571344.000000
2,591.17896,738.9227,0.043137256,1.0,77571544.000000
2,589.1516,739.4223,0.03529412,1.0,77571728.000000
2,582.1349,742.42,0.029411767,1.0,77571928.000000
1,579.8337,743.4192,0.04117647,1.0,77572144.000000
0,127.82247,367.71274,0.029411767,1.0,77619600.000000
2,112.17669,368.96207,0.039215688,1.0,77619792.000000
2,41.442444,396.6901,0.021568628,1.0,77619992.000000
1,40.878452,399.75247,0.04117647,1.0,77620200.000000
0,244.6602,530.58545,0.029411767,1.0,77620800.000000
2,258.84033,531.5847,0.03137255,1.0,77620992.000000
2,288.71942,529.58624,0.027450982,1.0,77621200.000000
2,296.82864,531.5847,0.033333335,1.0,77621392.000000
2,299.58392,533.6148,0.03529412,1.0,77621600.000000
1,299.58392,533.6148,0.03529412,1.0,77622008.000000
0,513.2871,507.60342,0.027450982,1.0,77696144.000000
2,515.3475,507.60342,0.039215688,1.0,77696352.000000
1,515.3475,507.60342,0.039215688,1.0,77697344.000000
0,207.71152,488.61826,0.03529412,1.0,83310952.000000
2,210.70735,490.62173,0.033333335,1.0,83311152.000000
2,218.69986,494.6172,0.033333335,1.0,83311360.000000
2,228.13995,501.52182,0.03529412,1.0,83311552.000000
2,238.66852,525.50287,0.023529414,1.0,83311760.000000
2,239.66713,546.41113,0.039215688,1.0,83311952.000000
2,239.66713,553.748,0.043137256,1.0,83312152.000000
2,234.55345,556.5652,0.037254903,1.0,83312352.000000
2,231.67822,557.70966,0.03529412,1.0,83312568.000000
1,231.67822,557.70966,0.03529412,1.0,83312760.000000
0,495.31207,506.60422,0.027450982,1.0,83316968.000000
2,494.1872,507.72977,0.03529412,1.0,83317176.000000
2,323.51678,533.9313,0.03529412,1.0,83317360.000000
2,276.59433,555.566,0.04509804,1.0,83317568.000000
2,265.08252,566.10706,0.039215688,1.0,83317768.000000
2,232.4727,584.54333,0.03529412,1.0,83317960.000000
2,228.68239,587.6075,0.03529412,1.0,83318160.000000
1,228.68239,588.5415,0.03529412,1.0,83318368.000000
0,474.34122,515.59717,0.033333335,1.0,83320168.000000
2,327.70053,544.28735,0.043137256,1.0,83320368.000000
2,208.11053,545.5738,0.03529412,1.0,83320560.000000
2,178.75174,552.7918,0.029411767,1.0,83320768.000000
2,182.42215,562.23627,0.033333335,1.0,83320976.000000
2,222.28903,566.5574,0.043137256,1.0,83321160.000000
2,232.7843,568.6633,0.049019612,1.0,83321360.000000
1,232.7843,568.6633,0.049019612,1.0,83321568.000000
0,572.20526,937.26776,0.03529412,1.0,69120528.000000
2,566.8028,951.8964,0.04117647,1.0,69120728.000000
2,553.2316,1072.1279,0.050980397,1.0,69120928.000000
1,554.2302,1090.2513,0.054901965,1.0,69121144.000000
0,502.30237,1038.189,0.04705883,1.0,69136944.000000
2,500.30515,1032.5857,0.04705883,1.0,69137144.000000
2,516.28296,879.522,0.078431375,1.0,69137344.000000
1,516.28296,872.9565,0.078431375,1.0,69137744.000000
0,628.1276,703.45044,0.03137255,1.0,851156.000000
2,617.1429,651.6081,0.037254903,1.0,851362.000000
2,616.1394,645.4957,0.027450982,1.0,851757.000000
2,615.12976,645.4957,0.027450982,1.0,852357.000000
2,614.1411,645.4957,0.029411767,1.0,852558.000000
2,614.14703,646.49854,0.043137256,1.0,853758.000000
2,613.14105,646.49493,0.029411767,1.0,854365.000000
1,613.14105,646.49493,0.029411767,1.0,854961.000000
0,473.3426,432.662,0.029411767,1.0,1050406.000000
2,470.9671,432.662,0.03137255,1.0,1050454.000000
2,469.97806,432.662,0.019607844,1.0,1050471.000000
1,469.97806,432.662,0.019607844,1.0,1050493.000000
0,485.32596,530.58545,0.033333335,1.0,1065726.000000
2,484.2707,531.6414,0.04117647,1.0,1065926.000000
2,480.25168,535.5816,0.043137256,1.0,1066127.000000
2,479.30444,536.61066,0.043137256,1.0,1066327.000000
2,479.33426,537.63306,0.043137256,1.0,1066545.000000
2,463.94992,548.9768,0.033333335,1.0,1066728.000000
1,461.1148,548.5714,0.033333335,1.0,1067135.000000
0,540.2497,595.5347,0.039215688,1.0,1216966.000000
2,539.25104,630.53595,0.03529412,1.0,1217165.000000
1,545.24274,577.04913,0.043137256,1.0,1217367.000000
0,594.17474,410.67917,0.025490198,1.0,78121128.000000
2,591.22784,423.44897,0.049019612,1.0,78121328.000000
2,573.2039,525.0897,0.03137255,1.0,78121528.000000
1,572.1947,528.5976,0.03137255,1.0,78121752.000000
0,552.23303,564.55896,0.033333335,1.0,78122552.000000
2,523.27325,723.67065,0.03137255,1.0,78122728.000000
1,523.27325,727.5354,0.033333335,1.0,78122936.000000
0,545.24274,664.4809,0.029411767,1.0,78273672.000000
2,577.93933,508.87106,0.04117647,1.0,78273848.000000
2,585.64874,481.96808,0.04705883,1.0,78274048.000000
2,599.16785,422.6698,0.04117647,1.0,78274256.000000
1,588.1831,443.65338,0.04117647,1.0,78274448.000000
0,385.46463,509.60187,0.043137256,1.0,78428880.000000
2,385.46463,510.60864,0.050980397,1.0,78430080.000000
1,385.46463,510.60864,0.050980397,1.0,78430280.000000
0,519.2788,654.4887,0.039215688,1.0,78495368.000000
2,510.98022,627.1688,0.04117647,1.0,78495568.000000
2,509.29266,554.4213,0.03137255,1.0,78495768.000000
1,509.29266,553.48694,0.03137255,1.0,78495968.000000
0,583.19,614.5199,0.03529412,1.0,30776628.000000
2,565.21497,523.3344,0.04117647,1.0,30776826.000000
2,563.79626,503.6616,0.03529412,1.0,30777032.000000
2,541.20355,451.60236,0.049019612,1.0,30777228.000000
1,541.20355,451.60236,0.049019612,1.0,30777420.000000
0,35.95007,368.71194,0.037254903,1.0,30786836.000000
2,42.676327,369.71115,0.037254903,1.0,30787044.000000
2,44.973396,369.71115,0.04705883,1.0,30787232.000000
2,45.9362,366.6784,0.04117647,1.0,30787648.000000
1,45.9362,366.6784,0.04117647,1.0,30787844.000000
0,584.18866,617.5176,0.043137256,1.0,30793444.000000
2,584.18866,614.9753,0.037254903,1.0,30793652.000000
2,582.1914,574.151,0.04705883,1.0,30793872.000000
2,575.11414,536.4938,0.04117647,1.0,30794048.000000
2,571.20667,523.53064,0.039215688,1.0,30794252.000000
2,552.36255,480.88367,0.04705883,1.0,30794442.000000
1,551.23444,478.44278,0.050980397,1.0,30794648.000000
0,555.2289,537.58,0.023529414,1.0,30795044.000000
2,563.6402,555.8445,0.039215688,1.0,30795248.000000
2,577.19836,572.7356,0.049019612,1.0,30795456.000000
2,576.4659,576.28326,0.04509804,1.0,30795644.000000
1,571.91376,579.8389,0.04509804,1.0,30795856.000000
0,481.33148,492.61514,0.043137256,1.0,30796460.000000
2,481.33148,490.48874,0.05686275,1.0,30796644.000000
1,481.33148,490.48874,0.05686275,1.0,30797440.000000
0,462.35785,481.62372,0.04117647,1.0,30837296.000000
2,462.35785,479.61636,0.04117647,1.0,30837508.000000
2,462.35785,478.6033,0.043137256,1.0,30837904.000000
2,462.35785,476.128,0.04117647,1.0,30838104.000000
1,462.35785,476.128,0.04117647,1.0,30838308.000000
0,507.29544,380.70258,0.043137256,1.0,31002582.000000
2,514.9311,514.41437,0.04117647,1.0,31002776.000000
1,513.5869,626.8106,0.03137255,1.0,31002976.000000
0,603.1623,759.40674,0.025490198,1.0,31381740.000000
2,595.1734,785.13165,0.04117647,1.0,31381944.000000
2,593.4604,791.8121,0.039215688,1.0,31382146.000000
2,588.1831,811.8657,0.04117647,1.0,31382352.000000
2,588.1831,810.34937,0.04117647,1.0,31382540.000000
2,588.1831,799.2726,0.043137256,1.0,31382740.000000
1,588.1831,799.2726,0.043137256,1.0,31382946.000000
0,337.53122,552.5683,0.04117647,1.0,31426608.000000
2,338.66733,554.7044,0.04705883,1.0,31426800.000000
2,347.01807,561.5613,0.04509804,1.0,31426998.000000
2,349.83688,563.5597,0.039215688,1.0,31427198.000000
2,361.67874,582.2694,0.04705883,1.0,31427400.000000
1,364.49377,600.77045,0.04705883,1.0,31427636.000000
0,449.3759,520.59326,0.03529412,1.0,31568548.000000
2,448.37726,518.4769,0.050980397,1.0,31568750.000000
2,447.37866,514.5879,0.05294118,1.0,31569358.000000
1,447.37866,514.5879,0.05294118,1.0,31569550.000000
0,555.2289,597.5332,0.019607844,1.0,25324800.000000
2,555.2289,495.21426,0.021568628,1.0,25324988.000000
1,555.2289,489.1179,0.04509804,1.0,25325200.000000
0,477.33704,833.34894,0.04705883,1.0,25165376.000000
2,477.33704,829.11725,0.05294118,1.0,25165446.000000
2,477.33704,819.52344,0.04705883,1.0,25165464.000000
2,478.33566,815.8231,0.050980397,1.0,25165484.000000
2,479.59335,811.5876,0.054901965,1.0,25165504.000000
2,481.08655,809.6128,0.05294118,1.0,25165524.000000
2,481.83078,808.86804,0.05294118,1.0,25165544.000000
2,482.56915,805.89166,0.054901965,1.0,25165564.000000
2,484.0629,801.1685,0.05294118,1.0,25165584.000000
2,484.32733,797.95715,0.043137256,1.0,25165606.000000
2,484.32733,795.6536,0.043137256,1.0,25165632.000000
2,484.32733,792.8806,0.04705883,1.0,25165654.000000
2,484.32733,792.2887,0.04705883,1.0,25165672.000000
2,484.32733,790.21405,0.04705883,1.0,25165706.000000
2,484.9752,788.0868,0.05686275,1.0,25165732.000000
2,486.32455,783.74634,0.054901965,1.0,25165748.000000
2,486.32455,782.2561,0.05686275,1.0,25165764.000000
2,486.32455,781.3489,0.054901965,1.0,25165808.000000
2,487.32318,779.89075,0.054901965,1.0,25165828.000000
2,487.32318,779.15063,0.05294118,1.0,25165864.000000
2,487.32318,778.27155,0.05686275,1.0,25165928.000000
2,487.32318,777.3828,0.054901965,1.0,25165964.000000
2,488.8492,775.86566,0.05686275,1.0,25165986.000000
2,490.34155,774.37244,0.05686275,1.0,25166012.000000
2,492.32773,771.3858,0.054901965,1.0,25166030.000000
2,493.81198,769.9007,0.05686275,1.0,25166044.000000
2,494.8128,768.8993,0.05686275,1.0,25166064.000000
2,494.31348,768.2793,0.05686275,1.0,25166128.000000
2,495.34866,768.39966,0.054901965,1.0,25166246.000000
2,496.16464,765.69434,0.05686275,1.0,25166366.000000
2,497.64365,762.73444,0.054901965,1.0,25166392.000000
2,499.30652,759.0722,0.05686275,1.0,25166408.000000
2,499.30652,757.5911,0.054901965,1.0,25166426.000000
2,499.30652,756.9087,0.054901965,1.0,25166446.000000
2,499.30652,756.3747,0.05686275,1.0,25166678.000000
2,499.30652,754.3208,0.058823533,1.0,25166708.000000
2,500.97598,751.7409,0.05686275,1.0,25166728.000000
2,502.46246,750.25354,0.058823533,1.0,25166748.000000
2,502.30237,748.75793,0.05686275,1.0,25166780.000000
2,502.30237,743.75446,0.049019612,1.0,25166796.000000
2,503.4556,742.26526,0.049019612,1.0,25166814.000000
2,503.301,740.92114,0.049019612,1.0,25166830.000000
2,503.301,740.3496,0.049019612,1.0,25166848.000000
2,504.33914,739.38275,0.05294118,1.0,25166868.000000
2,504.88245,737.8399,0.050980397,1.0,25166952.000000
2,506.38098,736.34045,0.049019612,1.0,25166968.000000
2,506.2968,735.40234,0.049019612,1.0,25167006.000000
2,506.2968,734.4123,0.050980397,1.0,25167034.000000
2,507.34702,734.4262,0.049019612,1.0,25167208.000000
2,508.51288,734.4262,0.0627451,1.0,25167228.000000
1,508.51288,734.4262,0.0627451,1.0,25167368.000000
0,420.4161,953.25525,0.039215688,1.0,25223274.000000
2,428.9043,935.26935,0.054901965,1.0,25223480.000000
2,434.39667,916.02625,0.043137256,1.0,25223668.000000
2,443.3842,895.1901,0.05294118,1.0,25223872.000000
2,448.5337,884.15265,0.049019612,1.0,25224072.000000
2,452.4134,879.31305,0.050980397,1.0,25224270.000000
2,464.71713,870.32007,0.05294118,1.0,25224476.000000
1,465.85303,869.32086,0.05294118,1.0,25224680.000000
0,452.3717,765.40204,0.025490198,1.0,25452512.000000
2,444.85583,790.8164,0.027450982,1.0,25452708.000000
2,429.2831,845.3396,0.027450982,1.0,25452912.000000
2,438.39114,795.03625,0.039215688,1.0,25453108.000000
2,444.3828,768.8993,0.033333335,1.0,25453312.000000
1,444.3828,768.15845,0.033333335,1.0,25453510.000000
0,448.37726,771.39734,0.025490198,1.0,25454112.000000
2,415.3538,844.34033,0.03137255,1.0,25454312.000000
1,415.42303,845.5997,0.03529412,1.0,25454520.000000
0,511.2899,733.427,0.027450982,1.0,25487956.000000
2,507.5294,737.95496,0.023529414,1.0,25488154.000000
2,496.3107,785.47736,0.04705883,1.0,25488354.000000
1,489.8197,841.3427,0.037254903,1.0,25488558.000000
