0,277.16226,1052.3013,0.3254902,0.3,59270944.000000
2,298.21576,1108.681,0.34901962,0.3,59271156.000000
2,308.47626,1575.9095,0.3647059,0.33333334,59271352.000000
2,303.1462,1661.1489,0.36862746,0.33333334,59271552.000000
2,303.81247,1731.8081,0.36078432,0.3,59271752.000000
2,303.81247,1746.8229,0.36078432,0.3,59271956.000000
2,303.81247,1745.7097,0.3529412,0.3,59272364.000000
2,303.81247,1738.3259,0.3529412,0.3,59272556.000000
1,303.81247,1729.7327,0.3529412,0.3,59272752.000000
0,922.76373,1014.31445,0.32156864,0.26666668,5391849.000000
2,923.8016,1019.87683,0.3372549,0.3,5392052.000000
2,917.153,1141.7096,0.34509805,0.33333334,5392248.000000
2,898.77856,1274.9352,0.34509805,0.3,5392447.000000
2,908.4661,1336.2563,0.3372549,0.3,5392648.000000
2,908.7724,1351.1299,0.3372549,0.33333334,5392853.000000
2,911.4374,1386.3109,0.33333334,0.26666668,5393048.000000
2,912.10364,1413.176,0.32941177,0.26666668,5393250.000000
2,912.10364,1410.1733,0.3254902,0.26666668,5393448.000000
2,917.3835,1304.0498,0.32941177,0.26666668,5393647.000000
2,922.76373,1216.9437,0.32941177,0.3,5393850.000000
1,922.76373,1212.7041,0.32941177,0.26666668,5394052.000000
0,540.3331,1139.6042,0.29803923,0.26666668,12668004.000000
2,577.37274,1056.1749,0.29803923,0.26666668,12668066.000000
2,603.6886,1000.18146,0.3019608,0.26666668,12668084.000000
2,611.3131,984.9437,0.3019608,0.26666668,12668098.000000
2,615.9388,975.6899,0.3019608,0.26666668,12668117.000000
2,618.6071,970.35175,0.3019608,0.26666668,12668131.000000
2,620.0566,966.78564,0.3019608,0.26666668,12668147.000000
2,621.33496,964.22815,0.3019608,0.26666668,12668166.000000
2,622.6113,962.67004,0.3019608,0.26666668,12668179.000000
2,623.61505,961.3947,0.3019608,0.26666668,12668196.000000
2,623.61505,960.11456,0.30588236,0.26666668,12668216.000000
2,623.61505,958.84033,0.30588236,0.26666668,12668229.000000
2,623.61505,958.0006,0.30588236,0.26666668,12668246.000000
1,623.61505,958.0006,0.30588236,0.26666668,12668336.000000
0,567.6496,799.05585,0.29411766,0.26666668,12706694.000000
2,560.6556,809.29944,0.29803923,0.26666668,12706777.000000
2,554.5364,819.2429,0.29803923,0.26666668,12706797.000000
2,548.245,832.4441,0.3019608,0.26666668,12706811.000000
2,540.8283,850.7992,0.3019608,0.26666668,12706828.000000
2,534.196,867.8586,0.3019608,0.26666668,12706847.000000
2,529.0981,885.70605,0.3019608,0.26666668,12706859.000000
2,525.42334,898.5292,0.3019608,0.26666668,12706876.000000
2,519.53424,912.04596,0.3019608,0.23333335,12706892.000000
2,515.0783,921.5332,0.3019608,0.23333335,12706908.000000
2,511.25214,929.2086,0.3019608,0.23333335,12706926.000000
2,507.433,936.32,0.3019608,0.23333335,12706940.000000
2,504.25568,942.25024,0.3019608,0.23333335,12706957.000000
2,500.4638,948.3828,0.3019608,0.26666668,12706977.000000
2,496.98978,954.4088,0.3019608,0.26666668,12706990.000000
2,494.42764,959.5344,0.3019608,0.26666668,12707021.000000
2,488.66275,970.4009,0.3019608,0.26666668,12707038.000000
2,486.11728,973.24475,0.3019608,0.26666668,12707057.000000
2,484.96185,975.8054,0.3019608,0.26666668,12707071.000000
2,483.68906,977.6729,0.29803923,0.26666668,12707087.000000
2,482.7021,978.6601,0.29803923,0.26666668,12707106.000000
1,482.7021,978.6601,0.29803923,0.26666668,12707126.000000
0,658.9266,791.05865,0.29803923,0.23333335,12790666.000000
2,689.10126,705.87244,0.30588236,0.26666668,12790700.000000
2,726.04504,628.9773,0.30588236,0.26666668,12790728.000000
2,781.0851,534.2143,0.3019608,0.26666668,12790736.000000
2,850.4859,439.58383,0.29803923,0.23333335,12790749.000000
2,922.7608,343.34164,0.2901961,0.23333335,12790759.000000
1,922.7608,343.34164,0.2901961,0.23333335,12790767.000000
0,790.84515,599.79175,0.2901961,0.23333335,12821677.000000
2,778.7198,610.5876,0.29411766,0.23333335,12821785.000000
2,766.35077,623.8115,0.29411766,0.23333335,12821802.000000
2,751.0677,641.5793,0.29411766,0.23333335,12821814.000000
2,734.25543,662.15857,0.29803923,0.26666668,12821830.000000
2,715.7646,685.8115,0.29803923,0.3,12821840.000000
2,696.1679,713.2102,0.29803923,0.26666668,12821857.000000
2,675.093,743.13544,0.29803923,0.23333335,12821877.000000
2,651.2887,776.19446,0.29803923,0.26666668,12821889.000000
2,628.64856,810.33136,0.29803923,0.26666668,12821906.000000
2,607.1574,842.3474,0.29803923,0.23333335,12821926.000000
2,588.51,871.1585,0.29803923,0.26666668,12821938.000000
2,575.4682,895.2247,0.3019608,0.26666668,12821957.000000
2,564.1883,916.5201,0.3019608,0.3,12821970.000000
2,554.0708,935.51624,0.3019608,0.26666668,12821987.000000
2,547.11237,949.43677,0.3019608,0.26666668,12822006.000000
2,541.98865,961.6056,0.3019608,0.26666668,12822019.000000
2,538.08936,970.6794,0.3019608,0.26666668,12822037.000000
2,535.39667,978.47876,0.3019608,0.26666668,12822053.000000
2,532.8482,984.63715,0.3019608,0.26666668,12822068.000000
2,530.3049,989.7253,0.3019608,0.26666668,12822087.000000
2,527.75696,994.82245,0.3019608,0.26666668,12822100.000000
2,525.21783,999.90216,0.3019608,0.26666668,12822117.000000
2,522.6645,1005.1832,0.3019608,0.26666668,12822137.000000
2,519.3098,1011.598,0.3019608,0.23333335,12822151.000000
2,516.8844,1017.9713,0.3019608,0.23333335,12822166.000000
2,514.34344,1024.3252,0.3019608,0.23333335,12822186.000000
2,511.8022,1029.4063,0.3019608,0.23333335,12822198.000000
2,509.2474,1033.965,0.3019608,0.23333335,12822216.000000
2,507.19183,1037.7916,0.3019608,0.23333335,12822230.000000
2,505.49017,1040.9352,0.3019608,0.23333335,12822247.000000
2,502.9478,1044.379,0.3019608,0.26666668,12822266.000000
2,500.7132,1046.9253,0.3019608,0.26666668,12822280.000000
2,498.5229,1049.4717,0.3019608,0.26666668,12822297.000000
2,495.97107,1053.5516,0.3019608,0.26666668,12822316.000000
2,493.42206,1057.3762,0.3019608,0.26666668,12822330.000000
2,490.8766,1060.4521,0.3019608,0.26666668,12822345.000000
2,489.3646,1063.6306,0.29803923,0.26666668,12822369.000000
2,488.48245,1064.8462,0.29803923,0.26666668,12822378.000000
2,487.11078,1066.2183,0.29803923,0.26666668,12822397.000000
2,487.0327,1067.2959,0.29411766,0.26666668,12822409.000000
1,487.0327,1067.2959,0.29411766,0.26666668,12822417.000000
0,180.55522,763.06836,0.2901961,0.23333335,12833380.000000
2,180.55522,766.41656,0.29411766,0.23333335,12833437.000000
2,180.55522,774.3287,0.29411766,0.26666668,12833457.000000
2,180.55522,788.6658,0.29803923,0.23333335,12833492.000000
2,180.55522,794.5105,0.29803923,0.23333335,12833517.000000
2,181.69717,802.10144,0.29803923,0.23333335,12833528.000000
2,180.78963,807.44806,0.29803923,0.26666668,12833541.000000
2,179.51628,812.5428,0.29803923,0.26666668,12833557.000000
2,178.55646,816.66364,0.29803923,0.26666668,12833569.000000
2,178.55646,820.4906,0.29803923,0.26666668,12833587.000000
2,178.55646,824.3288,0.29803923,0.26666668,12833607.000000
2,178.55646,827.34326,0.3019608,0.26666668,12833620.000000
2,178.55646,829.8991,0.29803923,0.26666668,12833637.000000
2,179.2227,835.16943,0.3019608,0.26666668,12833650.000000
2,179.2227,838.9377,0.3019608,0.26666668,12833668.000000
2,179.2227,842.79926,0.3019608,0.26666668,12833686.000000
2,179.2227,845.42914,0.3019608,0.26666668,12833701.000000
2,179.2227,847.9894,0.3019608,0.26666668,12833717.000000
2,179.2227,850.5419,0.3019608,0.26666668,12833737.000000
2,179.2227,852.42175,0.3019608,0.26666668,12833749.000000
2,179.2227,854.98914,0.3019608,0.26666668,12833767.000000
2,179.2227,857.543,0.3019608,0.23333335,12833781.000000
2,179.2227,860.09265,0.3019608,0.26666668,12833798.000000
2,179.2227,862.64624,0.3019608,0.23333335,12833817.000000
2,179.2227,865.2011,0.3019608,0.23333335,12833830.000000
2,179.2227,867.75696,0.3019608,0.23333335,12833847.000000
2,179.2227,869.0011,0.3019608,0.23333335,12833867.000000
2,179.2227,870.2789,0.3019608,0.23333335,12833879.000000
2,179.2227,871.55634,0.3019608,0.23333335,12833897.000000
2,179.2227,872.8333,0.3019608,0.23333335,12833917.000000
2,179.2227,874.0298,0.29803923,0.23333335,12833927.000000
1,179.2227,874.0298,0.29803923,0.23333335,12833948.000000
0,552.32574,873.03015,0.29803923,0.26666668,12984497.000000
2,586.27295,778.3523,0.30588236,0.26666668,12984563.000000
2,599.04663,742.6179,0.30588236,0.26666668,12984579.000000
2,610.9456,704.4538,0.30588236,0.26666668,12984597.000000
2,620.2963,675.63086,0.30588236,0.26666668,12984609.000000
2,629.29785,650.14954,0.30980393,0.26666668,12984626.000000
2,638.14545,630.05414,0.30980393,0.26666668,12984642.000000
2,645.24615,615.1049,0.30980393,0.26666668,12984658.000000
2,650.46857,605.1514,0.30980393,0.26666668,12984676.000000
2,653.92456,599.1355,0.30980393,0.26666668,12984690.000000
2,656.47986,595.1324,0.30980393,0.26666668,12984707.000000
2,657.979,592.35736,0.30980393,0.26666668,12984726.000000
2,659.253,589.8086,0.30980393,0.26666668,12984739.000000
2,660.5308,588.19055,0.30980393,0.26666668,12984757.000000
2,661.5916,586.9116,0.30980393,0.26666668,12984771.000000
2,661.5916,585.642,0.30980393,0.26666668,12984787.000000
2,661.5916,584.3636,0.30980393,0.26666668,12984807.000000
2,661.5916,583.07764,0.30980393,0.26666668,12984820.000000
2,661.5916,582.1312,0.30980393,0.26666668,12984837.000000
2,663.2212,582.4644,0.29803923,0.26666668,12984947.000000
1,663.2212,582.4644,0.29803923,0.26666668,12984976.000000
0,544.99695,858.3686,0.29411766,0.26666668,13345575.000000
2,588.9987,785.9653,0.29803923,0.26666668,13345617.000000
2,608.8758,748.9297,0.3019608,0.26666668,13345637.000000
2,632.451,706.9897,0.29803923,0.23333335,13345650.000000
2,653.97015,673.1725,0.3019608,0.26666668,13345667.000000
2,673.7569,639.95776,0.3019608,0.26666668,13345687.000000
2,691.6707,611.0629,0.3019608,0.26666668,13345699.000000
2,707.2868,587.61743,0.3019608,0.23333335,13345716.000000
2,721.9474,567.11017,0.3019608,0.26666668,13345731.000000
2,733.0672,550.2513,0.3019608,0.26666668,13345748.000000
2,741.30096,537.31476,0.3019608,0.26666668,13345767.000000
2,746.7166,527.08966,0.3019608,0.26666668,13345781.000000
2,750.8974,519.09796,0.3019608,0.26666668,13345797.000000
2,753.8917,513.9526,0.3019608,0.26666668,13345817.000000
2,756.4435,510.12393,0.3019608,0.26666668,13345829.000000
2,757.5947,507.69897,0.3019608,0.26666668,13345847.000000
2,758.875,505.13782,0.3019608,0.26666668,13345861.000000
2,760.14355,503.87897,0.3019608,0.26666668,13345877.000000
2,761.4198,502.6024,0.3019608,0.26666668,13345897.000000
2,761.52997,501.32004,0.3019608,0.26666668,13345910.000000
2,761.52997,500.0441,0.3019608,0.26666668,13345928.000000
2,761.52997,498.7678,0.3019608,0.26666668,13345947.000000
2,761.52997,497.48987,0.30588236,0.26666668,13345958.000000
2,761.52997,496.2201,0.3019608,0.26666668,13345977.000000
2,761.52997,495.4946,0.30588236,0.26666668,13345991.000000
1,761.52997,495.4946,0.30588236,0.26666668,13346187.000000
0,684.2443,675.7653,0.29411766,0.26666668,13437605.000000
2,667.4816,699.6767,0.29411766,0.23333335,13437666.000000
2,658.72864,714.3329,0.29411766,0.23333335,13437680.000000
2,650.1336,725.4794,0.29803923,0.26666668,13437697.000000
2,642.5891,735.5413,0.29803923,0.26666668,13437722.000000
2,635.2838,745.3949,0.29803923,0.26666668,13437730.000000
2,629.4013,754.56555,0.29803923,0.26666668,13437746.000000
2,623.0237,764.4147,0.29803923,0.26666668,13437766.000000
2,616.64105,774.62964,0.29803923,0.26666668,13437777.000000
2,611.7424,783.35126,0.29803923,0.26666668,13437811.000000
2,602.8884,799.177,0.29803923,0.26666668,13437836.000000
2,599.02686,805.6148,0.29803923,0.23333335,13437847.000000
2,596.46,810.72876,0.29803923,0.23333335,13437858.000000
2,593.9059,814.11145,0.29803923,0.23333335,13437876.000000
2,592.4941,816.6636,0.29803923,0.23333335,13437897.000000
2,591.2182,818.79913,0.29803923,0.23333335,13437907.000000
2,589.9436,820.0741,0.29803923,0.23333335,13437927.000000
2,589.3336,821.3507,0.29803923,0.23333335,13437940.000000
2,588.0586,822.6261,0.29803923,0.23333335,13437959.000000
2,586.7789,823.9062,0.29803923,0.23333335,13437977.000000
2,585.5067,825.17865,0.29803923,0.23333335,13437990.000000
2,584.2339,826.4518,0.29803923,0.23333335,13438007.000000
2,583.6398,827.7275,0.29803923,0.23333335,13438038.000000
2,583.6398,830.2788,0.29803923,0.23333335,13438056.000000
2,583.6398,831.55695,0.29803923,0.23333335,13438071.000000
2,583.6398,832.04443,0.29803923,0.23333335,13438086.000000
1,583.6398,832.04443,0.29803923,0.23333335,13438197.000000
0,934.0901,767.7334,0.29803923,0.26666668,13949078.000000
2,935.8569,757.12994,0.30588236,0.26666668,13949151.000000
2,937.1454,749.3966,0.30588236,0.26666668,13949167.000000
2,939.46643,740.2243,0.30588236,0.26666668,13949183.000000
2,942.05023,729.5705,0.30588236,0.26666668,13949201.000000
2,946.4632,716.2042,0.30588236,0.26666668,13949219.000000
2,951.62714,701.9995,0.30588236,0.26666668,13949233.000000
2,957.5992,687.876,0.30588236,0.23333335,13949250.000000
2,963.8656,675.28076,0.30588236,0.26666668,13949268.000000
2,969.7144,662.4773,0.30588236,0.26666668,13949281.000000
2,976.7474,649.0767,0.3019608,0.26666668,13949305.000000
2,983.82294,635.58563,0.3019608,0.26666668,13949323.000000
2,990.2227,622.216,0.3019608,0.26666668,13949342.000000
2,996.6105,609.84875,0.29803923,0.26666668,13949356.000000
2,1005.29944,598.27606,0.29411766,0.23333335,13949364.000000
2,1009.0438,593.4606,0.29411766,0.23333335,13949379.000000
1,1009.0438,593.4606,0.29411766,0.23333335,13949386.000000
0,989.3893,731.07947,0.29411766,0.26666668,13950309.000000
2,1000.84784,693.3649,0.3019608,0.26666668,13950376.000000
2,1004.8012,678.478,0.3019608,0.23333335,13950388.000000
2,1010.85596,660.66425,0.3019608,0.23333335,13950417.000000
2,1019.95605,640.9416,0.29803923,0.23333335,13950426.000000
2,1033.9243,617.99384,0.29411766,0.23333335,13950438.000000
2,1045.2468,594.5399,0.29411766,0.23333335,13950456.000000
2,1059.4363,567.4541,0.23137257,0.23333335,13950469.000000
1,1059.4363,567.4541,0.23137257,0.23333335,13950487.000000
0,571.64716,935.00867,0.30588236,0.26666668,14310629.000000
2,570.01086,942.8883,0.31764707,0.3,14310717.000000
2,568.72284,947.7825,0.31764707,0.26666668,14310739.000000
2,567.6496,951.65894,0.31764707,0.26666668,14310757.000000
2,567.6496,955.4885,0.31764707,0.26666668,14310771.000000
2,566.875,959.32544,0.31764707,0.26666668,14310787.000000
2,566.3171,962.4337,0.31764707,0.26666668,14310807.000000
2,565.65753,965.6446,0.31764707,0.26666668,14310820.000000
2,565.6508,968.2027,0.31764707,0.26666668,14310837.000000
2,565.6508,971.41693,0.32156864,0.26666668,14310853.000000
2,564.4946,974.4659,0.32156864,0.26666668,14310868.000000
2,563.6521,977.20276,0.32156864,0.26666668,14310888.000000
2,563.6521,979.75116,0.32156864,0.26666668,14310901.000000
2,563.6521,981.98206,0.32156864,0.26666668,14310917.000000
2,563.6521,983.25385,0.32156864,0.26666668,14310936.000000
2,563.6521,984.53937,0.32156864,0.26666668,14310951.000000
2,563.6521,985.8134,0.32156864,0.26666668,14310966.000000
2,563.6521,987.089,0.32156864,0.26666668,14310986.000000
2,563.6521,988.038,0.32156864,0.26666668,14311122.000000
2,563.6521,989.3331,0.31764707,0.26666668,14311134.000000
2,563.6521,990.6231,0.31764707,0.26666668,14311151.000000
2,563.6521,991.3224,0.31764707,0.26666668,14311167.000000
2,563.6521,992.21606,0.31764707,0.26666668,14311300.000000
2,563.6521,993.4972,0.31764707,0.26666668,14311315.000000
2,562.518,994.7893,0.31764707,0.26666668,14311331.000000
2,561.6533,996.067,0.31764707,0.26666668,14311349.000000
2,561.6533,997.3422,0.31764707,0.26666668,14311362.000000
2,561.6533,997.9868,0.31764707,0.26666668,14311379.000000
2,561.6533,998.3248,0.30980393,0.26666668,14311463.000000
1,561.6533,998.3248,0.30980393,0.26666668,14311487.000000
0,879.45715,1069.6285,0.2784314,0.23333335,14346594.000000
2,874.4299,1055.3152,0.29411766,0.26666668,14346657.000000
2,870.14984,1041.9349,0.29411766,0.26666668,14346667.000000
2,867.1256,1019.09125,0.29803923,0.26666668,14346687.000000
2,870.38745,969.7072,0.29803923,0.26666668,14346702.000000
2,887.75446,919.3655,0.3019608,0.26666668,14346719.000000
2,905.6135,859.1595,0.30588236,0.3,14346737.000000
2,934.2793,793.5576,0.30588236,0.26666668,14346751.000000
2,971.48315,724.8145,0.30588236,0.26666668,14346767.000000
2,1012.8577,659.2985,0.3019608,0.23333335,14346784.000000
2,1048.0197,610.4547,0.2901961,0.23333335,14346800.000000
1,1048.0197,610.4547,0.2901961,0.23333335,14346807.000000
0,856.1382,1251.5654,0.29803923,0.26666668,14567099.000000
2,871.3777,1195.3688,0.30588236,0.26666668,14567161.000000
2,888.37524,1145.8634,0.30980393,0.26666668,14567175.000000
2,908.8023,1089.5188,0.30588236,0.26666668,14567184.000000
2,938.4611,1030.5931,0.3019608,0.23333335,14567197.000000
2,968.1278,979.079,0.29803923,0.26666668,14567216.000000
2,1005.37946,948.33734,0.29411766,0.23333335,14567228.000000
1,1005.37946,948.33734,0.29411766,0.23333335,14567238.000000
0,961.40656,725.08154,0.29803923,0.23333335,14582989.000000
2,947.4825,736.1602,0.30980393,0.26666668,14583067.000000
2,941.2266,742.60114,0.30980393,0.26666668,14583087.000000
2,934.83044,750.0506,0.3137255,0.3,14583100.000000
2,928.1269,757.7038,0.3137255,0.3,14583116.000000
2,920.46716,766.3038,0.3137255,0.3,14583136.000000
2,912.8104,774.3572,0.31764707,0.3,14583149.000000
2,903.6893,783.48083,0.31764707,0.26666668,14583166.000000
2,896.17505,790.9971,0.31764707,0.26666668,14583182.000000
2,888.51086,798.6633,0.31764707,0.26666668,14583198.000000
2,881.50134,806.99854,0.31764707,0.26666668,14583216.000000
2,875.1252,814.652,0.3137255,0.26666668,14583231.000000
2,869.9565,821.7645,0.3137255,0.26666668,14583247.000000
2,866.0069,827.6573,0.3137255,0.26666668,14583266.000000
2,862.17615,833.4328,0.31764707,0.26666668,14583280.000000
2,858.7235,838.535,0.31764707,0.3,14583297.000000
2,856.1706,843.3252,0.3137255,0.26666668,14583316.000000
2,854.54254,847.1625,0.3137255,0.26666668,14583328.000000
2,853.2642,849.45667,0.3137255,0.26666668,14583347.000000
2,851.9898,852.0061,0.3137255,0.26666668,14583362.000000
2,850.9794,854.0275,0.3137255,0.26666668,14583380.000000
2,849.4228,855.75574,0.3137255,0.26666668,14583396.000000
2,848.14746,857.0314,0.3137255,0.26666668,14583410.000000
2,847.47687,858.3096,0.3137255,0.26666668,14583427.000000
2,847.47687,859.58295,0.3137255,0.26666668,14583446.000000
2,847.47687,860.85864,0.3137255,0.26666668,14583459.000000
2,847.47687,862.136,0.3137255,0.26666668,14583477.000000
2,847.47687,863.4149,0.3137255,0.26666668,14583491.000000
2,847.47687,864.68945,0.3137255,0.26666668,14583508.000000
1,847.47687,864.68945,0.3137255,0.26666668,14583566.000000
0,902.1098,924.3457,0.25490198,0.23333335,4415716.000000
2,905.0905,918.3827,0.3019608,0.26666668,4416115.000000
2,907.3237,913.3648,0.3019608,0.26666668,4416315.000000
2,918.76624,882.3306,0.30588236,0.26666668,4416516.000000
2,918.1,845.1386,0.30588236,0.26666668,4416715.000000
2,918.1,830.3216,0.30588236,0.26666668,4416919.000000
2,918.1,829.69165,0.30588236,0.26666668,4417114.000000
2,918.1,827.69525,0.30980393,0.26666668,4417317.000000
2,918.1,827.0253,0.30980393,0.26666668,4417517.000000
2,918.1,826.335,0.30980393,0.26666668,4417716.000000
2,918.1,817.1734,0.30980393,0.26666668,4417915.000000
2,918.1,806.4767,0.30980393,0.3,4418118.000000
1,918.1,803.3944,0.30980393,0.26666668,4418516.000000
0,886.1197,763.06836,0.29411766,0.23333335,4546316.000000
2,929.77454,619.2019,0.30588236,0.26666668,4546516.000000
2,941.4189,572.29364,0.30980393,0.3,4546714.000000
1,939.4201,559.5234,0.30588236,0.26666668,4546927.000000
0,635.60767,701.08984,0.3019608,0.26666668,4839155.000000
2,634.2097,715.07294,0.30588236,0.26666668,4839354.000000
2,621.949,838.7109,0.30588236,0.26666668,4839554.000000
1,616.28625,873.3634,0.30588236,0.26666668,4839758.000000
0,986.058,675.7653,0.29803923,0.26666668,4949175.000000
2,924.1203,765.82404,0.3019608,0.26666668,4949374.000000
2,869.10767,861.2347,0.30588236,0.26666668,4949574.000000
2,854.30316,897.8634,0.30588236,0.26666668,4949775.000000
2,833.0624,956.9379,0.30980393,0.26666668,4949975.000000
2,816.82916,990.7154,0.30980393,0.26666668,4950176.000000
1,816.82916,994.3283,0.30980393,0.26666668,4950583.000000
0,892.116,653.77295,0.29411766,0.23333335,5021197.000000
2,879.14954,693.1955,0.3019608,0.26666668,5021395.000000
2,843.3447,806.7234,0.30588236,0.26666668,5021595.000000
2,816.7931,879.83875,0.30588236,0.26666668,5021800.000000
2,798.2211,923.585,0.30588236,0.26666668,5021995.000000
2,797.50775,938.2601,0.30588236,0.26666668,5022194.000000
2,797.50775,942.3667,0.30980393,0.26666668,5022395.000000
2,797.50775,945.7887,0.30980393,0.3,5022599.000000
2,785.51514,990.44824,0.30588236,0.26666668,5022795.000000
2,783.51636,1043.6299,0.30588236,0.26666668,5022995.000000
2,782.8501,1078.264,0.30588236,0.26666668,5023195.000000
2,782.8501,1093.5583,0.30588236,0.26666668,5023398.000000
1,782.8501,1104.6165,0.3019608,0.26666668,5023599.000000
0,69.95682,619.11835,0.3137255,0.26666668,5412169.000000
1,69.95682,619.11835,0.3137255,0.26666668,5412399.000000
1,120.59223,990.9892,0.29411766,0.23333335,5412764.000000
0,886.1197,835.7098,0.29411766,0.23333335,5816895.000000
2,862.5213,890.12115,0.29803923,0.26666668,5817100.000000
2,833.2195,988.92163,0.3019608,0.26666668,5817295.000000
2,804.384,1070.3455,0.3019608,0.26666668,5817495.000000
2,794.8427,1116.0526,0.3019608,0.26666668,5817696.000000
1,794.8427,1121.154,0.3019608,0.26666668,5817912.000000
0,810.8328,669.7674,0.29411766,0.23333335,47663360.000000
2,793.75714,688.531,0.29803923,0.26666668,47663560.000000
2,716.23083,757.7306,0.29803923,0.26666668,47663760.000000
1,704.8617,767.06696,0.29803923,0.26666668,47663964.000000
0,826.823,844.3735,0.29803923,0.26666668,47510764.000000
2,826.823,840.353,0.3019608,0.26666668,47510968.000000
2,826.823,833.0128,0.3019608,0.26666668,47511164.000000
2,844.1456,751.7504,0.3019608,0.26666668,47511360.000000
1,844.1456,745.40784,0.3019608,0.26666668,47511560.000000
0,817.4954,847.7056,0.2901961,0.23333335,47791320.000000
2,819.3633,855.17926,0.30588236,0.3,47791516.000000
2,820.82666,879.7801,0.30980393,0.26666668,47791720.000000
2,815.49664,915.9222,0.30980393,0.26666668,47791916.000000
1,811.16595,928.6775,0.29803923,0.26666668,47792120.000000
0,433.066,735.7445,0.3019608,0.26666668,48490756.000000
2,398.07516,691.8275,0.3137255,0.26666668,48490956.000000
1,383.76312,666.8671,0.30980393,0.26666668,48491164.000000
0,952.74524,577.7994,0.29803923,0.23333335,48755216.000000
2,930.7588,657.00806,0.30980393,0.26666668,48755416.000000
1,930.7588,679.21027,0.3137255,0.26666668,48755816.000000
0,784.1826,626.4491,0.29803923,0.26666668,9897599.000000
2,784.8489,644.91406,0.3019608,0.26666668,9897788.000000
2,759.4956,876.8611,0.29411766,0.26666668,9897988.000000
2,747.4904,995.277,0.29411766,0.23333335,9898190.000000
2,740.2098,1068.9484,0.29411766,0.23333335,9898388.000000
1,740.2098,1071.7345,0.29411766,0.23333335,9899189.000000
0,857.4707,998.32,0.29803923,0.26666668,59788520.000000
2,894.0203,947.57477,0.30588236,0.26666668,59788720.000000
2,954.6351,865.1419,0.30980393,0.26666668,59788920.000000
2,979.1434,841.04126,0.30588236,0.26666668,59789120.000000
1,982.3936,841.04126,0.3019608,0.26666668,59789320.000000
0,884.1209,1068.2957,0.2901961,0.23333335,59790924.000000
2,884.1209,1064.888,0.29411766,0.26666668,59791116.000000
2,883.7921,1050.9597,0.29803923,0.26666668,59791320.000000
2,861.07715,1133.8384,0.29803923,0.26666668,59791516.000000
2,859.4695,1156.5984,0.29803923,0.26666668,59791720.000000
1,859.4695,1157.0885,0.29803923,0.26666668,59791920.000000
0,916.1012,915.682,0.29803923,0.26666668,59912928.000000
2,908.53674,963.3162,0.3019608,0.26666668,59913128.000000
2,884.7872,1078.5487,0.3019608,0.26666668,59913332.000000
2,884.7872,1109.3599,0.3019608,0.26666668,59913532.000000
1,884.7872,1112.6135,0.3019608,0.26666668,59913728.000000
0,164.5651,781.7285,0.29803923,0.26666668,42985408.000000
2,165.94731,789.4074,0.3019608,0.26666668,42985608.000000
2,197.79851,889.45294,0.3019608,0.26666668,42985808.000000
1,201.20914,906.6852,0.3019608,0.26666668,42986016.000000
0,664.25665,643.7764,0.2901961,0.23333335,43024212.000000
2,677.79944,609.2439,0.29411766,0.26666668,43024408.000000
2,712.80493,535.23596,0.29411766,0.23333335,43024608.000000
2,716.22455,525.7736,0.29411766,0.26666668,43024808.000000
1,716.22455,525.7736,0.29411766,0.26666668,43025008.000000
0,865.46576,905.01904,0.2784314,0.26666668,43036216.000000
2,862.10614,908.37964,0.29411766,0.26666668,43036416.000000
2,821.42865,998.4701,0.29411766,0.23333335,43036620.000000
2,804.83655,1067.7952,0.29411766,0.23333335,43036816.000000
1,804.83655,1075.9597,0.2901961,0.23333335,43037020.000000
