0,1027.0,678.0,0.03529412,1.0,77189480.000000
2,1027.0,678.0,0.0882353,1.0,77189504.000000
2,1027.0,678.0,0.07058824,1.0,77189536.000000
2,1027.0,678.0,0.05294118,1.0,77189568.000000
2,1027.0,678.0,0.07058824,1.0,77189592.000000
2,1027.0,678.0,0.0882353,1.0,77189608.000000
2,1027.0,678.0,0.07058824,1.0,77189616.000000
2,1027.0,678.0,0.05294118,1.0,77189688.000000
2,1027.0,678.0,0.03529412,1.0,77189712.000000
2,1027.0,678.0,0.05294118,1.0,77189768.000000
2,1027.0,678.0,0.03529412,1.0,77189824.000000
1,1027.0,678.0,0.03529412,1.0,77189928.000000
0,32.0,1519.0,0.03529412,1.0,77336216.000000
2,32.0,1519.0,0.05294118,1.0,77336232.000000
2,32.0,1515.1145,0.07058824,1.0,77336328.000000
2,32.0,1511.3323,0.07058824,1.0,77336336.000000
2,32.0,1508.261,0.07058824,1.0,77336368.000000
2,32.0,1505.1804,0.0882353,1.0,77336376.000000
2,32.0,1503.5543,0.0882353,1.0,77336392.000000
2,32.0,1501.0383,0.0882353,1.0,77336408.000000
2,32.0,1499.4755,0.0882353,1.0,77336432.000000
2,32.0,1497.9434,0.07058824,1.0,77336440.000000
2,32.0,1496.3989,0.05294118,1.0,77336456.000000
2,32.0,1494.8647,0.05294118,1.0,77336472.000000
2,32.0,1493.3263,0.05294118,1.0,77336488.000000
2,32.0,1491.7876,0.05294118,1.0,77336512.000000
2,32.0,1490.2402,0.05294118,1.0,77336528.000000
2,32.0,1490.0,0.03529412,1.0,77336536.000000
1,32.0,1490.0,0.03529412,1.0,77336552.000000
0,346.0,1355.0,0.05294118,1.0,77405216.000000
2,346.0,1355.0,0.10588236,1.0,77405232.000000
2,346.0,1355.0,0.12352942,1.0,77405256.000000
2,343.50983,1355.0,0.12352942,1.0,77405280.000000
2,340.2355,1355.0,0.07058824,1.0,77405288.000000
1,340.2355,1355.0,0.07058824,1.0,77405296.000000
0,95.0,611.0,0.03529412,1.0,77409376.000000
2,95.0,611.0,0.05294118,1.0,77409392.000000
1,95.0,611.0,0.05294118,1.0,77409440.000000
0,903.0,1077.0,0.05294118,1.0,78845240.000000
2,817.67566,1352.6217,0.14117648,1.0,78845264.000000
2,808.0,1481.5269,0.14117648,1.0,78845280.000000
2,823.39136,1608.9507,0.12352942,1.0,78845296.000000
1,823.39136,1608.9507,0.12352942,1.0,78845304.000000
0,741.0,1065.0,0.05294118,1.0,78896528.000000
2,741.0,1065.0,0.12352942,1.0,78896552.000000
2,741.0,1060.3992,0.12352942,1.0,78896568.000000
2,744.7591,1048.4818,0.12352942,1.0,78896592.000000
2,752.11224,1034.9979,0.14117648,1.0,78896600.000000
2,759.0729,1018.54956,0.12352942,1.0,78896624.000000
2,766.5322,1001.6291,0.10588236,1.0,78896648.000000
2,783.3339,971.11017,0.14117648,1.0,78896672.000000
2,791.6473,955.7055,0.12352942,1.0,78896696.000000
2,800.767,938.9271,0.12352942,1.0,78896704.000000
2,808.0027,927.9963,0.10588236,1.0,78896720.000000
2,814.1716,919.2856,0.10588236,1.0,78896736.000000
2,818.1958,911.51044,0.0882353,1.0,78896752.000000
1,818.1958,911.51044,0.0882353,1.0,78896760.000000
0,796.0,820.0,0.05294118,1.0,78934128.000000
2,796.0,820.0,0.0882353,1.0,78934136.000000
2,796.0,820.0,0.14117648,1.0,78934152.000000
2,791.3126,824.6874,0.14117648,1.0,78934168.000000
2,785.1538,839.827,0.14117648,1.0,78934184.000000
2,778.7476,862.25806,0.15882353,1.0,78934208.000000
2,770.2479,892.42426,0.15882353,1.0,78934224.000000
2,759.6301,933.1409,0.12352942,1.0,78934240.000000
2,747.03577,982.339,0.14117648,1.0,78934256.000000
2,738.9094,1025.2891,0.14117648,1.0,78934272.000000
2,734.1007,1067.8921,0.12352942,1.0,78934296.000000
2,731.01025,1101.3922,0.12352942,1.0,78934312.000000
2,728.9713,1128.4587,0.12352942,1.0,78934320.000000
2,725.295,1150.9567,0.12352942,1.0,78934336.000000
2,720.648,1167.0559,0.10588236,1.0,78934352.000000
1,720.648,1167.0559,0.10588236,1.0,78934368.000000
0,398.0,644.0,0.0882353,1.0,78946640.000000
2,398.0,644.0,0.14117648,1.0,78946656.000000
2,398.0,644.0,0.14117648,1.0,78946688.000000
2,398.0,644.0,0.12352942,1.0,78946696.000000
1,398.0,644.0,0.12352942,1.0,78946704.000000
0,98.0,697.0,0.10588236,1.0,79103552.000000
2,99.04336,701.17346,0.14117648,1.0,79103568.000000
2,102.73875,719.2733,0.14117648,1.0,79103584.000000
2,107.33021,750.4215,0.14117648,1.0,79103600.000000
2,111.96757,785.42883,0.14117648,1.0,79103616.000000
2,115.378555,820.35333,0.14117648,1.0,79103632.000000
2,116.732155,852.6432,0.14117648,1.0,79103648.000000
2,118.27162,877.0743,0.14117648,1.0,79103664.000000
2,118.0,894.0895,0.14117648,1.0,79103696.000000
2,118.0,905.7489,0.12352942,1.0,79103704.000000
2,118.0,912.5601,0.14117648,1.0,79103728.000000
2,118.0,916.8541,0.14117648,1.0,79103744.000000
2,116.487816,923.02435,0.14117648,1.0,79103768.000000
2,114.95431,926.0914,0.14117648,1.0,79103776.000000
2,113.41141,930.7658,0.14117648,1.0,79103800.000000
2,113.0,934.2802,0.10588236,1.0,79103816.000000
1,113.0,934.2802,0.10588236,1.0,79103816.000000
0,711.0,897.0,0.07058824,1.0,79166336.000000
2,711.0,897.0,0.0882353,1.0,79166336.000000
2,710.0,888.7986,0.0882353,1.0,79166360.000000
2,710.0,877.0696,0.10588236,1.0,79166384.000000
2,713.3273,859.6909,0.10588236,1.0,79166392.000000
2,723.19836,830.719,0.12352942,1.0,79166416.000000
2,753.17316,772.761,0.12352942,1.0,79166432.000000
2,793.5087,714.7668,0.10588236,1.0,79166448.000000
2,843.27997,657.0223,0.14117648,1.0,79166464.000000
2,901.88873,600.52356,0.14117648,1.0,79166480.000000
2,948.6062,552.32385,0.12352942,1.0,79166496.000000
1,948.6062,552.32385,0.12352942,1.0,79166496.000000
0,767.0,855.0,0.07058824,1.0,79239632.000000
2,767.0,855.0,0.12352942,1.0,79239664.000000
2,757.7385,868.7691,0.12352942,1.0,79239680.000000
2,742.76166,895.629,0.14117648,1.0,79239696.000000
2,724.39026,936.1415,0.12352942,1.0,79239712.000000
2,710.962,968.59033,0.14117648,1.0,79239736.000000
2,700.7251,993.68726,0.12352942,1.0,79239752.000000
2,692.0655,1011.45593,0.14117648,1.0,79239760.000000
2,683.19617,1029.6077,0.12352942,1.0,79239776.000000
2,675.6735,1049.6488,0.12352942,1.0,79239800.000000
2,669.1843,1067.243,0.12352942,1.0,79239816.000000
2,663.7571,1079.2335,0.12352942,1.0,79239832.000000
2,660.421,1087.4475,0.12352942,1.0,79239848.000000
2,658.1662,1092.5015,0.12352942,1.0,79239864.000000
2,656.62946,1096.7411,0.12352942,1.0,79239888.000000
2,655.0927,1100.7218,0.12352942,1.0,79239904.000000
2,653.54913,1106.8035,0.12352942,1.0,79239912.000000
2,651.0108,1117.9244,0.12352942,1.0,79239936.000000
2,648.0,1130.0,0.10588236,1.0,79239944.000000
2,642.78613,1141.499,0.0882353,1.0,79239968.000000
2,639.77386,1153.2914,0.0882353,1.0,79240000.000000
2,633.6204,1165.3795,0.10588236,1.0,79240016.000000
2,631.77075,1167.2292,0.10588236,1.0,79240032.000000
2,630.2333,1167.0,0.10588236,1.0,79240040.000000
2,628.69073,1167.0,0.10588236,1.0,79240064.000000
2,627.154,1167.0,0.10588236,1.0,79240080.000000
2,625.61536,1167.0,0.10588236,1.0,79240096.000000
2,624.05566,1167.0,0.10588236,1.0,79240120.000000
2,622.59076,1167.0,0.12352942,1.0,79240128.000000
2,620.99097,1167.0,0.12352942,1.0,79240144.000000
2,619.45435,1167.0,0.12352942,1.0,79240160.000000
2,617.91785,1167.0,0.12352942,1.0,79240184.000000
2,616.37695,1167.623,0.12352942,1.0,79240192.000000
2,614.8478,1169.1522,0.12352942,1.0,79240208.000000
2,610.25366,1169.0,0.12352942,1.0,79240264.000000
2,609.75586,1170.2441,0.12352942,1.0,79240280.000000
2,608.1294,1171.8706,0.12352942,1.0,79240288.000000
2,606.5859,1174.8282,0.12352942,1.0,79240320.000000
2,604.18726,1187.1575,0.12352942,1.0,79240344.000000
2,599.5575,1202.8083,0.12352942,1.0,79240360.000000
2,587.1201,1250.3995,0.12352942,1.0,79240384.000000
2,579.35474,1286.9683,0.0882353,1.0,79240392.000000
1,579.35474,1286.9683,0.0882353,1.0,79240400.000000
0,773.0,864.0,0.07058824,1.0,79267656.000000
2,773.0,864.0,0.10588236,1.0,79267672.000000
2,774.77997,855.6601,0.10588236,1.0,79267688.000000
2,780.71454,843.5709,0.10588236,1.0,79267712.000000
2,785.89124,832.2537,0.14117648,1.0,79267712.000000
2,791.99615,820.00775,0.12352942,1.0,79267736.000000
2,798.1942,802.4658,0.12352942,1.0,79267760.000000
2,806.4847,785.61145,0.12352942,1.0,79267776.000000
2,816.8786,768.6194,0.14117648,1.0,79267792.000000
2,829.2766,751.7447,0.12352942,1.0,79267808.000000
2,840.3601,736.057,0.10588236,1.0,79267832.000000
2,850.469,723.0414,0.12352942,1.0,79267864.000000
2,867.90735,702.09265,0.14117648,1.0,79267888.000000
2,877.1014,692.8986,0.14117648,1.0,79267904.000000
2,898.00104,669.57025,0.10588236,1.0,79267920.000000
2,907.88416,658.13513,0.10588236,1.0,79267944.000000
2,917.6214,647.3786,0.14117648,1.0,79267960.000000
2,927.36084,637.63916,0.14117648,1.0,79267968.000000
2,937.0281,626.7607,0.12352942,1.0,79267984.000000
2,942.4532,618.2447,0.07058824,1.0,79268000.000000
1,942.4532,618.2447,0.07058824,1.0,79268008.000000
0,671.0,962.0,0.10588236,1.0,79365440.000000
2,671.0,962.0,0.14117648,1.0,79365464.000000
2,673.03485,952.84314,0.12352942,1.0,79365472.000000
2,698.9252,902.4917,0.12352942,1.0,79365488.000000
2,745.09076,836.94336,0.12352942,1.0,79365512.000000
2,806.1725,765.1914,0.14117648,1.0,79365528.000000
2,877.7696,697.9463,0.12352942,1.0,79365544.000000
2,932.4101,649.48157,0.14117648,1.0,79365560.000000
2,971.6622,608.78265,0.12352942,1.0,79365576.000000
1,971.6622,608.78265,0.12352942,1.0,79365584.000000
0,680.0,929.0,0.03529412,1.0,79366536.000000
2,676.6667,927.8333,0.10588236,1.0,79366552.000000
2,674.2941,924.17645,0.12352942,1.0,79366568.000000
2,690.8338,886.89923,0.14117648,1.0,79366592.000000
2,707.51733,859.2444,0.12352942,1.0,79366608.000000
2,728.9012,834.37866,0.14117648,1.0,79366624.000000
2,759.1718,799.4294,0.14117648,1.0,79366640.000000
2,799.5124,758.4876,0.12352942,1.0,79366656.000000
2,852.92206,709.5284,0.12352942,1.0,79366672.000000
2,892.7521,674.2103,0.10588236,1.0,79366688.000000
1,892.7521,674.2103,0.10588236,1.0,79366688.000000
0,643.0,1081.0,0.05294118,1.0,79420632.000000
2,655.4815,1028.4536,0.10588236,1.0,79420656.000000
2,665.0366,967.0832,0.12352942,1.0,79420680.000000
2,669.64343,880.5366,0.14117648,1.0,79420696.000000
2,684.14636,783.46313,0.14117648,1.0,79420704.000000
2,713.14307,680.0219,0.14117648,1.0,79420728.000000
2,769.0704,574.3808,0.15882353,1.0,79420744.000000
2,832.09955,481.07037,0.12352942,1.0,79420760.000000
1,832.09955,481.07037,0.12352942,1.0,79420776.000000
0,683.0,954.0,0.0882353,1.0,79451656.000000
2,683.0,954.0,0.0882353,1.0,79451680.000000
2,683.0,954.0,0.12352942,1.0,79451696.000000
2,683.0,954.0,0.12352942,1.0,79451704.000000
2,683.0,954.0,0.12352942,1.0,79451720.000000
2,684.35516,942.5467,0.12352942,1.0,79451744.000000
2,693.4824,914.7645,0.12352942,1.0,79451760.000000
2,710.32526,873.5653,0.15882353,1.0,79451784.000000
2,728.5893,841.0179,0.14117648,1.0,79451792.000000
2,747.03406,807.76807,0.14117648,1.0,79451808.000000
2,769.5272,768.41956,0.14117648,1.0,79451824.000000
2,806.9005,717.85535,0.14117648,1.0,79451840.000000
2,854.6763,660.48315,0.12352942,1.0,79451856.000000
2,884.35266,620.52386,0.07058824,1.0,79451880.000000
1,884.35266,620.52386,0.07058824,1.0,79451888.000000
0,929.0,898.0,0.03529412,1.0,79527320.000000
2,929.0,898.0,0.10588236,1.0,79527336.000000
1,929.0,898.0,0.10588236,1.0,79527384.000000
0,752.0,874.0,0.0882353,1.0,79580752.000000
2,749.0019,878.49713,0.14117648,1.0,79580776.000000
2,739.6998,898.77185,0.12352942,1.0,79580800.000000
2,727.7433,926.5135,0.12352942,1.0,79580816.000000
2,711.6237,958.75256,0.10588236,1.0,79580832.000000
2,689.9927,1005.0162,0.10588236,1.0,79580848.000000
2,669.1781,1053.7291,0.12352942,1.0,79580864.000000
1,669.1781,1053.7291,0.12352942,1.0,79580864.000000
0,654.0,1085.0,0.07058824,1.0,79584560.000000
2,654.0,1085.0,0.10588236,1.0,79584576.000000
2,654.0,1085.0,0.10588236,1.0,79584584.000000
2,654.0,1085.0,0.10588236,1.0,79584600.000000
2,654.0,1085.0,0.10588236,1.0,79584656.000000
2,654.0,1085.0,0.14117648,1.0,79584664.000000
2,649.5849,1096.4403,0.12352942,1.0,79584680.000000
2,644.98456,1110.0464,0.10588236,1.0,79584704.000000
2,639.3555,1125.8148,0.10588236,1.0,79584720.000000
2,633.2935,1141.2662,0.10588236,1.0,79584736.000000
2,626.1671,1161.5321,0.10588236,1.0,79584752.000000
2,617.4622,1191.6588,0.12352942,1.0,79584776.000000
2,608.69086,1225.1335,0.12352942,1.0,79584792.000000
2,597.84015,1266.2623,0.12352942,1.0,79584800.000000
2,589.24445,1300.1733,0.10588236,1.0,79584816.000000
1,589.24445,1300.1733,0.10588236,1.0,79584840.000000
0,171.0,673.0,0.12352942,1.0,79690576.000000
2,171.0,673.0,0.12352942,1.0,79690608.000000
2,171.0,673.0,0.12352942,1.0,79690616.000000
2,171.0,673.0,0.12352942,1.0,79690632.000000
2,171.0,673.0,0.12352942,1.0,79690640.000000
1,171.0,673.0,0.12352942,1.0,79690656.000000
0,736.0,1047.0,0.07058824,1.0,79925520.000000
2,736.0,1041.1677,0.12352942,1.0,79925552.000000
2,740.5,1009.5,0.12352942,1.0,79925568.000000
2,766.81976,922.155,0.14117648,1.0,79925584.000000
2,822.79395,802.9846,0.12352942,1.0,79925600.000000
2,888.24585,681.4223,0.10588236,1.0,79925616.000000
1,888.24585,681.4223,0.10588236,1.0,79925632.000000
0,651.0,850.0,0.05294118,1.0,79934096.000000
2,651.0,850.0,0.10588236,1.0,79934112.000000
2,651.0,850.0,0.12352942,1.0,79934136.000000
2,651.0,850.0,0.12352942,1.0,79934144.000000
2,651.0,850.0,0.12352942,1.0,79934160.000000
2,651.0,850.0,0.12352942,1.0,79934168.000000
2,651.0,850.0,0.12352942,1.0,79934192.000000
2,651.0,850.0,0.12352942,1.0,79934208.000000
2,651.0,850.0,0.0882353,1.0,79934216.000000
1,651.0,850.0,0.0882353,1.0,79934224.000000
0,530.0,840.0,0.10588236,1.0,80082896.000000
2,530.0,840.0,0.14117648,1.0,80082920.000000
2,524.1919,841.93604,0.12352942,1.0,80082944.000000
2,521.0162,842.0,0.12352942,1.0,80082952.000000
2,519.9565,842.0,0.12352942,1.0,80082968.000000
1,519.9565,842.0,0.12352942,1.0,80082976.000000
0,506.0,790.0,0.05294118,1.0,80232544.000000
2,506.0,790.0,0.10588236,1.0,80232560.000000
2,506.0,790.0,0.10588236,1.0,80232600.000000
2,506.0,790.0,0.10588236,1.0,80232616.000000
1,506.0,790.0,0.10588236,1.0,80232632.000000
0,606.0,1017.0,0.05294118,1.0,80342800.000000
2,606.0,1017.0,0.12352942,1.0,80342816.000000
2,606.0,1017.0,0.12352942,1.0,80342848.000000
2,606.0,1017.0,0.12352942,1.0,80342888.000000
2,606.0,1017.0,0.07058824,1.0,80342896.000000
1,606.0,1017.0,0.07058824,1.0,80342912.000000
0,700.0,910.0,0.07058824,1.0,80374368.000000
2,743.85236,682.5647,0.10588236,1.0,80374392.000000
2,796.6686,557.5551,0.14117648,1.0,80374400.000000
2,900.1949,414.4058,0.14117648,1.0,80374416.000000
2,1016.684,266.36255,0.14117648,1.0,80374432.000000
1,1016.684,266.36255,0.14117648,1.0,80374440.000000
0,605.0,1264.0,0.07058824,1.0,81078912.000000
2,605.0,1264.0,0.12352942,1.0,81078928.000000
2,605.0,1264.0,0.12352942,1.0,81078944.000000
2,606.12756,1260.6173,0.12352942,1.0,81078968.000000
2,608.3438,1255.3124,0.14117648,1.0,81078976.000000
2,612.6473,1247.9211,0.14117648,1.0,81078992.000000
2,620.75244,1235.2456,0.14117648,1.0,81079008.000000
2,629.7982,1218.7032,0.14117648,1.0,81079032.000000
2,637.2024,1203.5952,0.14117648,1.0,81079048.000000
2,643.46954,1191.0609,0.14117648,1.0,81079072.000000
2,649.69617,1181.4557,0.14117648,1.0,81079088.000000
2,655.86646,1173.6669,0.14117648,1.0,81079104.000000
2,661.0098,1165.9836,0.14117648,1.0,81079120.000000
2,665.6625,1159.7833,0.14117648,1.0,81079136.000000
2,669.1875,1153.625,0.14117648,1.0,81079152.000000
2,672.9137,1147.4484,0.14117648,1.0,81079168.000000
2,677.5156,1141.3125,0.12352942,1.0,81079184.000000
2,682.16016,1134.3998,0.14117648,1.0,81079208.000000
2,686.7833,1127.9556,0.15882353,1.0,81079232.000000
2,694.71326,1115.5735,0.15882353,1.0,81079248.000000
2,697.79144,1111.3129,0.15882353,1.0,81079272.000000
2,702.3188,1106.6813,0.14117648,1.0,81079280.000000
2,704.95044,1102.0743,0.14117648,1.0,81079296.000000
2,708.0,1097.5,0.14117648,1.0,81079312.000000
2,711.1136,1090.7728,0.14117648,1.0,81079336.000000
2,715.815,1085.1849,0.14117648,1.0,81079352.000000
2,720.4252,1079.4331,0.14117648,1.0,81079376.000000
2,725.0466,1073.2712,0.15882353,1.0,81079392.000000
2,730.67285,1067.1029,0.14117648,1.0,81079416.000000
2,742.57135,1051.8,0.14117648,1.0,81079440.000000
2,749.42426,1041.8636,0.14117648,1.0,81079448.000000
2,756.96533,1032.2485,0.14117648,1.0,81079472.000000
2,766.1372,1021.8628,0.14117648,1.0,81079480.000000
2,778.43414,1008.58466,0.14117648,1.0,81079496.000000
2,789.30444,996.69556,0.12352942,1.0,81079512.000000
1,789.30444,996.69556,0.12352942,1.0,81079520.000000
0,744.0,856.0,0.0882353,1.0,81203152.000000
2,743.15814,851.7907,0.12352942,1.0,81203176.000000
2,744.3819,838.5632,0.14117648,1.0,81203192.000000
2,756.34125,804.68353,0.14117648,1.0,81203216.000000
2,774.61566,772.17255,0.12352942,1.0,81203232.000000
2,795.1165,741.8208,0.14117648,1.0,81203248.000000
2,816.3217,715.6783,0.12352942,1.0,81203264.000000
2,842.7374,689.2626,0.12352942,1.0,81203280.000000
2,868.0884,663.6228,0.12352942,1.0,81203296.000000
2,886.4064,643.39307,0.0882353,1.0,81203312.000000
1,886.4064,643.39307,0.0882353,1.0,81203320.000000
0,753.0,978.0,0.0882353,1.0,81243656.000000
2,753.0,978.0,0.12352942,1.0,81243688.000000
2,753.0,978.0,0.14117648,1.0,81243704.000000
2,753.0,978.0,0.14117648,1.0,81243728.000000
2,753.0,978.0,0.14117648,1.0,81243752.000000
2,754.02997,974.91016,0.14117648,1.0,81243768.000000
2,757.20447,970.1933,0.14117648,1.0,81243784.000000
2,760.29,965.56506,0.15882353,1.0,81243808.000000
2,763.3777,959.9334,0.15882353,1.0,81243824.000000
2,766.45294,954.0941,0.15882353,1.0,81243832.000000
2,769.53766,949.6935,0.14117648,1.0,81243856.000000
2,772.6467,945.0299,0.14117648,1.0,81243872.000000
2,776.562,939.438,0.14117648,1.0,81243888.000000
2,780.1828,934.8172,0.14117648,1.0,81243912.000000
2,784.8225,930.1775,0.14117648,1.0,81243936.000000
2,788.9585,925.56226,0.14117648,1.0,81243952.000000
2,799.2397,911.7603,0.14117648,1.0,81243992.000000
2,802.3155,908.6845,0.14117648,1.0,81244008.000000
2,805.39655,905.60345,0.14117648,1.0,81244024.000000
2,808.491,902.509,0.14117648,1.0,81244032.000000
2,811.57904,899.42096,0.14117648,1.0,81244056.000000
2,815.4931,896.33795,0.14117648,1.0,81244072.000000
2,820.1148,893.25684,0.14117648,1.0,81244088.000000
2,826.6038,888.23773,0.14117648,1.0,81244104.000000
2,834.32544,882.13965,0.10588236,1.0,81244120.000000
2,835.0,879.96783,0.10588236,1.0,81244136.000000
1,835.0,879.96783,0.10588236,1.0,81244152.000000
0,871.0,863.0,0.0882353,1.0,81266416.000000
2,866.31177,865.68823,0.14117648,1.0,81266448.000000
2,855.9901,880.39105,0.14117648,1.0,81266456.000000
2,838.54315,917.85205,0.15882353,1.0,81266480.000000
2,814.6638,974.47705,0.14117648,1.0,81266496.000000
2,791.5,1033.0,0.14117648,1.0,81266512.000000
2,769.3305,1101.0084,0.15882353,1.0,81266528.000000
2,753.80835,1159.5573,0.12352942,1.0,81266544.000000
2,745.2406,1205.1008,0.12352942,1.0,81266560.000000
1,745.2406,1205.1008,0.12352942,1.0,81266576.000000
0,654.0,1110.0,0.03529412,1.0,81713968.000000
2,654.0,1110.0,0.10588236,1.0,81714000.000000
2,654.0,1110.0,0.10588236,1.0,81714032.000000
2,654.0,1110.0,0.12352942,1.0,81714048.000000
2,654.0,1110.0,0.12352942,1.0,81714080.000000
2,654.0,1110.0,0.12352942,1.0,81714120.000000
2,651.70465,1110.0,0.10588236,1.0,81714304.000000
2,647.7774,1110.0,0.10588236,1.0,81714320.000000
2,644.76733,1110.0,0.10588236,1.0,81714336.000000
2,641.68835,1110.0,0.10588236,1.0,81714344.000000
2,639.60016,1110.0,0.10588236,1.0,81714368.000000
2,637.75165,1110.0,0.10588236,1.0,81714384.000000
2,634.66675,1110.0,0.12352942,1.0,81714416.000000
2,633.122,1110.0,0.12352942,1.0,81714440.000000
2,631.5842,1110.0,0.12352942,1.0,81714448.000000
2,630.039,1110.0,0.12352942,1.0,81714464.000000
2,628.5,1110.0,0.12352942,1.0,81714480.000000
2,626.95416,1110.0,0.12352942,1.0,81714496.000000
2,625.41376,1110.0,0.12352942,1.0,81714520.000000
2,623.8692,1110.0,0.12352942,1.0,81714528.000000
2,622.33,1110.0,0.12352942,1.0,81714544.000000
2,620.79047,1110.0,0.12352942,1.0,81714568.000000
2,619.2481,1110.0,0.12352942,1.0,81714576.000000
2,617.7012,1110.0,0.12352942,1.0,81714608.000000
2,616.161,1110.0,0.12352942,1.0,81714624.000000
2,614.6325,1110.0,0.12352942,1.0,81714624.000000
2,615.0,1113.0408,0.10588236,1.0,81714688.000000
1,615.0,1113.0408,0.10588236,1.0,81714712.000000
0,659.0,754.0,0.05294118,1.0,81773024.000000
2,659.0,754.0,0.14117648,1.0,81773056.000000
2,659.0,754.0,0.14117648,1.0,81773072.000000
2,659.0,754.0,0.14117648,1.0,81773096.000000
2,659.0,754.0,0.12352942,1.0,81773104.000000
1,659.0,754.0,0.12352942,1.0,81773120.000000
0,705.0,889.0,0.0882353,1.0,81787584.000000
2,705.0,889.0,0.0882353,1.0,81787616.000000
2,705.0,889.0,0.0882353,1.0,81787632.000000
2,705.0,889.0,0.10588236,1.0,81787648.000000
2,705.0,886.255,0.10588236,1.0,81787672.000000
2,707.9025,875.8412,0.10588236,1.0,81787688.000000
2,716.0031,850.99164,0.12352942,1.0,81787696.000000
2,728.0,819.5,0.14117648,1.0,81787720.000000
2,748.0743,775.85144,0.12352942,1.0,81787736.000000
2,765.67645,743.84564,0.10588236,1.0,81787752.000000
2,778.2492,724.0369,0.07058824,1.0,81787768.000000
2,786.36676,712.90546,0.07058824,1.0,81787792.000000
2,793.17773,704.52783,0.03529412,1.0,81787800.000000
1,793.17773,704.52783,0.03529412,1.0,81787808.000000
0,774.0,1012.0,0.05294118,1.0,81801360.000000
2,774.0,1012.0,0.0882353,1.0,81801400.000000
2,774.0,1012.0,0.10588236,1.0,81801408.000000
2,774.0,1012.0,0.10588236,1.0,81801456.000000
1,774.0,1012.0,0.10588236,1.0,81801472.000000
0,87.0,794.0,0.10588236,1.0,81950184.000000
2,87.0,794.0,0.10588236,1.0,81950208.000000
2,87.0,794.0,0.10588236,1.0,81950224.000000
2,87.0,794.0,0.10588236,1.0,81950264.000000
2,87.0,794.0,0.10588236,1.0,81950288.000000
2,83.95415,794.0,0.10588236,1.0,81950416.000000
2,80.522934,794.0,0.10588236,1.0,81950432.000000
2,77.1771,794.0,0.12352942,1.0,81950472.000000
2,74.094406,794.0,0.12352942,1.0,81950520.000000
2,70.999115,794.0,0.12352942,1.0,81950544.000000
2,67.92586,794.0,0.12352942,1.0,81950576.000000
2,66.43185,794.0,0.12352942,1.0,81950592.000000
2,64.83567,794.0,0.12352942,1.0,81950608.000000
2,63.29413,794.0,0.12352942,1.0,81950624.000000
2,61.749496,794.0,0.12352942,1.0,81950640.000000
2,59.576176,794.0,0.12352942,1.0,81950688.000000
2,58.831917,794.0,0.12352942,1.0,81950728.000000
2,57.814346,794.0,0.12352942,1.0,81950776.000000
2,56.944595,794.0,0.12352942,1.0,81950808.000000
2,55.898983,794.0,0.12352942,1.0,81950848.000000
2,56.0,794.0,0.12352942,1.0,81950872.000000
2,56.0,794.0,0.12352942,1.0,81950896.000000
2,56.0,794.0,0.12352942,1.0,81950904.000000
2,56.0,794.0,0.12352942,1.0,81950928.000000
2,55.438953,794.0,0.12352942,1.0,81950944.000000
2,54.5,794.0,0.12352942,1.0,81950968.000000
2,53.87617,794.0,0.12352942,1.0,81951032.000000
2,54.0,794.0,0.12352942,1.0,81951168.000000
2,54.0,794.0,0.12352942,1.0,81951192.000000
2,54.0,794.0,0.12352942,1.0,81951272.000000
2,53.0,794.0,0.12352942,1.0,81951376.000000
2,53.0,794.0,0.12352942,1.0,81951392.000000
2,53.0,794.0,0.12352942,1.0,81951408.000000
2,53.0,794.0,0.12352942,1.0,81951472.000000
2,53.0,794.0,0.12352942,1.0,81951504.000000
2,53.0,794.0,0.12352942,1.0,81951552.000000
2,53.0,794.0,0.10588236,1.0,81951576.000000
2,53.0,794.0,0.10588236,1.0,81951624.000000
2,51.657677,794.0,0.0882353,1.0,81951648.000000
2,50.104885,794.0,0.10588236,1.0,81951664.000000
2,48.57175,794.0,0.0882353,1.0,81951680.000000
2,47.030533,794.0,0.0882353,1.0,81951696.000000
2,47.0,794.5147,0.0882353,1.0,81951728.000000
2,47.0,800.8117,0.07058824,1.0,81951744.000000
2,47.0,804.28986,0.07058824,1.0,81951760.000000
2,47.0,807.0,0.07058824,1.0,81951776.000000
2,47.0,807.12115,0.07058824,1.0,81951784.000000
1,47.0,807.12115,0.07058824,1.0,81951840.000000
0,719.0,893.0,0.03529412,1.0,82110936.000000
2,719.0,893.0,0.12352942,1.0,82110960.000000
2,719.0,893.0,0.12352942,1.0,82110976.000000
2,724.33527,901.00287,0.12352942,1.0,82111000.000000
2,731.3529,913.96466,0.12352942,1.0,82111008.000000
2,738.64026,927.6906,0.12352942,1.0,82111032.000000
2,744.8088,942.522,0.12352942,1.0,82111064.000000
2,758.1836,982.5967,0.10588236,1.0,82111080.000000
2,761.5891,999.30194,0.10588236,1.0,82111096.000000
2,763.1304,1009.78235,0.0882353,1.0,82111112.000000
1,763.1304,1009.78235,0.0882353,1.0,82111128.000000
0,784.0,959.0,0.05294118,1.0,82111584.000000
2,784.0,959.0,0.10588236,1.0,82111608.000000
2,784.0,959.0,0.10588236,1.0,82111632.000000
2,784.0,959.0,0.14117648,1.0,82111640.000000
2,791.9684,958.0,0.14117648,1.0,82111656.000000
2,803.67865,958.0,0.14117648,1.0,82111680.000000
2,822.608,958.0,0.14117648,1.0,82111688.000000
2,843.78796,956.58655,0.12352942,1.0,82111712.000000
2,859.56964,955.0391,0.14117648,1.0,82111728.000000
2,876.56744,951.98773,0.14117648,1.0,82111736.000000
2,891.52026,947.8266,0.10588236,1.0,82111760.000000
2,902.2314,944.1865,0.10588236,1.0,82111776.000000
2,910.87897,940.64844,0.05294118,1.0,82111784.000000
1,910.87897,940.64844,0.05294118,1.0,82111800.000000
0,855.0,751.0,0.05294118,1.0,82112384.000000
2,855.0,751.0,0.12352942,1.0,82112416.000000
2,855.0,751.0,0.12352942,1.0,82112440.000000
2,855.0,751.0,0.10588236,1.0,82112456.000000
2,855.0,751.0,0.07058824,1.0,82112464.000000
1,855.0,751.0,0.07058824,1.0,82112480.000000
0,716.0,966.0,0.05294118,1.0,82116064.000000
2,716.0,966.0,0.14117648,1.0,82116088.000000
2,718.06445,963.93555,0.14117648,1.0,82116104.000000
2,727.60095,956.85645,0.14117648,1.0,82116112.000000
2,742.94135,943.8299,0.14117648,1.0,82116136.000000
2,758.11237,928.88763,0.15882353,1.0,82116144.000000
2,777.1972,907.08014,0.15882353,1.0,82116160.000000
2,797.21405,885.78595,0.14117648,1.0,82116184.000000
2,816.2946,865.76416,0.15882353,1.0,82116200.000000
2,833.33417,845.696,0.15882353,1.0,82116216.000000
2,849.3465,827.6189,0.14117648,1.0,82116232.000000
2,863.72754,812.27246,0.14117648,1.0,82116248.000000
2,879.1666,797.9501,0.15882353,1.0,82116272.000000
2,892.637,786.363,0.12352942,1.0,82116288.000000
2,901.0,776.5,0.12352942,1.0,82116304.000000
2,902.04004,774.94666,0.0882353,1.0,82116320.000000
1,902.04004,774.94666,0.0882353,1.0,82116336.000000
0,648.0,866.0,0.07058824,1.0,82116624.000000
2,648.0,866.0,0.12352942,1.0,82116648.000000
2,648.0,866.0,0.12352942,1.0,82116664.000000
2,648.0,866.0,0.14117648,1.0,82116672.000000
2,648.0,866.0,0.12352942,1.0,82116688.000000
2,648.0,866.0,0.10588236,1.0,82116712.000000
2,648.0,866.0,0.10588236,1.0,82116728.000000
1,648.0,866.0,0.10588236,1.0,82116736.000000
0,209.0,409.0,0.07058824,1.0,79171888.000000
2,209.0,409.0,0.14117648,1.0,79171920.000000
2,209.0,409.0,0.14117648,1.0,79171952.000000
2,209.0,409.0,0.12352942,1.0,79171968.000000
1,209.0,409.0,0.12352942,1.0,79171976.000000
0,373.0,27.0,0.07058824,1.0,46083444.000000
2,373.0,34.522186,0.0882353,1.0,46083492.000000
2,373.77643,44.43497,0.0882353,1.0,46083512.000000
2,375.30673,60.37394,0.10588236,1.0,46083520.000000
2,380.50568,103.38632,0.10588236,1.0,46083540.000000
2,385.13168,161.71185,0.12352942,1.0,46083552.000000
2,390.61896,234.85593,0.10588236,1.0,46083572.000000
2,395.31128,319.04034,0.10588236,1.0,46083592.000000
2,401.89008,409.35095,0.10588236,1.0,46083612.000000
2,409.5,499.5,0.12352942,1.0,46083624.000000
2,413.0,558.5,0.10588236,1.0,46083640.000000
1,413.0,558.5,0.10588236,1.0,46083776.000000
0,313.0,693.0,0.10588236,1.0,46526360.000000
2,313.0,693.0,0.14117648,1.0,46526376.000000
2,318.99838,697.7987,0.14117648,1.0,46526396.000000
2,328.66458,707.5975,0.14117648,1.0,46526404.000000
2,336.36087,718.3052,0.14117648,1.0,46526424.000000
2,343.0359,729.0628,0.14117648,1.0,46526440.000000
2,348.6325,741.35333,0.14117648,1.0,46526456.000000
2,352.171,753.68396,0.14117648,1.0,46526472.000000
2,354.62048,765.964,0.14117648,1.0,46526496.000000
2,357.7099,790.6791,0.14117648,1.0,46526528.000000
2,358.0,801.68,0.14117648,1.0,46526544.000000
2,358.0,811.66394,0.14117648,1.0,46526564.000000
2,358.30927,820.5464,0.14117648,1.0,46526588.000000
2,359.38852,833.1655,0.14117648,1.0,46526616.000000
2,360.0,837.7959,0.14117648,1.0,46526624.000000
2,360.0,842.40845,0.14117648,1.0,46526644.000000
2,367.0,864.1963,0.15882353,1.0,46526768.000000
2,367.7767,866.5534,0.15882353,1.0,46526776.000000
2,368.0,869.6263,0.15882353,1.0,46526800.000000
2,368.0,872.7016,0.15882353,1.0,46526816.000000
2,368.0,875.77716,0.15882353,1.0,46526836.000000
2,368.9221,878.8442,0.14117648,1.0,46526856.000000
2,372.54364,890.631,0.14117648,1.0,46526900.000000
2,374.0739,895.22174,0.14117648,1.0,46526908.000000
2,375.61285,899.83856,0.14117648,1.0,46526928.000000
2,376.0,905.5881,0.12352942,1.0,46526948.000000
2,376.0,911.72253,0.14117648,1.0,46526968.000000
2,376.2315,918.1576,0.14117648,1.0,46526976.000000
2,377.0,925.841,0.14117648,1.0,46527000.000000
2,377.0,932.46564,0.14117648,1.0,46527020.000000
2,377.0,939.32355,0.14117648,1.0,46527040.000000
2,379.0,973.0404,0.12352942,1.0,46527104.000000
2,379.0,985.22363,0.14117648,1.0,46527136.000000
2,379.0,989.832,0.14117648,1.0,46527148.000000
2,379.0,993.2867,0.14117648,1.0,46527172.000000
2,379.0,999.45245,0.14117648,1.0,46527196.000000
2,379.0,1000.7625,0.14117648,1.0,46527220.000000
2,379.0,1003.8459,0.14117648,1.0,46527252.000000
2,379.0,1006.3692,0.14117648,1.0,46527352.000000
2,379.0,1006.0,0.14117648,1.0,46527464.000000
2,379.0,1006.0,0.14117648,1.0,46527476.000000
2,380.1854,1006.0,0.14117648,1.0,46527524.000000
2,381.26538,1006.0,0.14117648,1.0,46527536.000000
2,383.07132,1006.0,0.14117648,1.0,46527556.000000
2,384.5999,1006.0,0.14117648,1.0,46527576.000000
2,386.14252,1004.8575,0.14117648,1.0,46527592.000000
2,389.0,995.334,0.12352942,1.0,46527680.000000
2,389.0,992.0,0.14117648,1.0,46527700.000000
2,389.0,990.1354,0.14117648,1.0,46527720.000000
2,388.54495,987.0899,0.14117648,1.0,46527748.000000
2,385.4671,981.9342,0.14117648,1.0,46527772.000000
2,382.38934,977.38934,0.14117648,1.0,46527788.000000
2,380.3178,973.6356,0.14117648,1.0,46527832.000000
2,379.0,971.7741,0.14117648,1.0,46527844.000000
2,378.23676,969.4735,0.14117648,1.0,46527864.000000
2,378.0,967.7618,0.14117648,1.0,46527880.000000
2,378.0,966.1605,0.14117648,1.0,46527896.000000
2,377.0,964.621,0.14117648,1.0,46527916.000000
2,377.0,963.0866,0.14117648,1.0,46527932.000000
2,377.0,961.55035,0.14117648,1.0,46527952.000000
2,377.0,960.01636,0.14117648,1.0,46527968.000000
2,377.0,958.47394,0.14117648,1.0,46527980.000000
2,377.0,955.3952,0.14117648,1.0,46528004.000000
2,377.0,953.8546,0.14117648,1.0,46528020.000000
2,377.0,952.3178,0.14117648,1.0,46528036.000000
2,375.78198,950.782,0.14117648,1.0,46528056.000000
2,376.0,949.24664,0.15882353,1.0,46528072.000000
2,376.0,947.7086,0.15882353,1.0,46528092.000000
2,376.0,946.1713,0.15882353,1.0,46528108.000000
2,376.0,944.63226,0.15882353,1.0,46528120.000000
2,376.0,943.08734,0.15882353,1.0,46528136.000000
2,376.0,941.55316,0.15882353,1.0,46528164.000000
2,376.0,937.9669,0.15882353,1.0,46528216.000000
2,376.0,935.8599,0.15882353,1.0,46528240.000000
2,376.0,934.3254,0.15882353,1.0,46528260.000000
2,376.0,933.3938,0.15882353,1.0,46528284.000000
2,376.0,933.0,0.15882353,1.0,46528296.000000
2,376.0,931.7114,0.15882353,1.0,46528312.000000
2,376.0,931.0,0.15882353,1.0,46528368.000000
2,376.0,929.5,0.15882353,1.0,46528392.000000
2,376.0,928.4812,0.15882353,1.0,46528408.000000
2,376.0,927.5,0.15882353,1.0,46528416.000000
2,376.0,926.7017,0.15882353,1.0,46528440.000000
2,376.0,925.93335,0.15882353,1.0,46528456.000000
2,376.0,925.0,0.14117648,1.0,46528488.000000
2,376.0,924.0,0.15882353,1.0,46528504.000000
2,376.0,924.0,0.15882353,1.0,46528516.000000
2,376.0,922.0,0.14117648,1.0,46528564.000000
2,376.0,921.0956,0.15882353,1.0,46528576.000000
2,376.0,920.0,0.12352942,1.0,46528600.000000
2,376.0,919.0193,0.14117648,1.0,46528632.000000
2,376.0,918.0,0.14117648,1.0,46528644.000000
2,376.0,918.0,0.14117648,1.0,46528656.000000
2,376.0,918.0,0.14117648,1.0,46528664.000000
2,376.0,916.9311,0.14117648,1.0,46528704.000000
2,376.0,917.0,0.14117648,1.0,46528784.000000
2,376.0,917.0,0.15882353,1.0,46528800.000000
2,376.0,917.0,0.14117648,1.0,46528820.000000
2,376.0,917.0,0.15882353,1.0,46528848.000000
2,376.0,915.92694,0.15882353,1.0,46528984.000000
2,376.0,914.62976,0.15882353,1.0,46529020.000000
2,376.0,914.0,0.15882353,1.0,46529060.000000
2,376.0,914.0,0.15882353,1.0,46529064.000000
2,376.0,911.79047,0.15882353,1.0,46529136.000000
2,376.0,912.0,0.15882353,1.0,46529160.000000
2,376.0,911.0,0.15882353,1.0,46529180.000000
2,376.0,910.59155,0.15882353,1.0,46529204.000000
2,376.0,907.56854,0.15882353,1.0,46529236.000000
2,376.0,906.4883,0.15882353,1.0,46529280.000000
2,376.0,902.9013,0.15882353,1.0,46529324.000000
2,376.0,901.331,0.15882353,1.0,46529340.000000
2,376.0,900.39667,0.15882353,1.0,46529360.000000
2,376.0,900.0,0.15882353,1.0,46529364.000000
2,376.0,900.0,0.15882353,1.0,46529376.000000
2,376.0,898.18024,0.15882353,1.0,46529400.000000
2,376.0,897.5,0.15882353,1.0,46529416.000000
2,376.0,897.0,0.15882353,1.0,46529472.000000
2,376.0,895.5,0.15882353,1.0,46529512.000000
2,376.0,895.872,0.14117648,1.0,46529536.000000
2,376.0,894.5,0.15882353,1.0,46529552.000000
2,376.0,895.0,0.15882353,1.0,46529564.000000
2,376.0,895.0,0.15882353,1.0,46529576.000000
2,376.0,895.0,0.15882353,1.0,46529600.000000
2,376.0,894.0,0.15882353,1.0,46529640.000000
2,376.0,894.0,0.14117648,1.0,46529656.000000
2,375.0,893.56604,0.15882353,1.0,46529664.000000
2,375.0,893.0,0.15882353,1.0,46529680.000000
2,375.0,893.0,0.14117648,1.0,46529700.000000
2,375.0,891.9772,0.14117648,1.0,46529720.000000
2,375.0,890.8809,0.14117648,1.0,46529752.000000
2,375.0,891.0,0.15882353,1.0,46529768.000000
2,375.0,891.0,0.14117648,1.0,46529776.000000
2,375.0,889.6306,0.14117648,1.0,46529800.000000
2,375.0,889.0,0.14117648,1.0,46529828.000000
2,375.0,886.646,0.15882353,1.0,46529860.000000
2,375.0,885.11,0.15882353,1.0,46529868.000000
2,375.0,883.57007,0.15882353,1.0,46529892.000000
2,375.0,882.03345,0.15882353,1.0,46529912.000000
2,375.0,880.4995,0.15882353,1.0,46529932.000000
2,375.0,878.96,0.15882353,1.0,46529944.000000
2,375.0,877.426,0.15882353,1.0,46529960.000000
2,375.0,875.88654,0.15882353,1.0,46529976.000000
2,375.0,874.34314,0.15882353,1.0,46529992.000000
2,375.0,871.6149,0.15882353,1.0,46530008.000000
2,375.0,863.1897,0.1764706,1.0,46530084.000000
2,375.0,861.577,0.1764706,1.0,46530096.000000
2,375.0,860.09955,0.1764706,1.0,46530120.000000
2,375.0,858.49805,0.15882353,1.0,46530132.000000
2,375.0,856.96277,0.15882353,1.0,46530148.000000
2,375.0,855.42926,0.15882353,1.0,46530172.000000
2,375.0,853.8859,0.15882353,1.0,46530188.000000
2,375.0,849.2615,0.15882353,1.0,46530240.000000
2,375.0,847.73395,0.15882353,1.0,46530256.000000
2,375.0,846.1967,0.15882353,1.0,46530276.000000
2,375.0,844.65765,0.15882353,1.0,46530296.000000
2,375.0,843.12103,0.15882353,1.0,46530308.000000
2,375.0,842.2887,0.15882353,1.0,46530324.000000
2,375.0,841.62866,0.15882353,1.0,46530340.000000
2,375.0,840.7515,0.15882353,1.0,46530360.000000
2,375.0,839.8151,0.15882353,1.0,46530420.000000
2,375.0,838.9525,0.15882353,1.0,46530432.000000
2,375.0,838.0,0.15882353,1.0,46530452.000000
2,375.0,837.0,0.15882353,1.0,46530476.000000
2,375.0,836.1956,0.15882353,1.0,46530496.000000
2,375.0,835.33124,0.15882353,1.0,46530508.000000
2,375.0,834.1213,0.15882353,1.0,46530532.000000
2,375.0,832.5,0.15882353,1.0,46530556.000000
2,375.0,831.982,0.15882353,1.0,46530620.000000
2,375.0,830.8074,0.15882353,1.0,46530652.000000
2,375.0,829.9115,0.15882353,1.0,46530684.000000
2,375.0,828.5,0.15882353,1.0,46530708.000000
2,375.0,829.0,0.15882353,1.0,46530724.000000
2,375.0,827.58234,0.15882353,1.0,46530748.000000
2,375.0,821.41315,0.15882353,1.0,46530816.000000
2,375.0,819.88684,0.15882353,1.0,46530832.000000
2,374.0,818.34796,0.15882353,1.0,46530852.000000
2,374.0,816.8074,0.15882353,1.0,46530864.000000
2,374.0,815.2743,0.15882353,1.0,46530888.000000
2,374.0,813.7368,0.15882353,1.0,46530908.000000
2,374.0,812.21924,0.15882353,1.0,46530920.000000
2,374.0,810.65204,0.15882353,1.0,46530940.000000
2,374.0,808.5,0.15882353,1.0,46530968.000000
2,374.0,807.85205,0.15882353,1.0,46531016.000000
2,374.0,808.0,0.15882353,1.0,46531040.000000
2,374.0,808.0,0.15882353,1.0,46531056.000000
2,374.0,808.0,0.15882353,1.0,46531080.000000
2,374.0,808.0,0.15882353,1.0,46531100.000000
2,374.0,808.0,0.15882353,1.0,46531108.000000
2,391.4893,894.9786,0.14117648,1.0,46531392.000000
2,393.30954,898.6191,0.14117648,1.0,46531408.000000
2,394.0,901.9158,0.14117648,1.0,46531424.000000
2,394.49628,904.99255,0.12352942,1.0,46531440.000000
2,395.0,908.06354,0.14117648,1.0,46531464.000000
2,396.0,914.2213,0.14117648,1.0,46531488.000000
2,396.72934,923.4587,0.14117648,1.0,46531544.000000
2,397.80273,929.60547,0.14117648,1.0,46531560.000000
2,398.0,932.6715,0.14117648,1.0,46531580.000000
2,398.0,934.763,0.14117648,1.0,46531600.000000
2,399.0,936.41736,0.14117648,1.0,46531616.000000
2,399.0,938.8996,0.14117648,1.0,46531644.000000
2,400.0,942.0319,0.14117648,1.0,46531668.000000
2,400.0,945.5,0.14117648,1.0,46531720.000000
2,400.0,945.0,0.14117648,1.0,46531780.000000
2,400.0,943.5883,0.14117648,1.0,46531832.000000
2,400.0,941.09534,0.14117648,1.0,46531856.000000
2,396.3427,915.3709,0.14117648,1.0,46531936.000000
2,394.8159,909.26355,0.14117648,1.0,46531944.000000
2,393.27994,903.1198,0.14117648,1.0,46531960.000000
2,391.7417,898.2251,0.14117648,1.0,46531984.000000
2,390.19443,893.58325,0.14117648,1.0,46532000.000000
2,388.66714,889.0014,0.14117648,1.0,46532020.000000
2,387.13187,885.26373,0.14117648,1.0,46532044.000000
2,384.0,872.5,0.14117648,1.0,46532120.000000
2,383.89218,870.89215,0.14117648,1.0,46532136.000000
2,383.0,869.3786,0.14117648,1.0,46532152.000000
2,383.0,867.8163,0.14117648,1.0,46532168.000000
2,382.282,866.282,0.14117648,1.0,46532184.000000
2,382.0,864.7438,0.14117648,1.0,46532204.000000
2,382.0,863.20905,0.14117648,1.0,46532220.000000
2,382.0,861.6662,0.14117648,1.0,46532240.000000
2,382.0,858.5899,0.14117648,1.0,46532272.000000
2,382.0,857.053,0.15882353,1.0,46532280.000000
2,382.0,855.51227,0.14117648,1.0,46532304.000000
2,382.0,853.97687,0.14117648,1.0,46532320.000000
2,382.0,852.4417,0.14117648,1.0,46532336.000000
2,382.0,850.9004,0.14117648,1.0,46532352.000000
2,382.0,849.3647,0.14117648,1.0,46532372.000000
2,381.0,847.82996,0.14117648,1.0,46532384.000000
2,381.0,846.29047,0.14117648,1.0,46532404.000000
2,381.0,844.75305,0.14117648,1.0,46532428.000000
2,381.0,840.13477,0.14117648,1.0,46532468.000000
2,381.0,838.5972,0.14117648,1.0,46532488.000000
2,381.0,837.0641,0.14117648,1.0,46532504.000000
2,381.0,835.52075,0.14117648,1.0,46532528.000000
2,380.0,830.8968,0.14117648,1.0,46532564.000000
2,380.0,829.36566,0.14117648,1.0,46532580.000000
2,378.82672,827.8267,0.14117648,1.0,46532592.000000
2,379.0,826.2868,0.14117648,1.0,46532608.000000
2,379.0,824.74243,0.14117648,1.0,46532632.000000
2,379.0,823.21075,0.14117648,1.0,46532648.000000
2,379.0,821.668,0.14117648,1.0,46532664.000000
2,378.13266,820.1327,0.14117648,1.0,46532680.000000
2,378.0,818.5915,0.14117648,1.0,46532692.000000
2,378.0,817.05884,0.14117648,1.0,46532708.000000
2,378.0,815.5192,0.15882353,1.0,46532724.000000
2,378.0,813.98267,0.15882353,1.0,46532740.000000
2,377.4446,812.4446,0.15882353,1.0,46532764.000000
2,377.0,810.9124,0.15882353,1.0,46532776.000000
2,377.0,806.28687,0.15882353,1.0,46532832.000000
2,377.0,804.7566,0.15882353,1.0,46532840.000000
2,377.0,803.21924,0.15882353,1.0,46532864.000000
2,376.6822,801.6822,0.15882353,1.0,46532880.000000
2,376.0,800.1484,0.15882353,1.0,46532896.000000
2,376.0,798.6058,0.15882353,1.0,46532908.000000
2,376.0,797.0649,0.15882353,1.0,46532924.000000
2,376.0,795.5277,0.15882353,1.0,46532940.000000
2,376.0,793.9882,0.15882353,1.0,46532960.000000
2,376.0,792.45557,0.15882353,1.0,46532984.000000
2,376.0,787.8326,0.1764706,1.0,46533028.000000
2,376.0,786.30176,0.1764706,1.0,46533048.000000
2,376.0,784.76154,0.1764706,1.0,46533064.000000
2,376.0,783.5,0.1764706,1.0,46533072.000000
2,376.0,782.7534,0.1764706,1.0,46533112.000000
2,376.0,781.8068,0.1764706,1.0,46533128.000000
2,376.0,782.0,0.15882353,1.0,46533144.000000
2,376.0,780.76666,0.15882353,1.0,46533160.000000
2,376.0,779.2227,0.15882353,1.0,46533204.000000
2,376.0,778.62976,0.15882353,1.0,46533208.000000
2,376.0,778.0,0.15882353,1.0,46533244.000000
2,376.0,776.5,0.15882353,1.0,46533264.000000
2,376.0,775.22546,0.15882353,1.0,46533300.000000
2,375.0,773.5,0.15882353,1.0,46533336.000000
2,375.0,770.81476,0.15882353,1.0,46533440.000000
2,375.0,770.0,0.15882353,1.0,46533468.000000
2,375.0,770.0,0.15882353,1.0,46533480.000000
2,375.0,770.0,0.15882353,1.0,46533492.000000
2,375.0,769.22327,0.15882353,1.0,46533508.000000
2,375.0,769.0,0.15882353,1.0,46533520.000000
2,375.0,767.63025,0.15882353,1.0,46533576.000000
2,375.0,767.5279,0.15882353,1.0,46533588.000000
2,375.0,767.0,0.15882353,1.0,46533608.000000
2,375.0,765.5,0.15882353,1.0,46533632.000000
2,375.0,764.79285,0.15882353,1.0,46533656.000000
2,375.0,765.0,0.15882353,1.0,46533864.000000
2,375.0,765.0,0.15882353,1.0,46533972.000000
2,375.0,765.0,0.15882353,1.0,46534004.000000
2,375.0,765.0,0.15882353,1.0,46534024.000000
2,375.0,765.0,0.15882353,1.0,46534052.000000
2,375.0,765.0,0.15882353,1.0,46534084.000000
2,375.0,765.0,0.15882353,1.0,46534144.000000
2,375.0,765.0,0.15882353,1.0,46534164.000000
2,375.0,765.0,0.15882353,1.0,46534168.000000
2,375.0,765.0,0.15882353,1.0,46534200.000000
2,375.0,765.0,0.15882353,1.0,46534224.000000
2,375.0,764.5405,0.15882353,1.0,46534240.000000
2,375.0,763.5,0.15882353,1.0,46534264.000000
2,375.0,761.0,0.15882353,1.0,46534348.000000
2,375.0,761.0,0.15882353,1.0,46534364.000000
2,375.0,759.63025,0.15882353,1.0,46534388.000000
2,374.0,758.6147,0.15882353,1.0,46534424.000000
2,374.0,757.2681,0.15882353,1.0,46534464.000000
2,374.0,754.92065,0.15882353,1.0,46534508.000000
2,372.94803,753.94806,0.15882353,1.0,46534536.000000
2,373.0,752.62976,0.15882353,1.0,46534576.000000
2,373.0,752.0,0.15882353,1.0,46534624.000000
2,372.3831,751.0,0.15882353,1.0,46534684.000000
2,372.0,750.99664,0.15882353,1.0,46534688.000000
2,372.0,749.5,0.15882353,1.0,46534708.000000
2,372.0,748.8149,0.15882353,1.0,46534752.000000
2,372.0,747.942,0.15882353,1.0,46534788.000000
2,372.0,746.34674,0.15882353,1.0,46534828.000000
2,372.0,745.63025,0.15882353,1.0,46534868.000000
2,372.0,744.87646,0.15882353,1.0,46534904.000000
2,372.0,741.7534,0.15882353,1.0,46535328.000000
2,372.0,740.9321,0.15882353,1.0,46535384.000000
2,371.0,741.0,0.15882353,1.0,46535432.000000
2,371.0,741.0,0.15882353,1.0,46535452.000000
2,371.0,739.7338,0.15882353,1.0,46535472.000000
2,371.0,740.0,0.15882353,1.0,46535520.000000
2,371.0,739.0,0.15882353,1.0,46535540.000000
2,371.0,739.0,0.15882353,1.0,46535552.000000
2,371.0,739.0,0.15882353,1.0,46535604.000000
2,371.0,739.0,0.15882353,1.0,46535624.000000
2,371.0,739.0,0.15882353,1.0,46535632.000000
2,371.0,739.0,0.15882353,1.0,46535644.000000
2,371.0,738.0,0.15882353,1.0,46535672.000000
2,371.0,738.0,0.15882353,1.0,46535684.000000
2,371.0,738.0,0.15882353,1.0,46535712.000000
2,371.0,738.0,0.15882353,1.0,46535732.000000
2,371.0,738.0,0.15882353,1.0,46535768.000000
2,371.0,738.0,0.15882353,1.0,46535812.000000
2,371.0,738.0,0.15882353,1.0,46535864.000000
2,369.9327,738.0,0.15882353,1.0,46536024.000000
2,370.0,738.0,0.15882353,1.0,46536052.000000
2,370.0,738.0,0.15882353,1.0,46536212.000000
2,370.0,738.0,0.15882353,1.0,46536232.000000
2,370.0,739.67566,0.15882353,1.0,46536292.000000
2,370.0,741.2146,0.15882353,1.0,46536312.000000
2,370.0,750.9258,0.15882353,1.0,46536392.000000
2,370.0,752.44684,0.15882353,1.0,46536416.000000
2,370.0,753.8643,0.15882353,1.0,46536440.000000
2,370.0,757.8024,0.15882353,1.0,46536468.000000
2,370.0,759.139,0.15882353,1.0,46536488.000000
2,370.0,760.14777,0.15882353,1.0,46536564.000000
2,370.0,760.0,0.15882353,1.0,46536644.000000
2,370.0,760.0,0.15882353,1.0,46536668.000000
2,370.0,760.0,0.15882353,1.0,46536692.000000
2,370.0,760.0,0.15882353,1.0,46536744.000000
2,370.0,760.0,0.15882353,1.0,46536792.000000
2,370.0,760.0,0.15882353,1.0,46536832.000000
2,370.0,758.0108,0.15882353,1.0,46536852.000000
2,370.0,756.4729,0.15882353,1.0,46536876.000000
2,370.0,750.3082,0.15882353,1.0,46536948.000000
2,370.0,748.7842,0.15882353,1.0,46536960.000000
2,370.0,747.27716,0.15882353,1.0,46536976.000000
2,370.0,745.7057,0.15882353,1.0,46536992.000000
2,370.0,744.5,0.15882353,1.0,46537008.000000
2,370.0,743.8133,0.15882353,1.0,46537024.000000
2,370.0,741.5504,0.15882353,1.0,46537048.000000
2,370.0,740.63025,0.15882353,1.0,46537120.000000
2,370.0,741.0,0.15882353,1.0,46537132.000000
2,370.0,741.0,0.15882353,1.0,46537192.000000
2,370.0,739.63025,0.15882353,1.0,46537216.000000
2,368.99017,740.0,0.15882353,1.0,46537352.000000
2,367.3253,740.0,0.15882353,1.0,46537364.000000
2,365.78763,740.0,0.14117648,1.0,46537376.000000
1,365.78763,740.0,0.14117648,1.0,46537388.000000
0,240.0,758.0,0.07058824,1.0,46593260.000000
2,240.0,758.0,0.12352942,1.0,46593284.000000
2,234.64516,756.80646,0.12352942,1.0,46593320.000000
2,221.72746,755.27277,0.14117648,1.0,46593328.000000
2,208.6669,752.41675,0.0882353,1.0,46593340.000000
1,208.6669,752.41675,0.0882353,1.0,46593348.000000
0,465.0,902.0,0.07058824,1.0,46626572.000000
2,465.0,902.0,0.12352942,1.0,46626600.000000
2,465.0,902.0,0.12352942,1.0,46626620.000000
2,460.88156,899.9408,0.0882353,1.0,46626652.000000
1,460.88156,899.9408,0.0882353,1.0,46626660.000000
0,817.0,949.0,0.07058824,1.0,46793836.000000
2,817.0,946.34686,0.12352942,1.0,46793872.000000
2,822.87976,933.06323,0.10588236,1.0,46793896.000000
2,837.54016,912.5852,0.10588236,1.0,46793900.000000
2,857.0269,885.45966,0.14117648,1.0,46793928.000000
2,876.445,855.2954,0.12352942,1.0,46793944.000000
2,895.5346,830.14703,0.12352942,1.0,46793956.000000
2,914.4295,802.8557,0.10588236,1.0,46793972.000000
2,929.90295,781.1294,0.12352942,1.0,46793992.000000
2,944.9879,763.8133,0.12352942,1.0,46794004.000000
2,960.6843,745.83026,0.10588236,1.0,46794024.000000
2,974.5791,728.8477,0.10588236,1.0,46794036.000000
1,974.5791,728.8477,0.10588236,1.0,46794040.000000
0,109.0,526.0,0.10588236,1.0,46962720.000000
2,109.0,526.0,0.10588236,1.0,46962736.000000
2,109.0,526.0,0.10588236,1.0,46962760.000000
2,109.0,526.0,0.0882353,1.0,46962784.000000
2,109.0,526.0,0.03529412,1.0,46962796.000000
1,109.0,526.0,0.03529412,1.0,46962800.000000
0,257.0,627.0,0.03529412,1.0,47016612.000000
2,257.0,627.0,0.10588236,1.0,47016652.000000
2,257.0,627.0,0.14117648,1.0,47016664.000000
2,257.0,627.0,0.14117648,1.0,47016688.000000
2,257.0,627.0,0.14117648,1.0,47016732.000000
2,255.51128,626.5038,0.14117648,1.0,47016752.000000
2,249.79173,623.8959,0.10588236,1.0,47016768.000000
1,249.79173,623.8959,0.10588236,1.0,47016776.000000
0,247.0,1035.0,0.07058824,1.0,47181328.000000
2,247.0,1035.0,0.12352942,1.0,47181344.000000
2,246.38261,1033.1478,0.12352942,1.0,47181364.000000
2,244.84091,1026.2046,0.12352942,1.0,47181372.000000
2,238.47049,1015.3528,0.12352942,1.0,47181392.000000
2,225.77733,1000.5304,0.10588236,1.0,47181404.000000
1,225.77733,1000.5304,0.10588236,1.0,47181412.000000
0,706.0,1012.0,0.03529412,1.0,47189124.000000
2,706.0,1012.0,0.10588236,1.0,47189136.000000
2,706.0,1012.0,0.14117648,1.0,47189152.000000
2,698.51196,1029.2201,0.14117648,1.0,47189172.000000
2,689.3874,1048.2573,0.14117648,1.0,47189192.000000
2,677.7755,1081.7014,0.14117648,1.0,47189208.000000
2,669.0,1109.5,0.14117648,1.0,47189224.000000
2,659.06525,1143.4275,0.14117648,1.0,47189240.000000
2,655.185,1169.6799,0.14117648,1.0,47189260.000000
2,651.014,1190.9302,0.14117648,1.0,47189276.000000
2,642.0174,1234.9247,0.15882353,1.0,47189320.000000
2,636.1756,1255.4147,0.15882353,1.0,47189332.000000
2,632.2469,1266.2593,0.14117648,1.0,47189352.000000
2,629.15466,1273.6907,0.14117648,1.0,47189368.000000
2,626.5865,1277.827,0.14117648,1.0,47189384.000000
2,625.2057,1279.7943,0.14117648,1.0,47189400.000000
2,623.51855,1280.0,0.14117648,1.0,47189412.000000
2,621.88586,1280.0,0.12352942,1.0,47189420.000000
2,620.367,1280.0,0.10588236,1.0,47189432.000000
2,616.3165,1280.0,0.07058824,1.0,47189456.000000
1,616.3165,1280.0,0.07058824,1.0,47189472.000000
0,523.0,1785.0,0.03529412,1.0,41968148.000000
2,523.0,1785.0,0.12352942,1.0,41968168.000000
2,523.0,1785.0,0.12352942,1.0,41968188.000000
2,523.0,1785.0,0.14117648,1.0,41968208.000000
2,523.0,1785.0,0.14117648,1.0,41968216.000000
2,523.0,1785.0,0.14117648,1.0,41968236.000000
2,523.0,1785.0,0.14117648,1.0,41968252.000000
2,523.0,1785.0,0.14117648,1.0,41968288.000000
2,523.0,1785.0,0.14117648,1.0,41968308.000000
2,523.0,1785.0,0.0882353,1.0,41968316.000000
1,523.0,1785.0,0.0882353,1.0,41968328.000000
0,833.0,852.0,0.05294118,1.0,41969464.000000
2,802.1753,907.56177,0.12352942,1.0,41969512.000000
2,793.64325,926.71344,0.12352942,1.0,41969532.000000
2,771.6943,1006.1401,0.14117648,1.0,41969608.000000
2,770.0,1018.27563,0.14117648,1.0,41969632.000000
2,769.4277,1030.0063,0.14117648,1.0,41969648.000000
2,767.88336,1040.9332,0.12352942,1.0,41969656.000000
2,766.2755,1053.0715,0.12352942,1.0,41969676.000000
2,764.80457,1062.1726,0.14117648,1.0,41969692.000000
2,763.2813,1070.5935,0.14117648,1.0,41969712.000000
2,761.7057,1077.1772,0.14117648,1.0,41969728.000000
2,758.8943,1087.3171,0.14117648,1.0,41969760.000000
2,757.1046,1092.6862,0.14117648,1.0,41969772.000000
2,754.56165,1097.7533,0.14117648,1.0,41969792.000000
2,751.78253,1103.3263,0.12352942,1.0,41969808.000000
2,748.9736,1107.5396,0.12352942,1.0,41969824.000000
2,747.08356,1111.7494,0.12352942,1.0,41969844.000000
2,745.6242,1116.1274,0.12352942,1.0,41969860.000000
2,744.0885,1119.823,0.12352942,1.0,41969876.000000
2,740.7873,1126.4254,0.12352942,1.0,41969904.000000
2,739.20917,1129.5817,0.12352942,1.0,41969920.000000
2,737.9174,1132.1652,0.12352942,1.0,41969932.000000
2,737.0,1135.7245,0.12352942,1.0,41969952.000000
2,736.7755,1139.6733,0.14117648,1.0,41969976.000000
2,736.0,1143.9673,0.14117648,1.0,41969992.000000
2,736.0,1148.5172,0.14117648,1.0,41970000.000000
2,736.0,1154.64,0.14117648,1.0,41970012.000000
2,734.63086,1163.2148,0.14117648,1.0,41970036.000000
2,731.81244,1184.1254,0.12352942,1.0,41970052.000000
2,727.17505,1202.0831,0.12352942,1.0,41970072.000000
2,723.6969,1216.3639,0.14117648,1.0,41970084.000000
2,721.2094,1224.3718,0.14117648,1.0,41970100.000000
2,717.83594,1233.4102,0.12352942,1.0,41970112.000000
2,715.3149,1240.7405,0.12352942,1.0,41970136.000000
2,713.63666,1246.0901,0.12352942,1.0,41970152.000000
2,712.1469,1248.7062,0.12352942,1.0,41970172.000000
2,711.0,1251.3718,0.12352942,1.0,41970192.000000
2,711.0,1252.8108,0.12352942,1.0,41970200.000000
2,711.0,1254.332,0.12352942,1.0,41970224.000000
2,711.0,1255.7806,0.12352942,1.0,41970244.000000
2,710.5347,1257.4653,0.12352942,1.0,41970256.000000
2,710.0,1258.0,0.12352942,1.0,41970272.000000
2,710.0,1258.0,0.12352942,1.0,41970292.000000
2,710.0,1259.0653,0.12352942,1.0,41970332.000000
2,710.0,1260.1877,0.12352942,1.0,41970380.000000
2,710.0,1260.4084,0.12352942,1.0,41970396.000000
2,710.0,1261.5,0.12352942,1.0,41970412.000000
2,710.0,1261.0,0.12352942,1.0,41970448.000000
2,710.0,1261.0,0.12352942,1.0,41970488.000000
2,710.0,1261.0,0.12352942,1.0,41970576.000000
2,709.4777,1261.0,0.10588236,1.0,41970648.000000
2,707.9287,1261.0,0.10588236,1.0,41970664.000000
1,707.9287,1261.0,0.10588236,1.0,41970688.000000
0,203.0,993.0,0.03529412,1.0,42256784.000000
2,203.0,993.0,0.12352942,1.0,42256796.000000
2,203.0,993.0,0.12352942,1.0,42256804.000000
2,203.0,993.0,0.12352942,1.0,42256844.000000
2,203.0,993.0,0.12352942,1.0,42256852.000000
1,203.0,993.0,0.12352942,1.0,42256864.000000
0,474.0,1009.0,0.07058824,1.0,42290584.000000
2,474.0,1009.0,0.14117648,1.0,42290600.000000
2,474.0,1009.0,0.14117648,1.0,42290616.000000
2,474.0,1009.0,0.14117648,1.0,42290640.000000
2,474.0,1009.0,0.10588236,1.0,42290648.000000
1,474.0,1009.0,0.10588236,1.0,42290656.000000
0,217.0,820.0,0.07058824,1.0,42392328.000000
2,217.0,820.0,0.14117648,1.0,42392356.000000
2,217.0,820.0,0.14117648,1.0,42392376.000000
2,217.0,820.0,0.14117648,1.0,42392392.000000
2,212.565,816.67377,0.12352942,1.0,42392424.000000
1,212.565,816.67377,0.12352942,1.0,42392436.000000
0,896.0,419.0,0.07058824,1.0,42733480.000000
2,896.0,419.0,0.12352942,1.0,42733504.000000
2,896.0,419.0,0.12352942,1.0,42733544.000000
2,899.1199,417.96005,0.10588236,1.0,42733552.000000
1,899.1199,417.96005,0.10588236,1.0,42733568.000000
0,169.0,613.0,0.10588236,1.0,42823368.000000
2,169.0,613.0,0.0882353,1.0,42823380.000000
2,169.0,613.0,0.10588236,1.0,42823408.000000
2,174.23022,618.2302,0.10588236,1.0,42823444.000000
2,180.66283,625.66284,0.10588236,1.0,42823472.000000
2,183.72105,628.36053,0.10588236,1.0,42823484.000000
2,186.8197,629.90985,0.10588236,1.0,42823500.000000
2,188.45372,631.45374,0.10588236,1.0,42823512.000000
2,189.99194,632.99194,0.10588236,1.0,42823544.000000
2,194.08278,636.0,0.0882353,1.0,42823576.000000
2,195.61633,636.0,0.0882353,1.0,42823592.000000
2,197.15913,636.0,0.0882353,1.0,42823608.000000
2,198.5,636.0,0.0882353,1.0,42823624.000000
2,199.1854,636.0,0.0882353,1.0,42823656.000000
2,200.5699,636.0,0.0882353,1.0,42823764.000000
2,201.5,636.0,0.0882353,1.0,42823780.000000
1,201.5,636.0,0.0882353,1.0,42823796.000000
0,175.0,1045.0,0.07058824,1.0,41630944.000000
2,175.0,1045.0,0.10588236,1.0,41630976.000000
2,175.0,1045.0,0.10588236,1.0,41631016.000000
2,175.0,1045.0,0.10588236,1.0,41631024.000000
1,175.0,1045.0,0.10588236,1.0,41631080.000000
0,747.0,1019.0,0.05294118,1.0,41692296.000000
2,744.70337,1019.76556,0.14117648,1.0,41692332.000000
2,740.07806,1022.6146,0.14117648,1.0,41692344.000000
2,732.80975,1031.0283,0.14117648,1.0,41692364.000000
2,723.82135,1043.268,0.15882353,1.0,41692380.000000
2,713.51215,1060.1221,0.1764706,1.0,41692396.000000
2,699.8004,1085.9326,0.15882353,1.0,41692412.000000
2,685.00775,1111.4865,0.14117648,1.0,41692432.000000
2,674.4238,1128.1218,0.14117648,1.0,41692448.000000
2,642.3056,1194.9097,0.15882353,1.0,41692500.000000
2,636.1946,1211.0134,0.15882353,1.0,41692520.000000
2,631.0065,1226.4838,0.14117648,1.0,41692540.000000
2,624.8478,1241.0925,0.14117648,1.0,41692552.000000
2,619.993,1253.6853,0.12352942,1.0,41692576.000000
2,615.38104,1265.1108,0.12352942,1.0,41692592.000000
2,601.50037,1289.4994,0.14117648,1.0,41692644.000000
2,596.89685,1297.1719,0.14117648,1.0,41692660.000000
2,592.85455,1304.8636,0.14117648,1.0,41692688.000000
2,586.6902,1318.6196,0.12352942,1.0,41692712.000000
2,584.81305,1324.5609,0.12352942,1.0,41692728.000000
2,581.73035,1333.809,0.14117648,1.0,41692752.000000
2,580.1887,1338.4337,0.14117648,1.0,41692776.000000
2,578.6576,1342.6848,0.14117648,1.0,41692784.000000
2,577.1125,1345.775,0.14117648,1.0,41692808.000000
2,575.5701,1347.4299,0.14117648,1.0,41692824.000000
2,575.0,1348.9722,0.14117648,1.0,41692840.000000
2,575.0,1349.0,0.14117648,1.0,41692852.000000
2,575.0,1347.4119,0.14117648,1.0,41692880.000000
2,604.15704,1272.994,0.12352942,1.0,41692972.000000
2,624.53766,1232.9247,0.14117648,1.0,41693000.000000
2,638.1252,1208.4872,0.15882353,1.0,41693016.000000
2,656.49756,1180.7537,0.14117648,1.0,41693028.000000
2,680.9655,1146.0505,0.14117648,1.0,41693048.000000
2,703.9961,1116.9377,0.14117648,1.0,41693080.000000
2,757.34247,1060.8918,0.12352942,1.0,41693096.000000
2,784.7288,1038.9132,0.12352942,1.0,41693116.000000
2,810.1325,1017.8675,0.10588236,1.0,41693152.000000
1,817.8514,1010.1486,0.10588236,1.0,41693172.000000
0,720.0,1088.0,0.07058824,1.0,41699240.000000
2,720.81354,1080.6781,0.14117648,1.0,41699248.000000
2,730.4232,1057.4612,0.14117648,1.0,41699264.000000
2,757.1954,1017.7069,0.14117648,1.0,41699280.000000
2,787.46063,972.309,0.15882353,1.0,41699296.000000
2,825.1974,928.9698,0.14117648,1.0,41699312.000000
2,877.5581,875.9272,0.14117648,1.0,41699328.000000
2,929.23486,817.3326,0.12352942,1.0,41699344.000000
1,929.23486,817.3326,0.12352942,1.0,41699360.000000
0,767.0,1584.0,0.10588236,1.0,42787628.000000
2,807.15546,1410.5336,0.14117648,1.0,42787680.000000
2,868.8234,1278.4094,0.14117648,1.0,42787700.000000
2,930.24927,1150.8898,0.12352942,1.0,42787720.000000
1,930.24927,1150.8898,0.12352942,1.0,42787732.000000
0,515.0,1407.0,0.0882353,1.0,42829448.000000
2,515.0,1407.0,0.10588236,1.0,42829488.000000
2,515.0,1407.0,0.10588236,1.0,42829496.000000
1,515.0,1407.0,0.10588236,1.0,42829512.000000
0,661.0,1362.0,0.07058824,1.0,42848776.000000
2,661.0,1362.0,0.14117648,1.0,42848792.000000
2,658.7057,1361.2352,0.14117648,1.0,42848808.000000
2,650.4166,1361.0,0.10588236,1.0,42848824.000000
1,650.4166,1361.0,0.10588236,1.0,42848844.000000
