0,432.0,626.0,0.14117648,0.075,50670944.000000
2,431.0,606.0,0.14117648,0.0875,50671120.000000
2,441.0,425.0,0.14117648,0.0625,50671288.000000
1,443.0,410.0,0.14117648,0.0625,50671456.000000
0,337.0,678.0,0.08627451,0.05,50688328.000000
2,342.0,667.0,0.12941177,0.05,50688512.000000
2,345.0,653.0,0.12941177,0.075,50688664.000000
2,346.0,648.0,0.12941177,0.0875,50688832.000000
1,350.0,645.0,0.12941177,0.0875,50689004.000000
0,290.0,689.0,0.12941177,0.075,50704648.000000
2,311.0,599.0,0.12941177,0.0875,50704812.000000
1,457.0,356.0,0.08235294,0.0375,50704996.000000
0,299.0,694.0,0.1137255,0.0625,50717272.000000
2,302.0,683.0,0.1137255,0.0625,50717436.000000
2,315.0,643.0,0.1137255,0.0875,50717600.000000
2,320.0,621.0,0.1137255,0.0875,50717760.000000
2,325.0,605.0,0.1137255,0.075,50717924.000000
2,331.0,587.0,0.1137255,0.075,50718080.000000
2,338.0,570.0,0.1137255,0.075,50718244.000000
1,340.0,566.0,0.1137255,0.0625,50718428.000000
0,327.0,495.0,0.16862746,0.1,50726336.000000
2,316.0,535.0,0.16862746,0.075,50726496.000000
2,307.0,599.0,0.16862746,0.075,50726660.000000
1,307.0,604.0,0.054901965,0.025,50726852.000000
0,321.0,671.0,0.10196079,0.0375,50740072.000000
2,326.0,658.0,0.10196079,0.075,50740240.000000
2,332.0,636.0,0.10196079,0.0625,50740392.000000
2,338.0,614.0,0.10196079,0.0625,50740552.000000
2,341.0,603.0,0.10196079,0.075,50740712.000000
1,342.0,599.0,0.10196079,0.025,50740904.000000
0,286.0,688.0,0.1137255,0.0625,50747204.000000
2,366.0,488.0,0.16078432,0.1,50747332.000000
1,429.0,406.0,0.09019608,0.05,50747528.000000
0,297.0,692.0,0.1254902,0.075,50747824.000000
2,315.0,630.0,0.1254902,0.05,50747960.000000
2,337.0,569.0,0.1254902,0.075,50748124.000000
1,352.0,533.0,0.1254902,0.0375,50748308.000000
0,34.0,577.0,0.10196079,0.05,50754760.000000
2,38.0,563.0,0.14509805,0.075,50754904.000000
2,50.0,436.0,0.14509805,0.0875,50755060.000000
2,43.0,356.0,0.14509805,0.0625,50755224.000000
2,377.0,442.0,0.17254902,0.0875,50755384.000000
2,422.0,379.0,0.17254902,0.0875,50755564.000000
2,42.0,542.0,0.13333334,0.075,50755708.000000
2,45.0,486.0,0.13333334,0.075,50755868.000000
2,47.0,411.0,0.13333334,0.075,50756028.000000
2,46.0,373.0,0.13333334,0.0625,50756200.000000
2,374.0,468.0,0.16470589,0.1,50756352.000000
2,445.0,358.0,0.10980393,0.0625,50756520.000000
2,47.0,475.0,0.13333334,0.0625,50756684.000000
2,44.0,379.0,0.13333334,0.0625,50756836.000000
1,41.0,361.0,0.04705883,0.025,50757016.000000
0,385.0,427.0,0.20000002,0.0875,50776656.000000
2,297.0,690.0,0.15686275,0.075,50776816.000000
1,294.0,726.0,0.050980397,0.0125,50776976.000000
0,397.0,441.0,0.1764706,0.0875,50810600.000000
2,366.0,502.0,0.1764706,0.0875,50810760.000000
1,314.0,759.0,0.06666667,0.0375,50810944.000000
0,397.0,441.0,0.1764706,0.0875,50810600.000000
2,366.0,502.0,0.1764706,0.0875,50810760.000000
1,314.0,759.0,0.06666667,0.0375,50810944.000000
1,119.0,611.0,0.09411766,0.05,50811096.000000
0,397.0,441.0,0.1764706,0.0875,50810600.000000
2,366.0,502.0,0.1764706,0.0875,50810760.000000
1,314.0,759.0,0.06666667,0.0375,50810944.000000
1,119.0,611.0,0.09411766,0.05,50811096.000000
2,299.0,739.0,0.054901965,0.0125,50811248.000000
2,135.0,493.0,0.18431373,0.075,50811408.000000
2,331.0,568.0,0.15686275,0.0875,50811568.000000
1,308.0,721.0,0.054901965,0.0125,50811732.000000
0,386.0,444.0,0.18823531,0.112500004,50812872.000000
2,299.0,699.0,0.13725491,0.05,50813028.000000
2,98.0,388.0,0.1764706,0.112500004,50813200.000000
2,142.0,626.0,0.12941177,0.075,50813372.000000
2,310.0,637.0,0.17254902,0.0625,50813508.000000
2,311.0,666.0,0.17254902,0.075,50813672.000000
2,314.0,678.0,0.17254902,0.0875,50813840.000000
1,314.0,680.0,0.17254902,0.0875,50814320.000000
0,327.0,686.0,0.13725491,0.075,50816912.000000
2,382.0,494.0,0.18431373,0.0875,50817076.000000
1,394.0,480.0,0.18431373,0.075,50817264.000000
0,41.0,294.0,0.1764706,0.075,50861240.000000
2,92.0,463.0,0.1764706,0.075,50861400.000000
2,97.0,552.0,0.13333334,0.075,50861568.000000
1,95.0,593.0,0.07450981,0.05,50861720.000000
0,52.0,297.0,0.18039216,0.1,50865428.000000
2,127.0,621.0,0.18039216,0.075,50865596.000000
2,305.0,692.0,0.13333334,0.0625,50865760.000000
1,306.0,749.0,0.08235294,0.025,50865920.000000
0,440.0,344.0,0.18431373,0.0875,50912004.000000
2,400.0,399.0,0.18431373,0.1,50912160.000000
1,328.0,711.0,0.078431375,0.0375,50912332.000000
0,440.0,344.0,0.18431373,0.0875,50912004.000000
2,400.0,399.0,0.18431373,0.1,50912160.000000
1,328.0,711.0,0.078431375,0.0375,50912332.000000
1,114.0,581.0,0.10588236,0.05,50912492.000000
0,440.0,344.0,0.18431373,0.0875,50912004.000000
2,400.0,399.0,0.18431373,0.1,50912160.000000
1,328.0,711.0,0.078431375,0.0375,50912332.000000
1,114.0,581.0,0.10588236,0.05,50912492.000000
1,322.0,713.0,0.09411766,0.0125,50912648.000000
0,372.0,443.0,0.19607845,0.125,50913612.000000
2,320.0,666.0,0.15294118,0.0875,50913772.000000
2,325.0,679.0,0.15294118,0.0875,50913936.000000
1,326.0,681.0,0.15294118,0.1,50914112.000000
0,323.0,700.0,0.11764707,0.05,50914908.000000
2,328.0,686.0,0.11764707,0.0875,50915072.000000
2,337.0,646.0,0.11764707,0.0875,50915236.000000
2,339.0,637.0,0.11764707,0.0875,50915400.000000
2,351.0,593.0,0.11764707,0.0625,50915564.000000
2,379.0,502.0,0.16470589,0.1,50915720.000000
1,383.0,495.0,0.16470589,0.1,50916064.000000
0,17.0,250.0,0.10980393,0.05,50931088.000000
2,56.0,348.0,0.16862746,0.112500004,50931244.000000
1,67.0,567.0,0.0627451,0.025,50931428.000000
0,299.0,685.0,0.12941177,0.075,50943052.000000
2,360.0,520.0,0.18039216,0.1,50943212.000000
1,458.0,372.0,0.078431375,0.0375,50943376.000000
0,299.0,685.0,0.12941177,0.075,50943052.000000
2,360.0,520.0,0.18039216,0.1,50943212.000000
1,458.0,372.0,0.078431375,0.0375,50943376.000000
2,45.0,399.0,0.18039216,0.0875,50943532.000000
2,414.0,430.0,0.18039216,0.0875,50943692.000000
2,54.0,523.0,0.14509805,0.1,50943860.000000
2,32.0,343.0,0.08235294,0.05,50944016.000000
2,381.0,531.0,0.1254902,0.075,50944176.000000
1,390.0,516.0,0.16862746,0.1,50944360.000000
0,364.0,417.0,0.19607845,0.1,50953856.000000
2,305.0,589.0,0.14901961,0.075,50954020.000000
2,293.0,709.0,0.14901961,0.075,50954184.000000
2,294.0,711.0,0.14901961,0.075,50954344.000000
1,294.0,712.0,0.14901961,0.075,50954524.000000
0,337.0,689.0,0.121568635,0.0625,50954676.000000
2,368.0,600.0,0.121568635,0.075,50954840.000000
2,421.0,434.0,0.16470589,0.1,50954992.000000
1,436.0,416.0,0.098039225,0.0625,50955176.000000
0,337.0,689.0,0.121568635,0.0625,50954676.000000
2,368.0,600.0,0.121568635,0.075,50954840.000000
2,421.0,434.0,0.16470589,0.1,50954992.000000
1,436.0,416.0,0.098039225,0.0625,50955176.000000
2,40.0,574.0,0.10588236,0.075,50955312.000000
2,41.0,552.0,0.10588236,0.075,50955476.000000
2,44.0,419.0,0.14901961,0.075,50955640.000000
1,33.0,305.0,0.03529412,0.0125,50955796.000000
0,416.0,384.0,0.19215688,0.112500004,50962108.000000
2,312.0,702.0,0.14509805,0.05,50962284.000000
2,119.0,495.0,0.18039216,0.075,50962432.000000
2,358.0,506.0,0.18039216,0.1,50962596.000000
1,310.0,736.0,0.07450981,0.05,50962764.000000
0,51.0,353.0,0.121568635,0.05,50975168.000000
2,68.0,406.0,0.16470589,0.0875,50975312.000000
2,85.0,432.0,0.16470589,0.1,50975472.000000
2,100.0,546.0,0.16470589,0.0875,50975652.000000
2,332.0,609.0,0.16470589,0.0875,50975964.000000
2,338.0,672.0,0.16470589,0.1,50976132.000000
2,335.0,711.0,0.16470589,0.075,50976280.000000
2,335.0,714.0,0.16470589,0.075,50976448.000000
1,335.0,715.0,0.16470589,0.075,50976616.000000
0,391.0,472.0,0.17254902,0.075,51007056.000000
2,377.0,508.0,0.17254902,0.1,51007212.000000
2,331.0,707.0,0.17254902,0.0875,51007376.000000
1,329.0,727.0,0.10588236,0.0625,51007536.000000
0,338.0,677.0,0.13333334,0.075,51009188.000000
2,353.0,625.0,0.13333334,0.075,51009324.000000
2,381.0,542.0,0.18039216,0.0875,51009480.000000
1,386.0,533.0,0.18039216,0.0875,51009668.000000
0,372.0,452.0,0.18431373,0.1,51026852.000000
2,319.0,657.0,0.18431373,0.0875,51027004.000000
2,319.0,729.0,0.14117648,0.075,51027168.000000
2,73.0,475.0,0.15686275,0.0875,51027328.000000
2,86.0,506.0,0.15686275,0.075,51027488.000000
1,88.0,508.0,0.08627451,0.05,51027680.000000
0,45.0,239.0,0.15294118,0.075,51070472.000000
2,94.0,519.0,0.15294118,0.05,51070652.000000
2,334.0,527.0,0.1764706,0.0875,51070792.000000
2,332.0,545.0,0.1764706,0.1,51070952.000000
2,332.0,547.0,0.1764706,0.112500004,51071120.000000
2,332.0,548.0,0.1764706,0.112500004,51071280.000000
1,332.0,549.0,0.1764706,0.112500004,51071448.000000
0,271.0,649.0,0.14509805,0.075,51082936.000000
2,327.0,511.0,0.14509805,0.1,51083088.000000
1,451.0,335.0,0.07058824,0.05,51083276.000000
0,434.0,366.0,0.11764707,0.0625,51098916.000000
2,366.0,498.0,0.16470589,0.0875,51099080.000000
2,357.0,538.0,0.16470589,0.1,51099228.000000
1,357.0,539.0,0.16470589,0.1,51099396.000000
0,355.0,408.0,0.13725491,0.0625,51099712.000000
2,346.0,465.0,0.13725491,0.0875,51099880.000000
2,326.0,588.0,0.13725491,0.0875,51100032.000000
1,326.0,597.0,0.13725491,0.0625,51100216.000000
0,299.0,660.0,0.10980393,0.05,51106328.000000
2,305.0,647.0,0.10980393,0.075,51106488.000000
2,308.0,638.0,0.15294118,0.075,51106648.000000
2,313.0,619.0,0.15294118,0.075,51106812.000000
2,324.0,595.0,0.15294118,0.0875,51106968.000000
1,328.0,586.0,0.15294118,0.075,51107152.000000
0,391.0,423.0,0.20000002,0.1,51134084.000000
2,307.0,698.0,0.15686275,0.05,51134260.000000
1,317.0,745.0,0.06666667,0.0375,51134408.000000
0,347.0,711.0,0.1137255,0.05,51135868.000000
2,352.0,700.0,0.1137255,0.075,51136032.000000
2,398.0,541.0,0.1137255,0.075,51136180.000000
1,408.0,527.0,0.15686275,0.1,51136368.000000
0,393.0,441.0,0.14509805,0.05,51143304.000000
2,363.0,578.0,0.14509805,0.0875,51143460.000000
1,367.0,595.0,0.14509805,0.0625,51143652.000000
0,52.0,258.0,0.1764706,0.1,51143972.000000
2,61.0,276.0,0.21960786,0.125,51144104.000000
2,79.0,321.0,0.21960786,0.0875,51144268.000000
2,86.0,356.0,0.21960786,0.0875,51144440.000000
2,88.0,375.0,0.21960786,0.0875,51144588.000000
1,89.0,391.0,0.10980393,0.05,51144768.000000
0,358.0,660.0,0.09411766,0.05,51145396.000000
2,359.0,649.0,0.09411766,0.0625,51145572.000000
2,372.0,602.0,0.09411766,0.075,51145724.000000
2,405.0,526.0,0.13725491,0.0875,51145880.000000
2,426.0,479.0,0.13725491,0.075,51146056.000000
1,432.0,469.0,0.13725491,0.075,51146224.000000
0,376.0,380.0,0.11764707,0.0625,51226388.000000
2,403.0,327.0,0.11764707,0.0625,51226540.000000
2,458.0,238.0,0.11764707,0.05,51226688.000000
1,470.0,211.0,0.07450981,0.0375,51226872.000000
0,349.0,367.0,0.121568635,0.0625,51227008.000000
2,389.0,297.0,0.121568635,0.0625,51227176.000000
1,419.0,273.0,0.121568635,0.0625,51227360.000000
0,60.0,241.0,0.19215688,0.1,51241588.000000
2,80.0,307.0,0.19215688,0.0875,51241748.000000
1,99.0,435.0,0.098039225,0.025,51241916.000000
0,293.0,633.0,0.11764707,0.0625,51246748.000000
2,324.0,545.0,0.11764707,0.075,51246920.000000
2,352.0,493.0,0.11764707,0.05,51247072.000000
1,353.0,492.0,0.11764707,0.05,51247260.000000
0,413.0,173.0,0.18431373,0.112500004,51298000.000000
2,395.0,208.0,0.18431373,0.075,51298164.000000
2,364.0,362.0,0.18431373,0.0875,51298324.000000
2,354.0,441.0,0.18431373,0.0875,51298484.000000
2,344.0,546.0,0.13725491,0.112500004,51298644.000000
1,345.0,574.0,0.13725491,0.0625,51298836.000000
0,61.0,311.0,0.13725491,0.0875,51457596.000000
2,49.0,243.0,0.18823531,0.0875,51457768.000000
1,43.0,215.0,0.039215688,0.0125,51457928.000000
0,322.0,626.0,0.10980393,0.05,51459040.000000
2,439.0,304.0,0.10980393,0.075,51459216.000000
1,468.0,266.0,0.06666667,0.0375,51459400.000000
0,303.0,659.0,0.10196079,0.05,51459696.000000
2,305.0,595.0,0.10196079,0.075,51459852.000000
2,400.0,374.0,0.14509805,0.0625,51460016.000000
1,449.0,286.0,0.058823533,0.025,51460200.000000
0,303.0,659.0,0.10196079,0.05,51459696.000000
2,305.0,595.0,0.10196079,0.075,51459852.000000
2,400.0,374.0,0.14509805,0.0625,51460016.000000
1,449.0,286.0,0.058823533,0.025,51460200.000000
2,304.0,595.0,0.11764707,0.075,51460336.000000
2,414.0,383.0,0.16470589,0.0875,51460508.000000
1,438.0,349.0,0.078431375,0.0625,51460688.000000
0,272.0,690.0,0.15686275,0.0875,51461956.000000
2,315.0,539.0,0.15686275,0.0875,51462108.000000
2,418.0,380.0,0.15686275,0.1,51462272.000000
1,427.0,374.0,0.15686275,0.075,51462456.000000
0,44.0,307.0,0.14901961,0.075,51467608.000000
2,46.0,281.0,0.14901961,0.0875,51467768.000000
2,47.0,233.0,0.19215688,0.0875,51467928.000000
1,43.0,203.0,0.1254902,0.0625,51468108.000000
0,316.0,615.0,0.11764707,0.0625,51525016.000000
2,406.0,406.0,0.11764707,0.05,51525180.000000
2,471.0,257.0,0.06666667,0.0375,51525332.000000
1,473.0,245.0,0.06666667,0.0375,51525496.000000
0,359.0,425.0,0.18039216,0.0875,51534888.000000
2,325.0,702.0,0.12941177,0.075,51535064.000000
1,341.0,755.0,0.03529412,0.0125,51535236.000000
0,301.0,670.0,0.10980393,0.05,51551080.000000
2,376.0,420.0,0.10980393,0.1,51551248.000000
1,433.0,314.0,0.07058824,0.0375,51551416.000000
0,70.0,580.0,0.14509805,0.075,51560472.000000
2,68.0,369.0,0.18823531,0.112500004,51560640.000000
2,439.0,314.0,0.16078432,0.075,51560952.000000
2,66.0,583.0,0.121568635,0.075,51561124.000000
2,62.0,390.0,0.16862746,0.1,51561276.000000
2,44.0,270.0,0.16862746,0.075,51561440.000000
2,330.0,534.0,0.17254902,0.0875,51561608.000000
2,435.0,347.0,0.17254902,0.0625,51561760.000000
1,454.0,315.0,0.08235294,0.0375,51561944.000000
0,371.0,353.0,0.12941177,0.0625,51671680.000000
2,379.0,336.0,0.12941177,0.05,51671856.000000
2,430.0,252.0,0.12941177,0.075,51672000.000000
1,460.0,217.0,0.06666667,0.0375,51672188.000000
0,56.0,322.0,0.1764706,0.1,51684608.000000
2,118.0,571.0,0.1764706,0.075,51684792.000000
2,317.0,581.0,0.16078432,0.075,51684944.000000
1,326.0,746.0,0.07058824,0.0125,51685096.000000
0,36.0,358.0,0.1254902,0.05,51686064.000000
2,91.0,502.0,0.16862746,0.075,51686228.000000
1,97.0,568.0,0.121568635,0.0625,51686396.000000
0,89.0,370.0,0.16862746,0.075,53996532.000000
2,130.0,544.0,0.16862746,0.075,53996700.000000
1,117.0,617.0,0.050980397,0.0125,53996868.000000
0,373.0,387.0,0.14117648,0.1,53997172.000000
2,313.0,709.0,0.14117648,0.0625,53997344.000000
2,93.0,487.0,0.1764706,0.0875,53997508.000000
2,343.0,400.0,0.16078432,0.075,53997676.000000
2,315.0,715.0,0.16078432,0.0625,53997820.000000
1,332.0,766.0,0.050980397,0.0125,53997988.000000
0,373.0,387.0,0.14117648,0.1,53997172.000000
2,313.0,709.0,0.14117648,0.0625,53997344.000000
2,93.0,487.0,0.1764706,0.0875,53997508.000000
2,343.0,400.0,0.16078432,0.075,53997676.000000
2,315.0,715.0,0.16078432,0.0625,53997820.000000
1,332.0,766.0,0.050980397,0.0125,53997988.000000
2,112.0,499.0,0.14117648,0.0875,53998156.000000
2,302.0,698.0,0.13333334,0.05,53998468.000000
1,309.0,725.0,0.13333334,0.05,53998656.000000
0,359.0,388.0,0.15686275,0.1,53999108.000000
2,319.0,657.0,0.1137255,0.05,53999288.000000
1,337.0,752.0,0.058823533,0.0125,53999448.000000
0,297.0,713.0,0.11764707,0.05,54008336.000000
2,313.0,661.0,0.11764707,0.075,54008496.000000
2,318.0,650.0,0.11764707,0.0875,54008652.000000
1,324.0,637.0,0.11764707,0.0875,54008832.000000
0,318.0,749.0,0.09019608,0.05,54011096.000000
2,330.0,714.0,0.13333334,0.075,54011232.000000
2,341.0,671.0,0.13333334,0.05,54011396.000000
2,346.0,647.0,0.13333334,0.075,54011556.000000
1,349.0,628.0,0.054901965,0.0375,54011724.000000
0,302.0,709.0,0.121568635,0.05,54012216.000000
2,360.0,459.0,0.16862746,0.1,54012376.000000
2,443.0,330.0,0.16862746,0.075,54012532.000000
2,424.0,368.0,0.16862746,0.0875,54012696.000000
2,330.0,602.0,0.16862746,0.1,54012852.000000
1,330.0,603.0,0.16862746,0.1,54013044.000000
0,282.0,699.0,0.12941177,0.075,54019152.000000
2,319.0,519.0,0.17254902,0.1,54019312.000000
1,468.0,275.0,0.039215688,0.025,54019496.000000
0,280.0,671.0,0.12941177,0.075,54019964.000000
2,336.0,474.0,0.17254902,0.1,54020132.000000
1,469.0,262.0,0.027450982,0.0125,54020296.000000
0,274.0,658.0,0.14509805,0.075,54020772.000000
2,314.0,481.0,0.18823531,0.1,54020948.000000
1,465.0,272.0,0.054901965,0.025,54021116.000000
0,333.0,646.0,0.121568635,0.0625,54092832.000000
2,348.0,621.0,0.121568635,0.05,54092992.000000
2,385.0,551.0,0.121568635,0.0625,54093144.000000
2,417.0,500.0,0.121568635,0.075,54093308.000000
1,422.0,494.0,0.07058824,0.025,54093496.000000
0,312.0,629.0,0.1254902,0.0625,54104776.000000
2,320.0,617.0,0.1254902,0.0875,54104940.000000
2,338.0,581.0,0.1254902,0.075,54105104.000000
2,355.0,549.0,0.1254902,0.075,54105268.000000
1,360.0,540.0,0.1254902,0.075,54105444.000000
0,276.0,573.0,0.14901961,0.075,54108372.000000
2,334.0,485.0,0.14901961,0.112500004,54108520.000000
1,462.0,327.0,0.10196079,0.0375,54108704.000000
0,275.0,665.0,0.1254902,0.05,54108856.000000
2,323.0,543.0,0.1254902,0.075,54108996.000000
1,329.0,537.0,0.1254902,0.075,54109172.000000
0,44.0,311.0,0.17254902,0.075,54112748.000000
2,126.0,587.0,0.17254902,0.075,54112904.000000
2,335.0,536.0,0.16470589,0.0875,54113064.000000
1,328.0,744.0,0.07058824,0.025,54113224.000000
0,44.0,311.0,0.17254902,0.075,54112748.000000
2,126.0,587.0,0.17254902,0.075,54112904.000000
2,335.0,536.0,0.16470589,0.0875,54113064.000000
1,328.0,744.0,0.07058824,0.025,54113224.000000
2,104.0,510.0,0.14901961,0.1,54113388.000000
2,337.0,497.0,0.19607845,0.1,54113548.000000
1,319.0,737.0,0.10980393,0.05,54113720.000000
0,410.0,425.0,0.18431373,0.1,54119048.000000
2,380.0,482.0,0.18431373,0.0875,54119232.000000
2,330.0,739.0,0.13725491,0.0625,54119368.000000
1,331.0,757.0,0.09411766,0.025,54119548.000000
0,382.0,451.0,0.15686275,0.1,54120028.000000
2,336.0,631.0,0.15686275,0.0875,54120184.000000
2,344.0,663.0,0.15686275,0.0625,54120336.000000
1,345.0,668.0,0.15686275,0.0625,54120520.000000
0,334.0,502.0,0.15294118,0.1,54128896.000000
2,303.0,656.0,0.15294118,0.05,54129056.000000
1,306.0,680.0,0.15294118,0.075,54129212.000000
0,317.0,704.0,0.11764707,0.05,54130512.000000
2,329.0,620.0,0.11764707,0.075,54130676.000000
2,429.0,372.0,0.16078432,0.1,54130844.000000
1,462.0,304.0,0.03529412,0.0125,54130992.000000
0,317.0,704.0,0.11764707,0.05,54130512.000000
2,329.0,620.0,0.11764707,0.075,54130676.000000
2,429.0,372.0,0.16078432,0.1,54130844.000000
1,462.0,304.0,0.03529412,0.0125,54130992.000000
2,302.0,599.0,0.11764707,0.075,54131160.000000
1,463.0,294.0,0.03137255,0.0125,54131140.000000
0,277.0,676.0,0.11764707,0.05,54132212.000000
2,324.0,543.0,0.16078432,0.075,54132376.000000
2,378.0,451.0,0.16078432,0.075,54132544.000000
1,387.0,439.0,0.09411766,0.05,54132692.000000
0,71.0,291.0,0.19607845,0.0875,54172156.000000
2,86.0,340.0,0.19607845,0.0875,54172316.000000
2,86.0,346.0,0.19607845,0.1,54172484.000000
2,85.0,349.0,0.19607845,0.1,54172644.000000
2,84.0,352.0,0.19607845,0.0875,54172816.000000
2,77.0,342.0,0.19607845,0.1,54172964.000000
2,61.0,321.0,0.19607845,0.1,54173128.000000
1,52.0,309.0,0.09019608,0.05,54173304.000000
0,408.0,239.0,0.17254902,0.0625,54199176.000000
2,389.0,282.0,0.17254902,0.075,54199340.000000
2,378.0,360.0,0.17254902,0.1,54199492.000000
2,379.0,392.0,0.17254902,0.075,54199648.000000
1,379.0,396.0,0.121568635,0.0625,54199824.000000
0,254.0,658.0,0.098039225,0.05,54212244.000000
2,259.0,644.0,0.098039225,0.075,54212408.000000
2,266.0,623.0,0.098039225,0.0625,54212568.000000
2,277.0,602.0,0.098039225,0.075,54212740.000000
2,279.0,599.0,0.14117648,0.075,54212892.000000
2,281.0,596.0,0.14117648,0.075,54213056.000000
1,281.0,595.0,0.09411766,0.0125,54213228.000000
0,366.0,360.0,0.16862746,0.0875,54216292.000000
2,337.0,420.0,0.16862746,0.0875,54216456.000000
2,322.0,645.0,0.121568635,0.05,54216608.000000
1,317.0,676.0,0.058823533,0.025,54216792.000000
0,349.0,676.0,0.10588236,0.0625,54279804.000000
2,357.0,664.0,0.10588236,0.05,54279976.000000
2,359.0,658.0,0.10588236,0.0625,54280128.000000
2,360.0,645.0,0.10588236,0.075,54280288.000000
2,358.0,632.0,0.10588236,0.05,54280448.000000
2,359.0,624.0,0.10588236,0.05,54280620.000000
2,360.0,614.0,0.10588236,0.0625,54280776.000000
2,364.0,602.0,0.10588236,0.0875,54280932.000000
2,371.0,594.0,0.10588236,0.0875,54281096.000000
1,373.0,591.0,0.058823533,0.025,54281280.000000
0,314.0,662.0,0.10196079,0.05,54290800.000000
2,332.0,574.0,0.10196079,0.075,54290968.000000
1,460.0,283.0,0.043137256,0.025,54291140.000000
0,319.0,576.0,0.10588236,0.05,54292900.000000
2,326.0,564.0,0.10588236,0.0625,54293236.000000
2,345.0,503.0,0.10588236,0.0625,54293384.000000
2,419.0,353.0,0.14901961,0.075,54293544.000000
1,437.0,330.0,0.09411766,0.0625,54293712.000000
0,318.0,609.0,0.10980393,0.0625,54293872.000000
2,364.0,451.0,0.10980393,0.075,54294044.000000
1,461.0,288.0,0.043137256,0.025,54294212.000000
0,60.0,344.0,0.14117648,0.0875,54412116.000000
2,95.0,591.0,0.14117648,0.0625,54412284.000000
1,95.0,613.0,0.09019608,0.025,54412464.000000
0,60.0,344.0,0.14117648,0.0875,54412116.000000
2,95.0,591.0,0.14117648,0.0625,54412284.000000
1,95.0,613.0,0.09019608,0.025,54412464.000000
2,354.0,548.0,0.13725491,0.075,54412616.000000
2,349.0,630.0,0.13725491,0.075,54412756.000000
1,350.0,634.0,0.13725491,0.075,54412936.000000
0,335.0,474.0,0.1764706,0.1,54419532.000000
2,314.0,533.0,0.1764706,0.0625,54419688.000000
2,323.0,664.0,0.12941177,0.075,54419840.000000
2,325.0,673.0,0.12941177,0.075,54420016.000000
2,327.0,676.0,0.12941177,0.0875,54420164.000000
1,327.0,677.0,0.12941177,0.0875,54420352.000000
0,331.0,546.0,0.1254902,0.0625,54422428.000000
2,331.0,570.0,0.1254902,0.0875,54422600.000000
2,331.0,665.0,0.1254902,0.075,54422756.000000
1,330.0,748.0,0.078431375,0.025,54422928.000000
0,364.0,322.0,0.10196079,0.05,54671864.000000
2,377.0,300.0,0.10196079,0.0625,54672024.000000
2,403.0,274.0,0.10196079,0.0375,54672184.000000
1,411.0,265.0,0.10196079,0.0625,54672348.000000
0,347.0,433.0,0.14509805,0.0625,54912608.000000
2,340.0,464.0,0.14509805,0.075,54912764.000000
2,327.0,584.0,0.14509805,0.075,54912920.000000
1,328.0,587.0,0.14509805,0.075,54913112.000000
0,304.0,662.0,0.08235294,0.05,55154916.000000
2,319.0,643.0,0.08235294,0.05,55155080.000000
2,327.0,622.0,0.08235294,0.0375,55155240.000000
2,335.0,584.0,0.08235294,0.05,55155400.000000
2,343.0,552.0,0.08235294,0.05,55155560.000000
2,349.0,533.0,0.08235294,0.05,55155728.000000
2,362.0,501.0,0.08235294,0.05,55155880.000000
1,364.0,497.0,0.08235294,0.0125,55156072.000000
0,279.0,639.0,0.07450981,0.025,55160960.000000
2,282.0,627.0,0.07450981,0.025,55161104.000000
2,286.0,618.0,0.07450981,0.0375,55161264.000000
2,287.0,615.0,0.07450981,0.0375,55161448.000000
2,289.0,611.0,0.07450981,0.05,55161616.000000
2,292.0,606.0,0.07450981,0.05,55161744.000000
2,295.0,601.0,0.07450981,0.05,55161912.000000
2,296.0,598.0,0.07450981,0.0625,55162084.000000
2,297.0,593.0,0.07450981,0.05,55162232.000000
2,325.0,499.0,0.07450981,0.05,55162416.000000
2,368.0,392.0,0.121568635,0.075,55162584.000000
1,382.0,374.0,0.07058824,0.0375,55162752.000000
0,304.0,688.0,0.08627451,0.0375,55641140.000000
2,308.0,675.0,0.08627451,0.05,55641312.000000
2,320.0,648.0,0.12941177,0.0875,55641468.000000
2,322.0,639.0,0.12941177,0.075,55641632.000000
2,323.0,634.0,0.12941177,0.075,55641788.000000
2,326.0,624.0,0.12941177,0.075,55641952.000000
2,331.0,621.0,0.17254902,0.0875,55642112.000000
2,334.0,619.0,0.17254902,0.112500004,55642276.000000
2,336.0,618.0,0.17254902,0.0875,55642440.000000
2,337.0,617.0,0.17254902,0.0875,55642600.000000
2,338.0,614.0,0.17254902,0.112500004,55642760.000000
2,340.0,611.0,0.17254902,0.125,55642928.000000
2,343.0,607.0,0.17254902,0.125,55643084.000000
2,345.0,606.0,0.17254902,0.125,55643248.000000
2,346.0,606.0,0.17254902,0.125,55643572.000000
2,345.0,607.0,0.17254902,0.125,55643732.000000
2,343.0,606.0,0.17254902,0.1,55643896.000000
2,342.0,603.0,0.17254902,0.112500004,55644056.000000
2,343.0,592.0,0.17254902,0.112500004,55644212.000000
2,347.0,580.0,0.17254902,0.1,55644376.000000
1,347.0,578.0,0.17254902,0.1,55644560.000000
0,286.0,716.0,0.1137255,0.0625,55655520.000000
2,292.0,694.0,0.1137255,0.0875,55655680.000000
2,315.0,623.0,0.1137255,0.075,55655852.000000
2,339.0,574.0,0.1137255,0.0625,55656008.000000
2,390.0,474.0,0.1137255,0.075,55656168.000000
2,446.0,387.0,0.1137255,0.0625,55656328.000000
1,453.0,380.0,0.1137255,0.0625,55656520.000000
0,62.0,587.0,0.10980393,0.0375,55660856.000000
2,52.0,439.0,0.15686275,0.075,55661016.000000
2,45.0,400.0,0.15686275,0.075,55661176.000000
2,39.0,372.0,0.15686275,0.0875,55661352.000000
2,27.0,332.0,0.15686275,0.075,55661500.000000
1,19.0,322.0,0.07058824,0.025,55661688.000000
0,324.0,640.0,0.11764707,0.0625,55663796.000000
2,406.0,433.0,0.16078432,0.1,55663940.000000
1,466.0,340.0,0.06666667,0.025,55664104.000000
0,350.0,700.0,0.1137255,0.05,55686240.000000
2,354.0,539.0,0.1137255,0.0625,55686400.000000
1,441.0,359.0,0.04705883,0.025,55686584.000000
0,294.0,669.0,0.11764707,0.05,55687404.000000
2,339.0,527.0,0.11764707,0.075,55687552.000000
1,444.0,347.0,0.043137256,0.0125,55687720.000000
0,305.0,720.0,0.08627451,0.05,55833236.000000
2,311.0,702.0,0.08627451,0.0625,55833392.000000
2,367.0,534.0,0.08627451,0.0625,55833584.000000
2,424.0,449.0,0.12941177,0.0625,55833732.000000
1,435.0,430.0,0.058823533,0.025,55833896.000000
0,341.0,730.0,0.078431375,0.05,59490288.000000
2,351.0,684.0,0.078431375,0.05,59490452.000000
2,386.0,540.0,0.121568635,0.05,59490616.000000
2,423.0,452.0,0.121568635,0.05,59490772.000000
2,452.0,393.0,0.121568635,0.0625,59490936.000000
1,459.0,379.0,0.078431375,0.0125,59491100.000000
0,342.0,628.0,0.08627451,0.05,59516608.000000
2,352.0,613.0,0.08627451,0.0625,59516776.000000
2,360.0,596.0,0.08627451,0.0625,59516928.000000
2,364.0,587.0,0.08627451,0.05,59517104.000000
2,370.0,575.0,0.08627451,0.05,59517256.000000
2,378.0,556.0,0.08627451,0.05,59517416.000000
2,383.0,541.0,0.08627451,0.05,59517576.000000
2,387.0,533.0,0.08627451,0.05,59517740.000000
2,392.0,519.0,0.08627451,0.0625,59517904.000000
2,402.0,496.0,0.08627451,0.05,59518060.000000
2,406.0,488.0,0.08627451,0.05,59518220.000000
1,406.0,487.0,0.08627451,0.05,59518408.000000
0,429.0,360.0,0.1137255,0.0625,59548176.000000
2,416.0,377.0,0.1137255,0.075,59548336.000000
2,320.0,641.0,0.1137255,0.05,59548496.000000
2,310.0,667.0,0.1137255,0.05,59548656.000000
2,309.0,670.0,0.1137255,0.05,59548840.000000
2,335.0,559.0,0.1137255,0.0625,59548992.000000
1,469.0,308.0,0.06666667,0.025,59549156.000000
0,265.0,675.0,0.10588236,0.05,59556248.000000
2,323.0,554.0,0.10588236,0.0875,59556400.000000
1,323.0,554.0,0.10588236,0.0875,59556568.000000
0,420.0,270.0,0.13333334,0.0625,59582984.000000
2,389.0,316.0,0.13333334,0.075,59583136.000000
2,338.0,435.0,0.13333334,0.05,59583296.000000
1,330.0,506.0,0.07058824,0.0125,59583468.000000
0,420.0,270.0,0.13333334,0.0625,59582984.000000
2,389.0,316.0,0.13333334,0.075,59583136.000000
2,338.0,435.0,0.13333334,0.05,59583296.000000
1,330.0,506.0,0.07058824,0.0125,59583468.000000
2,382.0,360.0,0.1254902,0.0625,59583632.000000
2,326.0,488.0,0.1254902,0.075,59583776.000000
1,327.0,510.0,0.0627451,0.025,59583952.000000
0,420.0,287.0,0.14117648,0.0875,59584104.000000
2,351.0,396.0,0.14117648,0.05,59584264.000000
2,367.0,375.0,0.14117648,0.075,59584428.000000
2,460.0,249.0,0.098039225,0.0375,59584584.000000
1,468.0,240.0,0.043137256,0.025,59584772.000000
0,386.0,403.0,0.09411766,0.05,59584952.000000
2,393.0,389.0,0.09411766,0.0625,59585072.000000
2,407.0,367.0,0.09411766,0.05,59585240.000000
2,430.0,334.0,0.09411766,0.0625,59585396.000000
1,434.0,331.0,0.09411766,0.05,59585588.000000
0,349.0,384.0,0.10588236,0.0625,59587360.000000
2,385.0,342.0,0.10588236,0.0625,59587512.000000
1,473.0,230.0,0.050980397,0.0125,59587696.000000
0,333.0,403.0,0.10196079,0.05,59588144.000000
2,359.0,361.0,0.10196079,0.05,59588312.000000
2,400.0,312.0,0.10196079,0.0625,59588472.000000
2,403.0,307.0,0.10196079,0.0625,59588632.000000
2,403.0,309.0,0.10196079,0.0625,59588800.000000
2,354.0,427.0,0.10196079,0.05,59588956.000000
1,342.0,473.0,0.10196079,0.05,59589136.000000
0,337.0,335.0,0.121568635,0.0625,59610044.000000
1,465.0,195.0,0.043137256,0.025,59610224.000000
2,364.0,299.0,0.1254902,0.0875,59610372.000000
2,369.0,296.0,0.1254902,0.0875,59610532.000000
2,341.0,354.0,0.1254902,0.05,59610688.000000
1,339.0,360.0,0.1254902,0.0625,59610860.000000
0,354.0,350.0,0.10980393,0.0625,59613448.000000
2,369.0,329.0,0.10980393,0.05,59613608.000000
1,452.0,230.0,0.039215688,0.025,59613780.000000
0,391.0,290.0,0.12941177,0.075,59638700.000000
2,383.0,309.0,0.12941177,0.0625,59638836.000000
2,384.0,307.0,0.12941177,0.0625,59638992.000000
1,467.0,188.0,0.06666667,0.025,59639200.000000
0,391.0,290.0,0.12941177,0.075,59638700.000000
2,383.0,309.0,0.12941177,0.0625,59638836.000000
2,384.0,307.0,0.12941177,0.0625,59638992.000000
1,467.0,188.0,0.06666667,0.025,59639200.000000
2,357.0,302.0,0.1137255,0.05,59639320.000000
2,382.0,280.0,0.1137255,0.05,59639476.000000
1,393.0,272.0,0.06666667,0.0375,59639668.000000
0,340.0,328.0,0.10588236,0.0375,59640800.000000
2,368.0,294.0,0.10588236,0.0625,59640940.000000
1,465.0,188.0,0.050980397,0.025,59641124.000000
0,417.0,257.0,0.06666667,0.025,59663264.000000
2,432.0,219.0,0.10980393,0.05,59663404.000000
1,338.0,373.0,0.0627451,0.0125,59663584.000000
0,417.0,257.0,0.06666667,0.025,59663264.000000
2,432.0,219.0,0.10980393,0.05,59663404.000000
1,338.0,373.0,0.0627451,0.0125,59663584.000000
2,416.0,243.0,0.10196079,0.0625,59663732.000000
2,342.0,372.0,0.10196079,0.0625,59663896.000000
1,341.0,378.0,0.10196079,0.0625,59664068.000000
0,419.0,240.0,0.1254902,0.0625,59664376.000000
2,360.0,345.0,0.1254902,0.05,59664536.000000
1,344.0,389.0,0.1254902,0.05,59664700.000000
0,295.0,712.0,0.08627451,0.05,59700288.000000
2,305.0,668.0,0.08627451,0.05,59700420.000000
2,326.0,634.0,0.12941177,0.075,59700584.000000
1,338.0,615.0,0.12941177,0.05,59700752.000000
0,246.0,708.0,0.09019608,0.05,59707060.000000
2,262.0,676.0,0.09019608,0.05,59707224.000000
2,267.0,665.0,0.09019608,0.05,59707380.000000
2,269.0,663.0,0.09019608,0.05,59707540.000000
2,313.0,536.0,0.09019608,0.05,59707720.000000
1,445.0,341.0,0.054901965,0.025,59707884.000000
0,256.0,683.0,0.10980393,0.075,59708856.000000
2,408.0,400.0,0.10980393,0.0875,59709004.000000
1,469.0,324.0,0.04705883,0.0125,59709188.000000
0,302.0,345.0,0.11764707,0.0625,59736044.000000
2,362.0,273.0,0.11764707,0.05,59736228.000000
2,466.0,177.0,0.11764707,0.0375,59736380.000000
1,467.0,175.0,0.07450981,0.0125,59736544.000000
0,320.0,315.0,0.10588236,0.05,59771744.000000
2,325.0,304.0,0.10588236,0.0625,59771932.000000
1,437.0,188.0,0.043137256,0.0125,59772088.000000
0,274.0,617.0,0.10196079,0.05,59780016.000000
2,288.0,556.0,0.10196079,0.0625,59780180.000000
2,424.0,291.0,0.10196079,0.0625,59780328.000000
2,430.0,284.0,0.10196079,0.075,59780480.000000
2,333.0,475.0,0.14509805,0.075,59780652.000000
2,300.0,630.0,0.14509805,0.0625,59780800.000000
2,280.0,705.0,0.14509805,0.05,59780964.000000
1,277.0,715.0,0.098039225,0.0625,59781160.000000
0,250.0,641.0,0.10196079,0.05,59783048.000000
2,330.0,390.0,0.10196079,0.075,59783220.000000
1,466.0,236.0,0.04705883,0.025,59783372.000000
0,249.0,661.0,0.09019608,0.05,59868584.000000
2,262.0,584.0,0.09019608,0.05,59868752.000000
1,454.0,290.0,0.054901965,0.025,59868936.000000
0,361.0,367.0,0.10980393,0.0625,59873932.000000
2,334.0,425.0,0.10980393,0.075,59874084.000000
2,293.0,582.0,0.10980393,0.05,59874244.000000
2,293.0,595.0,0.10980393,0.05,59874404.000000
1,293.0,596.0,0.10980393,0.05,59874572.000000
0,249.0,623.0,0.10588236,0.05,59977284.000000
2,270.0,577.0,0.10588236,0.05,59977448.000000
2,309.0,511.0,0.10588236,0.075,59977580.000000
1,320.0,498.0,0.10588236,0.0625,59977744.000000
0,337.0,354.0,0.10196079,0.05,60028880.000000
2,349.0,340.0,0.10196079,0.0625,60029036.000000
2,371.0,317.0,0.10196079,0.0375,60029212.000000
2,375.0,311.0,0.10196079,0.0625,60029360.000000
1,376.0,310.0,0.10196079,0.0625,60029544.000000
0,387.0,317.0,0.1137255,0.05,60068740.000000
2,396.0,289.0,0.1137255,0.0625,60068888.000000
2,417.0,262.0,0.1137255,0.0625,60069056.000000
1,466.0,190.0,0.058823533,0.025,60069224.000000
0,387.0,317.0,0.1137255,0.05,60068740.000000
2,396.0,289.0,0.1137255,0.0625,60068888.000000
2,417.0,262.0,0.1137255,0.0625,60069056.000000
1,466.0,190.0,0.058823533,0.025,60069224.000000
2,334.0,319.0,0.121568635,0.0625,60069392.000000
1,465.0,180.0,0.058823533,0.025,60069540.000000
0,397.0,360.0,0.08235294,0.05,60070976.000000
2,418.0,303.0,0.08235294,0.075,60071152.000000
1,469.0,195.0,0.039215688,0.025,60071312.000000
0,316.0,320.0,0.11764707,0.05,60111588.000000
2,348.0,285.0,0.11764707,0.0625,60111760.000000
1,464.0,204.0,0.054901965,0.025,60111924.000000
0,290.0,606.0,0.09411766,0.05,60168696.000000
2,299.0,586.0,0.09411766,0.05,60168836.000000
2,315.0,563.0,0.09411766,0.0625,60169000.000000
1,317.0,561.0,0.09411766,0.0625,60169168.000000
0,318.0,701.0,0.09019608,0.05,60494456.000000
2,328.0,666.0,0.09019608,0.0375,60494604.000000
2,336.0,646.0,0.09019608,0.05,60494748.000000
2,339.0,638.0,0.09019608,0.0625,60494908.000000
2,340.0,629.0,0.09019608,0.05,60495068.000000
1,341.0,626.0,0.09019608,0.05,60495256.000000
0,300.0,704.0,0.06666667,0.05,60499588.000000
2,307.0,692.0,0.10980393,0.075,60499776.000000
2,313.0,677.0,0.10980393,0.05,60499936.000000
2,315.0,667.0,0.10980393,0.05,60500072.000000
2,318.0,659.0,0.10980393,0.0625,60500240.000000
2,321.0,651.0,0.10980393,0.0625,60500392.000000
2,324.0,643.0,0.10980393,0.0625,60500556.000000
2,325.0,640.0,0.10980393,0.075,60500724.000000
2,326.0,637.0,0.10980393,0.0625,60500880.000000
2,326.0,635.0,0.10980393,0.075,60501364.000000
2,327.0,634.0,0.10980393,0.075,60501848.000000
2,327.0,633.0,0.10980393,0.075,60502336.000000
2,328.0,632.0,0.10980393,0.075,60502508.000000
2,326.0,630.0,0.10980393,0.075,60502656.000000
2,326.0,628.0,0.10980393,0.0625,60502824.000000
2,325.0,624.0,0.10980393,0.075,60502984.000000
2,326.0,619.0,0.10980393,0.0875,60503144.000000
2,330.0,608.0,0.10980393,0.075,60503308.000000
2,331.0,603.0,0.10980393,0.0875,60503492.000000
2,333.0,591.0,0.10980393,0.0875,60503648.000000
2,342.0,570.0,0.10980393,0.0625,60503792.000000
2,347.0,559.0,0.10980393,0.075,60503960.000000
2,353.0,548.0,0.10980393,0.075,60504132.000000
2,362.0,536.0,0.10980393,0.075,60504284.000000
2,373.0,524.0,0.10980393,0.075,60504444.000000
1,374.0,523.0,0.050980397,0.0125,60504628.000000
0,321.0,652.0,0.08627451,0.0375,60513652.000000
2,322.0,640.0,0.08627451,0.05,60513812.000000
2,324.0,624.0,0.08627451,0.05,60513972.000000
2,326.0,615.0,0.08627451,0.0625,60514124.000000
2,329.0,605.0,0.08627451,0.0625,60514288.000000
1,329.0,603.0,0.08627451,0.0625,60514472.000000
0,325.0,617.0,0.09411766,0.05,60516560.000000
2,331.0,605.0,0.09411766,0.05,60516728.000000
2,340.0,585.0,0.09411766,0.05,60516876.000000
2,343.0,575.0,0.09411766,0.05,60517040.000000
2,346.0,568.0,0.09411766,0.0625,60517204.000000
2,347.0,565.0,0.09411766,0.0625,60517368.000000
1,348.0,564.0,0.09411766,0.0625,60517688.000000
0,330.0,483.0,0.121568635,0.075,60550152.000000
2,301.0,535.0,0.121568635,0.05,60550304.000000
2,262.0,637.0,0.121568635,0.0625,60550464.000000
2,260.0,653.0,0.121568635,0.05,60550624.000000
1,260.0,654.0,0.121568635,0.05,60550808.000000
0,258.0,709.0,0.078431375,0.05,60551436.000000
2,274.0,687.0,0.078431375,0.0625,60551620.000000
2,281.0,679.0,0.078431375,0.075,60551752.000000
2,286.0,669.0,0.078431375,0.05,60551916.000000
2,289.0,664.0,0.078431375,0.05,60552080.000000
2,292.0,659.0,0.078431375,0.05,60552240.000000
2,297.0,647.0,0.078431375,0.075,60552400.000000
2,301.0,637.0,0.078431375,0.0625,60552560.000000
2,303.0,632.0,0.078431375,0.05,60552724.000000
2,306.0,626.0,0.078431375,0.05,60552884.000000
2,308.0,623.0,0.078431375,0.05,60553048.000000
2,310.0,619.0,0.078431375,0.05,60553212.000000
1,312.0,617.0,0.078431375,0.05,60553400.000000
0,449.0,310.0,0.098039225,0.0625,60725592.000000
2,398.0,382.0,0.098039225,0.075,60725728.000000
1,323.0,611.0,0.098039225,0.025,60725916.000000
0,278.0,703.0,0.10588236,0.05,60729440.000000
2,351.0,517.0,0.10588236,0.075,60729616.000000
2,435.0,375.0,0.10588236,0.0625,60729760.000000
1,439.0,372.0,0.10588236,0.0625,60729952.000000
0,328.0,660.0,0.09411766,0.025,60780752.000000
2,334.0,637.0,0.09411766,0.05,60780908.000000
2,351.0,583.0,0.09411766,0.05,60781068.000000
2,361.0,558.0,0.09411766,0.0875,60781232.000000
1,363.0,555.0,0.09411766,0.075,60781400.000000
0,409.0,346.0,0.10980393,0.075,61064712.000000
2,411.0,335.0,0.15294118,0.0875,61064876.000000
2,419.0,309.0,0.15294118,0.0875,61065036.000000
2,429.0,286.0,0.15294118,0.075,61065196.000000
1,429.0,282.0,0.0627451,0.0375,61065392.000000
0,461.0,148.0,0.1137255,0.0625,61136868.000000
2,428.0,189.0,0.16078432,0.0875,61137024.000000
2,406.0,261.0,0.16078432,0.1,61137188.000000
2,402.0,301.0,0.16078432,0.1,61137352.000000
2,395.0,336.0,0.16078432,0.125,61137520.000000
2,392.0,339.0,0.16078432,0.125,61137668.000000
2,390.0,339.0,0.16078432,0.125,61137832.000000
2,388.0,338.0,0.16078432,0.125,61138024.000000
2,391.0,330.0,0.16078432,0.0875,61138156.000000
2,395.0,317.0,0.16078432,0.075,61138316.000000
2,400.0,302.0,0.16078432,0.0875,61138476.000000
2,406.0,292.0,0.16078432,0.0875,61138636.000000
2,409.0,286.0,0.16078432,0.0875,61138808.000000
2,413.0,280.0,0.16078432,0.112500004,61138968.000000
2,424.0,260.0,0.16078432,0.0875,61139120.000000
2,429.0,254.0,0.16078432,0.075,61139300.000000
2,432.0,251.0,0.16078432,0.075,61139448.000000
2,435.0,245.0,0.16078432,0.075,61139608.000000
2,446.0,227.0,0.11764707,0.075,61139772.000000
2,451.0,217.0,0.11764707,0.0625,61139928.000000
1,454.0,213.0,0.11764707,0.0625,61140136.000000
0,296.0,689.0,0.121568635,0.0625,61169256.000000
2,335.0,534.0,0.121568635,0.0875,61169424.000000
1,444.0,242.0,0.121568635,0.0625,61169576.000000
0,303.0,724.0,0.16078432,0.075,26892522.000000
2,307.0,710.0,0.16078432,0.075,26892708.000000
2,334.0,634.0,0.16078432,0.05,26892852.000000
2,366.0,560.0,0.16078432,0.0875,26893012.000000
2,374.0,545.0,0.16078432,0.075,26893176.000000
1,376.0,540.0,0.16078432,0.0375,26893336.000000
0,21.0,168.0,0.14117648,0.0625,26938060.000000
2,28.0,201.0,0.14117648,0.0625,26938212.000000
2,58.0,307.0,0.14117648,0.0625,26938400.000000
1,62.0,358.0,0.09019608,0.025,26938548.000000
0,36.0,241.0,0.15294118,0.075,26939200.000000
2,40.0,259.0,0.15294118,0.075,26939352.000000
2,52.0,331.0,0.15294118,0.05,26939516.000000
2,62.0,382.0,0.15294118,0.0375,26939670.000000
1,66.0,399.0,0.09411766,0.025,26939832.000000
0,56.0,345.0,0.1254902,0.05,26940966.000000
2,52.0,329.0,0.1764706,0.075,26941140.000000
2,44.0,294.0,0.1764706,0.0625,26941296.000000
2,40.0,278.0,0.1764706,0.075,26941452.000000
1,28.0,220.0,0.050980397,0.0125,26941642.000000
0,19.0,183.0,0.1254902,0.05,26953596.000000
2,21.0,195.0,0.1254902,0.05,26953764.000000
2,21.0,198.0,0.1254902,0.0625,26953924.000000
2,18.0,229.0,0.1254902,0.0375,26954076.000000
1,16.0,294.0,0.08235294,0.025,26954260.000000
0,54.0,268.0,0.14509805,0.05,26972044.000000
2,79.0,328.0,0.14509805,0.05,26972182.000000
2,92.0,369.0,0.14509805,0.05,26972344.000000
2,95.0,378.0,0.14509805,0.05,26972510.000000
2,95.0,386.0,0.14509805,0.05,26972668.000000
2,95.0,393.0,0.14509805,0.05,26972830.000000
2,94.0,396.0,0.14509805,0.05,26972994.000000
2,92.0,395.0,0.14509805,0.0625,26973166.000000
2,91.0,391.0,0.14509805,0.075,26973316.000000
2,90.0,388.0,0.14509805,0.075,26973474.000000
2,89.0,383.0,0.14509805,0.075,26973636.000000
2,87.0,379.0,0.14509805,0.0625,26973800.000000
2,85.0,376.0,0.14509805,0.0625,26973964.000000
2,81.0,371.0,0.14509805,0.05,26974122.000000
2,80.0,368.0,0.14509805,0.05,26974296.000000
2,75.0,356.0,0.14509805,0.0625,26974444.000000
2,72.0,342.0,0.14509805,0.05,26974604.000000
2,69.0,335.0,0.14509805,0.05,26974768.000000
2,100.0,401.0,0.14509805,0.0375,26974926.000000
2,102.0,410.0,0.14509805,0.05,26975088.000000
2,101.0,414.0,0.14509805,0.0625,26975252.000000
2,100.0,413.0,0.14509805,0.05,26975412.000000
2,99.0,410.0,0.14509805,0.05,26975574.000000
2,97.0,405.0,0.14509805,0.05,26975734.000000
2,94.0,401.0,0.14509805,0.05,26975902.000000
2,92.0,399.0,0.14509805,0.05,26976060.000000
2,90.0,396.0,0.14509805,0.0625,26976250.000000
2,87.0,391.0,0.14509805,0.0625,26976380.000000
2,86.0,388.0,0.14509805,0.075,26976540.000000
2,84.0,383.0,0.14509805,0.075,26976696.000000
2,82.0,380.0,0.14509805,0.075,26976848.000000
2,82.0,379.0,0.14509805,0.075,26977012.000000
2,81.0,377.0,0.14509805,0.075,26977332.000000
2,80.0,376.0,0.14509805,0.075,26977496.000000
2,80.0,376.0,0.14509805,0.0625,26977820.000000
2,78.0,377.0,0.14509805,0.0625,26977978.000000
2,78.0,378.0,0.14509805,0.0625,26978140.000000
2,76.0,378.0,0.14509805,0.05,26978792.000000
2,47.0,303.0,0.14509805,0.0625,26978944.000000
1,36.0,218.0,0.06666667,0.0125,26979128.000000
0,65.0,325.0,0.14509805,0.05,26979280.000000
2,45.0,266.0,0.14509805,0.075,26979432.000000
1,36.0,214.0,0.08235294,0.0375,26979612.000000
0,38.0,260.0,0.14509805,0.0625,27001486.000000
2,40.0,271.0,0.14509805,0.075,27001648.000000
2,42.0,309.0,0.14509805,0.0625,27001814.000000
2,42.0,319.0,0.14509805,0.0625,27001972.000000
2,43.0,324.0,0.18823531,0.075,27002136.000000
2,45.0,329.0,0.18823531,0.075,27002300.000000
2,45.0,331.0,0.18823531,0.075,27002460.000000
2,44.0,334.0,0.18823531,0.075,27002618.000000
1,41.0,334.0,0.13725491,0.025,27002780.000000
0,71.0,290.0,0.16470589,0.05,27015052.000000
2,67.0,272.0,0.20784315,0.0875,27015212.000000
1,51.0,201.0,0.08627451,0.025,27015390.000000
0,39.0,207.0,0.18823531,0.075,27035444.000000
2,46.0,231.0,0.18823531,0.1,27035594.000000
2,72.0,315.0,0.18823531,0.075,27035754.000000
2,71.0,322.0,0.18823531,0.0625,27035916.000000
2,69.0,334.0,0.18823531,0.05,27036080.000000
2,68.0,360.0,0.18823531,0.05,27036240.000000
2,69.0,370.0,0.18823531,0.0625,27036400.000000
1,69.0,384.0,0.08235294,0.025,27036580.000000
0,38.0,273.0,0.16078432,0.0625,27036726.000000
2,46.0,309.0,0.16078432,0.0625,27036888.000000
2,48.0,325.0,0.16078432,0.075,27037048.000000
2,49.0,343.0,0.16078432,0.0625,27037212.000000
2,53.0,363.0,0.16078432,0.05,27037372.000000
2,55.0,374.0,0.16078432,0.0625,27037536.000000
2,55.0,388.0,0.16078432,0.05,27037694.000000
2,55.0,390.0,0.16078432,0.0625,27037858.000000
2,52.0,380.0,0.16078432,0.0625,27038020.000000
2,48.0,366.0,0.16078432,0.075,27038180.000000
2,44.0,351.0,0.16078432,0.075,27038340.000000
1,40.0,340.0,0.0627451,0.0125,27038520.000000
0,67.0,341.0,0.15294118,0.05,27039800.000000
2,54.0,303.0,0.20000002,0.0625,27039964.000000
1,35.0,225.0,0.098039225,0.0375,27040140.000000
0,42.0,231.0,0.17254902,0.0625,27058708.000000
2,42.0,245.0,0.17254902,0.05,27058870.000000
2,41.0,263.0,0.17254902,0.075,27059036.000000
2,40.0,264.0,0.17254902,0.075,27059192.000000
1,26.0,212.0,0.07058824,0.025,27059376.000000
0,57.0,340.0,0.16470589,0.05,27066776.000000
2,52.0,324.0,0.16470589,0.075,27066948.000000
1,32.0,239.0,0.11764707,0.025,27067112.000000
0,38.0,331.0,0.10588236,0.0375,27085578.000000
2,37.0,316.0,0.14901961,0.075,27085716.000000
2,36.0,282.0,0.14901961,0.0625,27085880.000000
2,35.0,241.0,0.14901961,0.0625,27086046.000000
1,30.0,212.0,0.08627451,0.0125,27086232.000000
0,32.0,214.0,0.14901961,0.0625,27086866.000000
2,36.0,231.0,0.14901961,0.05,27087032.000000
1,50.0,312.0,0.078431375,0.0125,27087200.000000
0,32.0,214.0,0.14901961,0.0625,27086866.000000
2,36.0,231.0,0.14901961,0.05,27087032.000000
1,50.0,312.0,0.078431375,0.0125,27087200.000000
2,29.0,257.0,0.14509805,0.0625,27087340.000000
2,30.0,281.0,0.14509805,0.05,27087494.000000
2,36.0,315.0,0.14509805,0.0625,27087656.000000
2,37.0,321.0,0.14509805,0.075,27087820.000000
2,37.0,334.0,0.14509805,0.0625,27087976.000000
1,36.0,340.0,0.07450981,0.0125,27088140.000000
0,56.0,340.0,0.13725491,0.05,27091544.000000
2,52.0,329.0,0.13725491,0.05,27091700.000000
2,46.0,303.0,0.18039216,0.075,27091862.000000
1,41.0,284.0,0.121568635,0.05,27092046.000000
0,32.0,203.0,0.16470589,0.075,27094956.000000
2,43.0,279.0,0.16470589,0.0625,27095092.000000
1,60.0,353.0,0.11764707,0.025,27095276.000000
0,51.0,346.0,0.10588236,0.0375,27098484.000000
2,48.0,334.0,0.14901961,0.05,27098658.000000
2,42.0,312.0,0.14901961,0.075,27098808.000000
1,40.0,303.0,0.14901961,0.05,27099000.000000
0,51.0,277.0,0.18431373,0.0625,27114920.000000
2,51.0,288.0,0.18431373,0.075,27115084.000000
2,51.0,291.0,0.18431373,0.0875,27115244.000000
2,49.0,291.0,0.18431373,0.075,27115404.000000
1,37.0,226.0,0.054901965,0.0125,27115578.000000
0,75.0,373.0,0.16078432,0.0625,27116064.000000
2,59.0,329.0,0.16078432,0.0625,27116210.000000
2,54.0,300.0,0.20392159,0.075,27116380.000000
2,47.0,263.0,0.20392159,0.075,27116532.000000
1,33.0,229.0,0.07058824,0.025,27116714.000000
0,60.0,347.0,0.14117648,0.05,27120252.000000
2,52.0,325.0,0.14117648,0.075,27120412.000000
2,43.0,288.0,0.18823531,0.05,27120576.000000
2,39.0,251.0,0.18823531,0.0625,27120734.000000
1,36.0,229.0,0.058823533,0.0125,27120924.000000
0,44.0,263.0,0.16078432,0.05,27136484.000000
2,44.0,274.0,0.16078432,0.075,27136810.000000
2,42.0,274.0,0.20392159,0.075,27136968.000000
1,33.0,226.0,0.09411766,0.025,27137122.000000
0,74.0,318.0,0.16078432,0.05,27141316.000000
2,67.0,302.0,0.16078432,0.1,27141478.000000
1,46.0,238.0,0.09019608,0.025,27141664.000000
0,67.0,342.0,0.14509805,0.05,27141832.000000
2,61.0,330.0,0.14509805,0.075,27141968.000000
1,36.0,243.0,0.098039225,0.05,27142148.000000
0,71.0,359.0,0.1254902,0.05,27142612.000000
2,59.0,330.0,0.17254902,0.075,27142800.000000
1,36.0,229.0,0.1137255,0.025,27142934.000000
0,44.0,232.0,0.1764706,0.0625,27170644.000000
2,40.0,213.0,0.1764706,0.0625,27170936.000000
1,32.0,168.0,0.09019608,0.025,27171128.000000
0,36.0,172.0,0.16470589,0.0625,27171258.000000
2,38.0,188.0,0.16470589,0.0625,27171420.000000
1,86.0,346.0,0.10980393,0.025,27171600.000000
0,22.0,232.0,0.12941177,0.0625,27179304.000000
2,29.0,250.0,0.18039216,0.075,27179436.000000
1,59.0,351.0,0.0627451,0.0125,27179632.000000
0,19.0,248.0,0.121568635,0.05,27180086.000000
2,22.0,260.0,0.121568635,0.05,27180256.000000
2,24.0,279.0,0.121568635,0.0625,27180434.000000
2,21.0,254.0,0.121568635,0.025,27180572.000000
2,17.0,232.0,0.121568635,0.0375,27180740.000000
2,23.0,263.0,0.121568635,0.075,27180908.000000
2,41.0,325.0,0.16862746,0.0625,27181060.000000
1,45.0,346.0,0.121568635,0.05,27181226.000000
0,19.0,248.0,0.121568635,0.05,27180086.000000
2,22.0,260.0,0.121568635,0.05,27180256.000000
2,24.0,279.0,0.121568635,0.0625,27180434.000000
2,21.0,254.0,0.121568635,0.025,27180572.000000
2,17.0,232.0,0.121568635,0.0375,27180740.000000
2,23.0,263.0,0.121568635,0.075,27180908.000000
2,41.0,325.0,0.16862746,0.0625,27181060.000000
1,45.0,346.0,0.121568635,0.05,27181226.000000
2,13.0,273.0,0.09411766,0.0375,27181384.000000
2,13.0,280.0,0.09411766,0.0375,27181548.000000
2,14.0,296.0,0.09411766,0.0375,27181704.000000
1,15.0,300.0,0.09411766,0.025,27181888.000000
0,22.0,233.0,0.1254902,0.05,27188168.000000
2,22.0,244.0,0.1254902,0.05,27188342.000000
2,24.0,281.0,0.1254902,0.0625,27188488.000000
2,33.0,324.0,0.1254902,0.05,27188650.000000
1,41.0,350.0,0.1254902,0.0375,27188812.000000
0,18.0,266.0,0.098039225,0.025,27190448.000000
2,25.0,294.0,0.098039225,0.05,27190590.000000
2,34.0,335.0,0.098039225,0.05,27190768.000000
1,39.0,359.0,0.098039225,0.05,27190928.000000
0,36.0,327.0,0.1254902,0.05,27200292.000000
2,31.0,301.0,0.1254902,0.05,27200452.000000
2,24.0,236.0,0.1254902,0.0625,27200618.000000
2,23.0,220.0,0.1254902,0.05,27200774.000000
2,22.0,214.0,0.1254902,0.05,27200986.000000
2,22.0,210.0,0.1254902,0.05,27201100.000000
1,21.0,209.0,0.1254902,0.0375,27201282.000000
0,51.0,260.0,0.16470589,0.0625,27218072.000000
2,57.0,273.0,0.16470589,0.075,27218220.000000
2,79.0,329.0,0.16470589,0.05,27218370.000000
1,96.0,376.0,0.16470589,0.0375,27218556.000000
0,63.0,325.0,0.15294118,0.0625,27221924.000000
2,58.0,310.0,0.15294118,0.0625,27222094.000000
1,37.0,231.0,0.15294118,0.0625,27222280.000000
0,33.0,259.0,0.13333334,0.0625,27226776.000000
2,38.0,271.0,0.13333334,0.0625,27226944.000000
1,76.0,361.0,0.09019608,0.025,27227128.000000
0,37.0,295.0,0.12941177,0.075,27227928.000000
2,40.0,309.0,0.12941177,0.0625,27228080.000000
2,43.0,319.0,0.12941177,0.0625,27228230.000000
2,49.0,339.0,0.12941177,0.05,27228458.000000
2,33.0,275.0,0.12941177,0.0625,27228560.000000
1,25.0,250.0,0.08235294,0.025,27228728.000000
0,34.0,350.0,0.121568635,0.0625,27228900.000000
2,20.0,271.0,0.121568635,0.05,27229036.000000
1,16.0,243.0,0.07058824,0.0125,27229216.000000
0,22.0,321.0,0.1137255,0.0375,27229688.000000
2,17.0,261.0,0.1137255,0.025,27229872.000000
1,14.0,213.0,0.07058824,0.0125,27230032.000000
0,420.0,243.0,0.14117648,0.0875,28440696.000000
2,413.0,255.0,0.14117648,0.0875,28440860.000000
2,354.0,370.0,0.14117648,0.075,28441020.000000
2,322.0,469.0,0.14117648,0.075,28441196.000000
2,15.0,276.0,0.11764707,0.05,28441340.000000
2,37.0,353.0,0.11764707,0.075,28441504.000000
2,392.0,306.0,0.13725491,0.05,28441668.000000
2,374.0,363.0,0.13725491,0.0875,28441828.000000
2,366.0,388.0,0.13725491,0.075,28441988.000000
1,362.0,396.0,0.054901965,0.025,28442154.000000
0,22.0,213.0,0.11764707,0.0625,28470636.000000
2,30.0,228.0,0.11764707,0.075,28470800.000000
1,66.0,373.0,0.10588236,0.0625,28470988.000000
0,385.0,339.0,0.121568635,0.0625,28477740.000000
2,412.0,296.0,0.121568635,0.075,28477904.000000
2,461.0,229.0,0.121568635,0.0375,28478064.000000
1,465.0,222.0,0.121568635,0.0375,28478244.000000
0,28.0,258.0,0.1254902,0.0625,28548630.000000
2,45.0,335.0,0.16862746,0.075,28548792.000000
1,48.0,388.0,0.11764707,0.05,28548968.000000
0,35.0,283.0,0.14117648,0.075,28549436.000000
1,40.0,376.0,0.07058824,0.0375,28549618.000000
2,37.0,273.0,0.18039216,0.075,28549788.000000
2,37.0,261.0,0.18039216,0.075,28549936.000000
1,23.0,214.0,0.03529412,0.0125,28550108.000000
0,32.0,230.0,0.10588236,0.05,28609880.000000
2,35.0,241.0,0.14901961,0.075,28610042.000000
2,41.0,271.0,0.14901961,0.075,28610204.000000
2,46.0,336.0,0.14901961,0.05,28610366.000000
1,47.0,383.0,0.09019608,0.025,28610556.000000
0,46.0,286.0,0.16862746,0.075,28616332.000000
2,49.0,273.0,0.16862746,0.1,28616496.000000
2,44.0,218.0,0.16862746,0.075,28616668.000000
1,39.0,208.0,0.08627451,0.05,28616812.000000
0,35.0,177.0,0.16078432,0.0875,28617470.000000
2,58.0,273.0,0.16078432,0.075,28617640.000000
1,58.0,344.0,0.043137256,0.0125,28617784.000000
0,50.0,336.0,0.14117648,0.075,28618940.000000
2,41.0,245.0,0.14117648,0.05,28619108.000000
1,18.0,146.0,0.04705883,0.025,28619276.000000
0,45.0,280.0,0.14117648,0.0625,28619748.000000
2,50.0,291.0,0.14117648,0.075,28620090.000000
2,50.0,298.0,0.14117648,0.0625,28620232.000000
1,47.0,309.0,0.09411766,0.05,28620414.000000
0,56.0,276.0,0.13725491,0.075,28622332.000000
2,65.0,293.0,0.13725491,0.075,28622500.000000
2,73.0,329.0,0.13725491,0.0625,28622658.000000
1,73.0,346.0,0.07058824,0.0375,28622816.000000
0,37.0,256.0,0.1254902,0.075,28623792.000000
2,52.0,292.0,0.1254902,0.0625,28623950.000000
1,63.0,355.0,0.08235294,0.0125,28624138.000000
0,65.0,292.0,0.15294118,0.075,28624596.000000
2,71.0,322.0,0.15294118,0.075,28624756.000000
1,75.0,393.0,0.06666667,0.0375,28624942.000000
0,26.0,320.0,0.1137255,0.0625,28696534.000000
2,32.0,272.0,0.1137255,0.0625,28696680.000000
1,21.0,225.0,0.043137256,0.025,28696848.000000
0,15.0,322.0,0.08627451,0.0375,28704744.000000
2,18.0,311.0,0.08627451,0.05,28704916.000000
2,19.0,295.0,0.08627451,0.05,28705068.000000
2,19.0,281.0,0.08627451,0.075,28705228.000000
2,18.0,263.0,0.08627451,0.05,28705388.000000
2,17.0,258.0,0.08627451,0.05,28705552.000000
1,16.0,256.0,0.08627451,0.0375,28705724.000000
0,25.0,230.0,0.09411766,0.05,28710088.000000
2,44.0,284.0,0.13725491,0.075,28710236.000000
1,40.0,307.0,0.09019608,0.05,28710420.000000
0,37.0,262.0,0.11764707,0.0625,28710724.000000
2,41.0,304.0,0.11764707,0.05,28710884.000000
1,44.0,327.0,0.11764707,0.075,28711072.000000
0,45.0,352.0,0.121568635,0.05,28784104.000000
2,45.0,340.0,0.16470589,0.075,28784436.000000
2,44.0,328.0,0.16470589,0.0625,28784588.000000
2,41.0,310.0,0.16470589,0.075,28784748.000000
1,38.0,302.0,0.07058824,0.0125,28784938.000000
0,16.0,266.0,0.098039225,0.0625,28787500.000000
2,29.0,283.0,0.098039225,0.075,28787662.000000
1,42.0,357.0,0.098039225,0.0625,28787846.000000
0,13.0,219.0,0.09019608,0.0375,28820704.000000
2,21.0,243.0,0.09019608,0.0625,28820866.000000
1,30.0,290.0,0.09019608,0.0625,28821052.000000
0,25.0,239.0,0.1137255,0.0625,28821996.000000
2,44.0,278.0,0.1137255,0.075,28822160.000000
1,53.0,332.0,0.1137255,0.0625,28822338.000000
0,36.0,261.0,0.1254902,0.0625,28822804.000000
2,47.0,307.0,0.1254902,0.05,28822962.000000
1,53.0,359.0,0.1254902,0.05,28823156.000000
0,401.0,331.0,0.1137255,0.0625,28904648.000000
2,418.0,311.0,0.1137255,0.0625,28904802.000000
2,443.0,284.0,0.1137255,0.0625,28904970.000000
1,446.0,281.0,0.1137255,0.0625,28905452.000000
0,322.0,500.0,0.14117648,0.0875,28928272.000000
2,316.0,540.0,0.14117648,0.0875,28928422.000000
2,298.0,606.0,0.14117648,0.075,28928588.000000
2,281.0,667.0,0.14117648,0.0875,28928742.000000
1,274.0,687.0,0.14117648,0.0625,28928924.000000
0,65.0,370.0,0.16078432,0.0875,28946356.000000
2,63.0,339.0,0.16078432,0.0875,28946504.000000
1,24.0,149.0,0.039215688,0.0125,28946692.000000
0,83.0,344.0,0.10196079,0.0625,28960110.000000
2,83.0,325.0,0.15294118,0.0625,28960296.000000
2,53.0,240.0,0.15294118,0.0875,28960428.000000
1,31.0,157.0,0.09411766,0.025,28960608.000000
0,44.0,276.0,0.14901961,0.075,28982868.000000
2,48.0,296.0,0.14901961,0.0625,28983028.000000
2,51.0,320.0,0.14901961,0.075,28983194.000000
2,54.0,351.0,0.14901961,0.1,28983352.000000
1,53.0,357.0,0.09019608,0.05,28983540.000000
0,46.0,345.0,0.1137255,0.075,28984482.000000
2,47.0,334.0,0.15686275,0.0625,28984680.000000
2,47.0,316.0,0.15686275,0.075,28984808.000000
1,47.0,305.0,0.08627451,0.0375,28984992.000000
0,46.0,345.0,0.1137255,0.075,28984482.000000
2,47.0,334.0,0.15686275,0.0625,28984680.000000
2,47.0,316.0,0.15686275,0.075,28984808.000000
1,47.0,305.0,0.08627451,0.0375,28984992.000000
2,51.0,275.0,0.14509805,0.0625,28985140.000000
1,27.0,197.0,0.09019608,0.05,28985324.000000
0,64.0,301.0,0.050980397,0.0125,28986104.000000
2,71.0,312.0,0.18431373,0.0625,28986424.000000
1,73.0,331.0,0.09411766,0.05,28986626.000000
0,64.0,301.0,0.050980397,0.0125,28986104.000000
2,71.0,312.0,0.18431373,0.0625,28986424.000000
1,73.0,331.0,0.09411766,0.05,28986626.000000
2,66.0,241.0,0.16078432,0.0875,28986762.000000
2,77.0,297.0,0.16078432,0.05,28986916.000000
1,78.0,329.0,0.1137255,0.05,28987080.000000
0,14.0,195.0,0.09411766,0.0375,29010332.000000
2,26.0,211.0,0.13725491,0.0625,29010492.000000
1,71.0,353.0,0.08235294,0.025,29010680.000000
0,39.0,278.0,0.14509805,0.075,29011132.000000
2,43.0,289.0,0.14509805,0.075,29011300.000000
2,49.0,322.0,0.14509805,0.075,29011460.000000
1,52.0,364.0,0.14509805,0.0625,29011648.000000
0,12.0,258.0,0.08235294,0.0375,29011782.000000
2,25.0,281.0,0.1254902,0.075,29011964.000000
2,37.0,324.0,0.1254902,0.075,29012102.000000
2,41.0,341.0,0.1254902,0.075,29012264.000000
2,43.0,352.0,0.1254902,0.0875,29012436.000000
2,41.0,348.0,0.1254902,0.075,29012588.000000
2,32.0,305.0,0.1254902,0.075,29012752.000000
2,21.0,264.0,0.1254902,0.05,29012912.000000
1,18.0,255.0,0.07450981,0.025,29013104.000000
0,46.0,347.0,0.15686275,0.075,29023094.000000
2,45.0,335.0,0.15686275,0.0625,29023262.000000
2,36.0,267.0,0.15686275,0.075,29023416.000000
1,27.0,245.0,0.058823533,0.025,29023580.000000
0,41.0,326.0,0.14117648,0.075,29023908.000000
2,40.0,315.0,0.14117648,0.075,29024064.000000
2,39.0,285.0,0.14117648,0.0625,29024224.000000
2,35.0,252.0,0.14117648,0.075,29024388.000000
1,29.0,235.0,0.09411766,0.025,29024548.000000
0,27.0,352.0,0.098039225,0.05,29025682.000000
2,32.0,339.0,0.14117648,0.075,29025844.000000
2,30.0,263.0,0.14117648,0.0625,29026014.000000
1,20.0,144.0,0.03529412,0.0125,29026184.000000
0,465.0,204.0,0.1137255,0.0625,29074642.000000
2,457.0,215.0,0.1137255,0.075,29074816.000000
2,411.0,285.0,0.16078432,0.1,29074968.000000
2,399.0,305.0,0.16078432,0.0875,29075156.000000
2,398.0,308.0,0.16078432,0.0875,29075292.000000
2,397.0,309.0,0.16078432,0.075,29075454.000000
1,397.0,309.0,0.16078432,0.075,29075656.000000
0,394.0,296.0,0.15294118,0.075,29076124.000000
2,390.0,314.0,0.15294118,0.0875,29076286.000000
2,374.0,362.0,0.15294118,0.1,29076424.000000
2,370.0,375.0,0.15294118,0.1,29076590.000000
2,369.0,378.0,0.15294118,0.1,29076746.000000
2,368.0,382.0,0.15294118,0.1,29076912.000000
2,367.0,384.0,0.15294118,0.1,29077074.000000
2,367.0,388.0,0.15294118,0.0875,29077236.000000
2,366.0,391.0,0.15294118,0.0875,29077400.000000
2,365.0,392.0,0.15294118,0.1,29077556.000000
2,364.0,393.0,0.15294118,0.075,29077878.000000
2,362.0,395.0,0.15294118,0.075,29078044.000000
2,361.0,398.0,0.15294118,0.0875,29078204.000000
2,359.0,401.0,0.15294118,0.0875,29078368.000000
2,358.0,403.0,0.15294118,0.0875,29078528.000000
1,358.0,403.0,0.15294118,0.0875,29078850.000000
0,344.0,357.0,0.14901961,0.0625,29108994.000000
2,371.0,311.0,0.14901961,0.1,29109128.000000
2,416.0,250.0,0.19607845,0.1,29109292.000000
2,419.0,266.0,0.19607845,0.112500004,29109452.000000
1,408.0,284.0,0.19607845,0.1,29109624.000000
0,31.0,322.0,0.098039225,0.05,29350780.000000
2,34.0,310.0,0.098039225,0.075,29351106.000000
2,33.0,290.0,0.098039225,0.0625,29351260.000000
2,30.0,270.0,0.098039225,0.0625,29351420.000000
2,27.0,261.0,0.098039225,0.0625,29351580.000000
2,25.0,255.0,0.098039225,0.0625,29351742.000000
2,24.0,252.0,0.098039225,0.0625,29351908.000000
2,23.0,247.0,0.098039225,0.0625,29352068.000000
2,22.0,240.0,0.098039225,0.075,29352230.000000
1,21.0,230.0,0.098039225,0.0375,29352412.000000
0,52.0,319.0,0.121568635,0.05,29353848.000000
2,46.0,270.0,0.121568635,0.0625,29354006.000000
2,44.0,246.0,0.16470589,0.075,29354168.000000
2,46.0,243.0,0.16470589,0.0875,29354340.000000
2,51.0,265.0,0.16470589,0.0625,29354494.000000
2,55.0,279.0,0.16470589,0.075,29354658.000000
2,57.0,292.0,0.16470589,0.075,29354816.000000
2,59.0,324.0,0.16470589,0.0625,29354978.000000
1,57.0,336.0,0.07058824,0.025,29355140.000000
0,391.0,280.0,0.15686275,0.075,29620088.000000
2,385.0,292.0,0.15686275,0.0875,29620222.000000
2,376.0,311.0,0.15686275,0.0875,29620380.000000
2,371.0,323.0,0.15686275,0.0875,29620560.000000
2,409.0,273.0,0.15686275,0.0875,29620700.000000
1,421.0,262.0,0.08235294,0.0625,29620872.000000
0,401.0,343.0,0.1137255,0.0625,29622204.000000
2,412.0,302.0,0.1137255,0.075,29622326.000000
2,429.0,259.0,0.1137255,0.0625,29622484.000000
1,434.0,253.0,0.1137255,0.0625,29622664.000000
0,361.0,335.0,0.121568635,0.0625,29622804.000000
2,385.0,296.0,0.121568635,0.0625,29622968.000000
2,440.0,216.0,0.121568635,0.075,29623128.000000
1,469.0,168.0,0.03529412,0.0125,29623288.000000
0,45.0,238.0,0.15294118,0.075,29644056.000000
2,62.0,288.0,0.15294118,0.075,29644222.000000
2,66.0,306.0,0.15294118,0.1,29644382.000000
1,65.0,308.0,0.15294118,0.0875,29644570.000000
0,350.0,373.0,0.14117648,0.075,29646492.000000
2,394.0,259.0,0.14117648,0.075,29646642.000000
1,445.0,185.0,0.06666667,0.0375,29646826.000000
0,44.0,243.0,0.16862746,0.075,29657506.000000
2,55.0,280.0,0.16862746,0.075,29657656.000000
1,75.0,367.0,0.06666667,0.025,29657836.000000
0,36.0,323.0,0.078431375,0.05,29667686.000000
2,36.0,312.0,0.121568635,0.075,29667854.000000
2,35.0,293.0,0.121568635,0.0625,29668012.000000
2,34.0,271.0,0.121568635,0.0625,29668166.000000
2,34.0,248.0,0.121568635,0.0625,29668336.000000
2,26.0,167.0,0.121568635,0.075,29668492.000000
1,24.0,162.0,0.078431375,0.0125,29668652.000000
0,68.0,332.0,0.13725491,0.075,29676576.000000
2,49.0,276.0,0.13725491,0.0625,29676742.000000
2,33.0,206.0,0.13725491,0.0625,29676908.000000
1,22.0,170.0,0.027450982,0.0125,29677088.000000
0,51.0,319.0,0.14509805,0.0625,29695606.000000
2,43.0,244.0,0.14509805,0.075,29695760.000000
1,27.0,152.0,0.050980397,0.025,29695924.000000
0,51.0,319.0,0.14509805,0.0625,29695606.000000
2,43.0,244.0,0.14509805,0.075,29695760.000000
1,27.0,152.0,0.050980397,0.025,29695924.000000
2,67.0,324.0,0.12941177,0.0875,29696072.000000
2,41.0,231.0,0.12941177,0.075,29696230.000000
1,30.0,191.0,0.08627451,0.025,29696392.000000
0,52.0,350.0,0.10196079,0.05,29712598.000000
2,36.0,267.0,0.14509805,0.075,29712758.000000
1,21.0,195.0,0.09019608,0.025,29712936.000000
0,19.0,335.0,0.08235294,0.05,29713590.000000
2,21.0,312.0,0.08235294,0.05,29713740.000000
2,22.0,238.0,0.08235294,0.0625,29713892.000000
2,22.0,212.0,0.1254902,0.075,29714052.000000
1,21.0,205.0,0.04705883,0.025,29714208.000000
0,20.0,334.0,0.09411766,0.05,29718436.000000
2,25.0,321.0,0.09411766,0.0625,29718576.000000
2,25.0,317.0,0.09411766,0.0625,29718734.000000
2,26.0,304.0,0.09411766,0.0625,29718892.000000
1,24.0,297.0,0.09411766,0.0375,29719088.000000
0,39.0,353.0,0.1137255,0.05,29734700.000000
2,42.0,341.0,0.16078432,0.075,29735018.000000
2,37.0,301.0,0.16078432,0.075,29735182.000000
2,29.0,253.0,0.16078432,0.0625,29735340.000000
1,24.0,234.0,0.06666667,0.025,29735534.000000
0,39.0,353.0,0.1137255,0.05,29734700.000000
2,42.0,341.0,0.16078432,0.075,29735018.000000
2,37.0,301.0,0.16078432,0.075,29735182.000000
2,29.0,253.0,0.16078432,0.0625,29735340.000000
1,24.0,234.0,0.06666667,0.025,29735534.000000
2,48.0,333.0,0.12941177,0.05,29735680.000000
2,38.0,273.0,0.12941177,0.075,29735830.000000
2,26.0,201.0,0.07450981,0.025,29735984.000000
2,61.0,324.0,0.14117648,0.0875,29736152.000000
2,42.0,260.0,0.14117648,0.075,29736316.000000
1,22.0,163.0,0.04705883,0.025,29736472.000000
0,45.0,273.0,0.17254902,0.075,29744720.000000
2,54.0,307.0,0.17254902,0.1,29744882.000000
2,55.0,361.0,0.17254902,0.075,29745036.000000
2,57.0,383.0,0.17254902,0.1,29745198.000000
2,57.0,397.0,0.17254902,0.1,29745364.000000
2,58.0,399.0,0.17254902,0.112500004,29745528.000000
2,57.0,398.0,0.17254902,0.112500004,29745700.000000
2,56.0,393.0,0.17254902,0.1,29745848.000000
2,50.0,350.0,0.17254902,0.0875,29746008.000000
1,20.0,201.0,0.06666667,0.025,29746194.000000
0,63.0,328.0,0.17254902,0.1,29746994.000000
2,63.0,315.0,0.17254902,0.1,29747172.000000
2,62.0,299.0,0.17254902,0.1,29747300.000000
2,63.0,296.0,0.17254902,0.1,29747464.000000
1,74.0,369.0,0.07058824,0.0375,29747634.000000
0,32.0,274.0,0.12941177,0.075,29760282.000000
2,35.0,290.0,0.12941177,0.075,29760442.000000
2,41.0,342.0,0.12941177,0.05,29760602.000000
2,46.0,378.0,0.17254902,0.075,29760766.000000
2,40.0,354.0,0.17254902,0.075,29760926.000000
2,35.0,299.0,0.17254902,0.075,29761088.000000
2,35.0,262.0,0.17254902,0.075,29761248.000000
1,23.0,243.0,0.043137256,0.025,29761436.000000
0,40.0,239.0,0.16078432,0.075,29782804.000000
2,51.0,266.0,0.16078432,0.075,29782964.000000
2,56.0,317.0,0.16078432,0.075,29783124.000000
1,57.0,325.0,0.16078432,0.0625,29783300.000000
0,375.0,228.0,0.10196079,0.025,29935020.000000
2,370.0,242.0,0.10196079,0.0625,29935190.000000
1,337.0,370.0,0.04705883,0.0125,29935372.000000
0,344.0,259.0,0.1254902,0.0625,29955980.000000
2,338.0,270.0,0.1254902,0.0875,29956148.000000
2,311.0,349.0,0.1254902,0.05,29956304.000000
2,309.0,360.0,0.1254902,0.0625,29956466.000000
2,374.0,281.0,0.1254902,0.05,29956628.000000
1,383.0,274.0,0.04705883,0.0125,29956788.000000
0,266.0,362.0,0.121568635,0.05,29962944.000000
2,304.0,323.0,0.121568635,0.05,29963094.000000
1,420.0,185.0,0.121568635,0.05,29963278.000000
0,262.0,364.0,0.098039225,0.05,29979932.000000
2,278.0,337.0,0.098039225,0.05,29980096.000000
2,384.0,191.0,0.098039225,0.05,29980244.000000
1,424.0,140.0,0.098039225,0.0625,29980426.000000
0,248.0,329.0,0.10196079,0.0625,29980752.000000
2,269.0,298.0,0.10196079,0.075,29980892.000000
2,344.0,231.0,0.10196079,0.05,29981048.000000
1,353.0,224.0,0.10196079,0.05,29981244.000000
0,353.0,271.0,0.098039225,0.05,29989816.000000
2,350.0,284.0,0.098039225,0.05,29989970.000000
1,346.0,387.0,0.04705883,0.025,29990138.000000
0,249.0,656.0,0.09411766,0.0375,30091638.000000
2,251.0,582.0,0.09411766,0.05,30091806.000000
1,345.0,283.0,0.050980397,0.0125,30091992.000000
0,309.0,302.0,0.1254902,0.075,30154724.000000
2,316.0,289.0,0.1254902,0.0625,30154900.000000
2,389.0,166.0,0.1254902,0.075,30155048.000000
1,403.0,144.0,0.04705883,0.025,30155232.000000
0,303.0,322.0,0.10588236,0.05,30174848.000000
2,313.0,285.0,0.10588236,0.05,30174996.000000
2,341.0,190.0,0.10588236,0.05,30175160.000000
1,344.0,186.0,0.10588236,0.05,30175320.000000
0,308.0,319.0,0.10980393,0.05,30179208.000000
2,329.0,264.0,0.10980393,0.0625,30179360.000000
2,401.0,130.0,0.10980393,0.075,30179520.000000
1,405.0,122.0,0.10980393,0.075,30179710.000000
0,336.0,308.0,0.09019608,0.0375,30259264.000000
2,337.0,323.0,0.09019608,0.05,30259428.000000
2,338.0,350.0,0.09019608,0.05,30259592.000000
2,338.0,354.0,0.09019608,0.05,30259756.000000
1,337.0,356.0,0.09019608,0.05,30259944.000000
0,215.0,379.0,0.1254902,0.075,30266864.000000
2,296.0,284.0,0.1254902,0.05,30267032.000000
1,371.0,216.0,0.04705883,0.0125,30267198.000000
0,224.0,360.0,0.12941177,0.05,30267350.000000
2,309.0,269.0,0.12941177,0.05,30267528.000000
1,379.0,214.0,0.078431375,0.05,30267672.000000
0,288.0,341.0,0.121568635,0.05,30282220.000000
2,304.0,326.0,0.121568635,0.05,30282360.000000
2,329.0,303.0,0.121568635,0.0625,30282524.000000
1,335.0,299.0,0.121568635,0.0625,30282684.000000
0,178.0,361.0,0.078431375,0.05,30283976.000000
2,204.0,336.0,0.078431375,0.0625,30284140.000000
2,235.0,315.0,0.078431375,0.05,30284302.000000
1,243.0,311.0,0.121568635,0.0625,30284492.000000
0,203.0,368.0,0.09019608,0.05,30285932.000000
2,280.0,296.0,0.09019608,0.0625,30286084.000000
2,308.0,274.0,0.13333334,0.05,30286248.000000
1,310.0,273.0,0.13333334,0.05,30286568.000000
0,172.0,314.0,0.08627451,0.05,30288818.000000
2,206.0,284.0,0.08627451,0.0625,30288982.000000
2,279.0,240.0,0.12941177,0.0625,30289140.000000
1,297.0,227.0,0.12941177,0.05,30289322.000000
0,258.0,349.0,0.09411766,0.05,30290434.000000
2,283.0,318.0,0.09411766,0.05,30290592.000000
1,295.0,302.0,0.09411766,0.0625,30290752.000000
0,376.0,259.0,0.09411766,0.0375,30328964.000000
2,368.0,301.0,0.09411766,0.0375,30329124.000000
2,368.0,313.0,0.09411766,0.05,30329288.000000
2,396.0,245.0,0.09411766,0.0625,30329450.000000
1,431.0,202.0,0.050980397,0.025,30329632.000000
0,335.0,315.0,0.09019608,0.05,30330116.000000
2,341.0,300.0,0.09019608,0.05,30330260.000000
2,398.0,200.0,0.09019608,0.0625,30330424.000000
1,407.0,194.0,0.09019608,0.0625,30330618.000000
0,377.0,227.0,0.08627451,0.025,30332356.000000
2,370.0,264.0,0.08627451,0.0375,30332520.000000
1,368.0,273.0,0.08627451,0.05,30332858.000000
0,336.0,275.0,0.098039225,0.05,30333326.000000
2,333.0,295.0,0.098039225,0.0375,30333492.000000
2,321.0,340.0,0.098039225,0.05,30333650.000000
2,320.0,367.0,0.098039225,0.0625,30333812.000000
2,320.0,373.0,0.098039225,0.05,30333976.000000
2,319.0,379.0,0.098039225,0.0625,30334134.000000
2,318.0,383.0,0.098039225,0.0625,30334294.000000
2,318.0,384.0,0.098039225,0.05,30334456.000000
2,319.0,383.0,0.098039225,0.05,30334620.000000
2,322.0,377.0,0.098039225,0.05,30334786.000000
2,323.0,372.0,0.098039225,0.0375,30334944.000000
2,324.0,369.0,0.098039225,0.05,30335104.000000
2,324.0,367.0,0.098039225,0.05,30335264.000000
2,325.0,366.0,0.098039225,0.025,30335424.000000
2,332.0,360.0,0.098039225,0.05,30335586.000000
2,342.0,355.0,0.098039225,0.05,30335748.000000
1,344.0,354.0,0.098039225,0.05,30336070.000000
0,267.0,353.0,0.10588236,0.05,30337384.000000
2,314.0,297.0,0.10588236,0.0625,30337536.000000
1,409.0,183.0,0.10588236,0.0375,30337702.000000
0,304.0,368.0,0.121568635,0.05,30382210.000000
2,394.0,228.0,0.078431375,0.05,30382360.000000
1,400.0,224.0,0.078431375,0.05,30382540.000000
0,294.0,316.0,0.1254902,0.05,30399140.000000
2,361.0,227.0,0.1254902,0.0625,30399320.000000
1,453.0,147.0,0.03137255,0.0125,30399488.000000
0,321.0,326.0,0.13333334,0.0625,30399624.000000
2,387.0,239.0,0.13333334,0.05,30399784.000000
1,400.0,226.0,0.13333334,0.05,30399970.000000
0,325.0,315.0,0.08235294,0.025,30465566.000000
2,345.0,234.0,0.08235294,0.05,30465708.000000
1,411.0,86.0,0.08235294,0.0375,30465900.000000
0,289.0,314.0,0.08235294,0.0375,30466516.000000
2,337.0,175.0,0.08235294,0.0625,30466680.000000
1,371.0,118.0,0.08235294,0.0625,30466840.000000
0,253.0,308.0,0.10980393,0.05,30467338.000000
2,303.0,183.0,0.10980393,0.05,30467502.000000
1,385.0,63.0,0.10980393,0.05,30467654.000000
0,251.0,307.0,0.10588236,0.05,30468472.000000
2,277.0,259.0,0.10588236,0.0625,30468644.000000
1,376.0,75.0,0.10588236,0.05,30468808.000000
0,287.0,321.0,0.09411766,0.025,30471216.000000
2,314.0,253.0,0.09411766,0.0625,30471372.000000
2,319.0,246.0,0.09411766,0.0625,30471536.000000
1,320.0,246.0,0.09411766,0.0375,30471700.000000
0,344.0,162.0,0.098039225,0.05,30471900.000000
2,323.0,275.0,0.098039225,0.05,30472044.000000
1,318.0,316.0,0.098039225,0.025,30472244.000000
0,291.0,351.0,0.10588236,0.05,30475596.000000
2,365.0,181.0,0.10588236,0.0375,30475776.000000
1,412.0,107.0,0.058823533,0.025,30475940.000000
0,346.0,707.0,0.11764707,0.05,70629200.000000
2,361.0,677.0,0.11764707,0.0875,70629376.000000
2,382.0,619.0,0.11764707,0.0875,70629536.000000
2,405.0,552.0,0.11764707,0.0875,70629688.000000
2,412.0,540.0,0.16078432,0.075,70629848.000000
2,423.0,495.0,0.16078432,0.075,70630016.000000
2,431.0,450.0,0.16078432,0.075,70630176.000000
1,433.0,443.0,0.058823533,0.025,70630368.000000
0,328.0,705.0,0.10588236,0.05,70638864.000000
2,335.0,683.0,0.10588236,0.0625,70639024.000000
2,342.0,658.0,0.10588236,0.075,70639176.000000
2,345.0,642.0,0.10588236,0.0625,70639336.000000
2,347.0,632.0,0.10588236,0.05,70639504.000000
2,349.0,623.0,0.10588236,0.05,70639664.000000
2,353.0,613.0,0.10588236,0.0625,70639824.000000
2,358.0,597.0,0.10588236,0.0625,70639984.000000
2,364.0,580.0,0.10588236,0.075,70640144.000000
1,368.0,572.0,0.10588236,0.025,70640328.000000
0,416.0,345.0,0.14117648,0.075,70666032.000000
2,350.0,441.0,0.14117648,0.0625,70666184.000000
2,345.0,460.0,0.14117648,0.075,70666352.000000
2,442.0,335.0,0.14117648,0.075,70666504.000000
1,458.0,311.0,0.14117648,0.075,70666704.000000
0,332.0,680.0,0.13333334,0.075,70667000.000000
2,353.0,619.0,0.13333334,0.075,70667152.000000
2,359.0,604.0,0.13333334,0.0875,70667336.000000
2,361.0,591.0,0.13333334,0.075,70667480.000000
2,374.0,547.0,0.13333334,0.075,70667632.000000
1,383.0,531.0,0.13333334,0.0625,70667800.000000
0,325.0,732.0,0.1254902,0.075,70668448.000000
2,329.0,699.0,0.1254902,0.075,70668608.000000
2,432.0,350.0,0.1254902,0.0625,70668776.000000
1,469.0,286.0,0.078431375,0.025,70668952.000000
0,74.0,222.0,0.17254902,0.075,70706240.000000
2,70.0,239.0,0.17254902,0.0875,70706408.000000
2,68.0,260.0,0.17254902,0.1,70706568.000000
2,64.0,267.0,0.17254902,0.0875,70706728.000000
2,62.0,294.0,0.17254902,0.1,70706888.000000
2,73.0,340.0,0.17254902,0.0625,70707048.000000
1,76.0,351.0,0.12941177,0.05,70707208.000000
0,99.0,336.0,0.18431373,0.0875,70746480.000000
2,82.0,316.0,0.18431373,0.1,70746640.000000
2,63.0,291.0,0.18431373,0.0875,70746800.000000
2,43.0,254.0,0.18431373,0.0875,70746960.000000
2,44.0,253.0,0.18431373,0.112500004,70747128.000000
2,52.0,257.0,0.227451,0.112500004,70747296.000000
2,56.0,260.0,0.227451,0.125,70747448.000000
1,29.0,243.0,0.10196079,0.0625,70747632.000000
0,379.0,345.0,0.15686275,0.075,70748416.000000
2,392.0,328.0,0.15686275,0.0875,70748584.000000
2,402.0,302.0,0.15686275,0.1,70748752.000000
2,410.0,293.0,0.15686275,0.0875,70748896.000000
1,410.0,293.0,0.15686275,0.0875,70749072.000000
0,32.0,324.0,0.10980393,0.0625,71168584.000000
2,30.0,305.0,0.10980393,0.075,71168736.000000
2,24.0,221.0,0.10980393,0.0625,71168904.000000
1,16.0,206.0,0.0627451,0.0375,71169088.000000
0,412.0,255.0,0.15686275,0.1,71287000.000000
2,405.0,266.0,0.15686275,0.0875,71287136.000000
2,403.0,270.0,0.15686275,0.075,71287296.000000
2,390.0,290.0,0.15686275,0.0875,71287456.000000
2,354.0,359.0,0.15686275,0.0875,71287632.000000
2,338.0,405.0,0.1137255,0.05,71287808.000000
2,410.0,235.0,0.16470589,0.112500004,71287944.000000
2,333.0,376.0,0.16470589,0.0875,71288104.000000
1,299.0,529.0,0.10980393,0.05,71288288.000000
0,34.0,229.0,0.13333334,0.075,71293952.000000
2,41.0,275.0,0.13333334,0.0875,71294104.000000
2,47.0,316.0,0.13333334,0.075,71294256.000000
2,47.0,324.0,0.13333334,0.075,71294424.000000
1,46.0,325.0,0.050980397,0.05,71294608.000000
0,300.0,706.0,0.078431375,0.05,71305720.000000
2,308.0,695.0,0.121568635,0.0625,71305888.000000
2,313.0,685.0,0.121568635,0.075,71306048.000000
2,315.0,675.0,0.121568635,0.0625,71306208.000000
2,316.0,672.0,0.121568635,0.05,71306376.000000
2,318.0,667.0,0.121568635,0.05,71306536.000000
2,320.0,661.0,0.121568635,0.075,71306688.000000
2,325.0,644.0,0.121568635,0.0625,71306856.000000
2,328.0,631.0,0.121568635,0.075,71307016.000000
2,330.0,621.0,0.121568635,0.075,71307176.000000
2,330.0,619.0,0.121568635,0.075,71307344.000000
2,331.0,617.0,0.121568635,0.075,71307504.000000
2,331.0,616.0,0.121568635,0.075,71307664.000000
2,331.0,613.0,0.121568635,0.0875,71307824.000000
2,331.0,607.0,0.121568635,0.075,71307984.000000
2,332.0,604.0,0.121568635,0.0625,71308152.000000
1,332.0,604.0,0.121568635,0.0625,71308328.000000
0,366.0,402.0,0.12941177,0.075,71342544.000000
2,359.0,417.0,0.12941177,0.05,71342712.000000
2,313.0,621.0,0.12941177,0.075,71342864.000000
1,312.0,637.0,0.078431375,0.0125,71343024.000000
0,327.0,364.0,0.14901961,0.0875,71448904.000000
2,338.0,352.0,0.14901961,0.075,71449056.000000
2,413.0,218.0,0.14901961,0.0875,71449216.000000
1,438.0,185.0,0.08627451,0.0125,71449408.000000
0,382.0,303.0,0.1254902,0.0625,71586912.000000
2,411.0,264.0,0.1254902,0.0875,71587072.000000
2,431.0,238.0,0.1254902,0.075,71587232.000000
2,437.0,226.0,0.1254902,0.0625,71587392.000000
2,452.0,209.0,0.1254902,0.0625,71587552.000000
1,457.0,204.0,0.1254902,0.0625,71587736.000000
0,404.0,253.0,0.15686275,0.075,71607032.000000
2,404.0,264.0,0.15686275,0.075,71607168.000000
2,403.0,269.0,0.15686275,0.075,71607344.000000
2,430.0,231.0,0.15686275,0.075,71607488.000000
1,464.0,188.0,0.04705883,0.025,71607672.000000
0,389.0,278.0,0.15294118,0.075,71615408.000000
2,335.0,389.0,0.15294118,0.0875,71615576.000000
1,311.0,447.0,0.08627451,0.05,71615744.000000
0,385.0,305.0,0.15686275,0.0625,71634160.000000
2,382.0,326.0,0.15686275,0.0875,71634320.000000
1,329.0,453.0,0.0627451,0.0125,71634504.000000
0,386.0,294.0,0.14509805,0.0625,71634960.000000
2,385.0,305.0,0.14509805,0.0875,71635168.000000
2,384.0,306.0,0.14509805,0.1,71635280.000000
2,383.0,311.0,0.14509805,0.1,71635448.000000
2,382.0,317.0,0.14509805,0.0875,71635608.000000
2,370.0,357.0,0.14509805,0.0875,71635768.000000
2,367.0,359.0,0.14509805,0.0875,71635936.000000
2,366.0,361.0,0.14509805,0.0875,71636096.000000
2,366.0,363.0,0.14509805,0.0875,71636256.000000
2,366.0,367.0,0.14509805,0.075,71636416.000000
2,430.0,252.0,0.14509805,0.075,71636576.000000
1,431.0,252.0,0.14509805,0.075,71636768.000000
0,415.0,274.0,0.13333334,0.075,71646304.000000
2,401.0,288.0,0.13333334,0.0625,71646456.000000
2,386.0,321.0,0.13333334,0.0875,71646616.000000
2,383.0,336.0,0.13333334,0.075,71646776.000000
2,382.0,343.0,0.13333334,0.0875,71646936.000000
2,381.0,347.0,0.13333334,0.0875,71647104.000000
1,380.0,349.0,0.13333334,0.075,71647288.000000
0,11.0,248.0,0.08627451,0.0375,71682008.000000
2,12.0,263.0,0.08627451,0.0375,71682152.000000
1,29.0,356.0,0.08627451,0.0375,71682320.000000
0,428.0,289.0,0.121568635,0.0625,71692664.000000
2,424.0,300.0,0.121568635,0.075,71692832.000000
2,402.0,365.0,0.121568635,0.0625,71692984.000000
1,396.0,370.0,0.121568635,0.075,71693168.000000
0,363.0,337.0,0.1254902,0.0625,71694616.000000
2,426.0,265.0,0.1254902,0.0625,71694768.000000
1,431.0,261.0,0.1254902,0.0625,71694952.000000
0,326.0,338.0,0.12941177,0.0875,71695576.000000
2,342.0,320.0,0.12941177,0.075,71695736.000000
2,404.0,274.0,0.12941177,0.075,71695896.000000
1,418.0,263.0,0.12941177,0.0625,71696064.000000
0,448.0,230.0,0.08627451,0.05,71697680.000000
2,420.0,264.0,0.12941177,0.075,71697832.000000
2,385.0,322.0,0.12941177,0.0875,71697984.000000
2,376.0,341.0,0.12941177,0.1,71698144.000000
2,450.0,216.0,0.12941177,0.075,71698304.000000
1,466.0,192.0,0.027450982,0.0125,71698496.000000
0,458.0,196.0,0.12941177,0.0625,71699936.000000
2,343.0,340.0,0.17254902,0.075,71700096.000000
1,319.0,410.0,0.17254902,0.075,71700264.000000
0,389.0,349.0,0.10588236,0.0625,71709784.000000
2,400.0,332.0,0.10588236,0.05,71709944.000000
2,451.0,249.0,0.10588236,0.0625,71710104.000000
1,468.0,229.0,0.0627451,0.025,71710296.000000
0,430.0,234.0,0.12941177,0.075,71716600.000000
2,401.0,303.0,0.17254902,0.075,71716760.000000
2,378.0,399.0,0.17254902,0.0875,71716928.000000
1,368.0,453.0,0.1254902,0.05,71717080.000000
0,321.0,344.0,0.16078432,0.1,71778160.000000
2,411.0,252.0,0.16078432,0.0875,71778328.000000
1,453.0,216.0,0.03529412,0.0125,71778496.000000
0,338.0,353.0,0.10980393,0.05,71779776.000000
2,345.0,337.0,0.10980393,0.0625,71779944.000000
2,356.0,316.0,0.10980393,0.075,71780096.000000
2,367.0,305.0,0.10980393,0.0875,71780256.000000
2,377.0,299.0,0.15294118,0.0625,71780416.000000
2,385.0,295.0,0.15294118,0.075,71780576.000000
1,388.0,292.0,0.058823533,0.0125,71780736.000000
0,49.0,327.0,0.13725491,0.0625,71798488.000000
2,35.0,287.0,0.13725491,0.075,71798640.000000
2,27.0,264.0,0.13725491,0.0625,71798792.000000
2,19.0,237.0,0.13725491,0.075,71798952.000000
1,16.0,223.0,0.09411766,0.0375,71799136.000000
0,331.0,353.0,0.121568635,0.0625,71843440.000000
2,342.0,335.0,0.121568635,0.05,71843608.000000
2,415.0,236.0,0.121568635,0.075,71843760.000000
1,422.0,228.0,0.121568635,0.05,71843920.000000
0,361.0,304.0,0.12941177,0.0625,71845728.000000
2,388.0,273.0,0.12941177,0.0625,71845872.000000
2,419.0,242.0,0.12941177,0.0625,71846032.000000
2,438.0,218.0,0.12941177,0.075,71846192.000000
2,452.0,205.0,0.12941177,0.0625,71846352.000000
1,461.0,198.0,0.08627451,0.025,71846512.000000
0,16.0,322.0,0.098039225,0.05,71883952.000000
2,17.0,263.0,0.098039225,0.0625,71884120.000000
1,17.0,239.0,0.054901965,0.025,71884296.000000
0,370.0,327.0,0.10588236,0.0625,71888152.000000
2,379.0,315.0,0.10588236,0.0625,71888320.000000
2,421.0,267.0,0.10588236,0.0625,71888472.000000
1,428.0,260.0,0.10588236,0.0625,71888656.000000
0,348.0,343.0,0.13725491,0.0625,71888976.000000
2,377.0,309.0,0.13725491,0.0625,71889112.000000
2,391.0,291.0,0.13725491,0.0625,71889280.000000
2,396.0,286.0,0.13725491,0.0625,71889448.000000
1,398.0,284.0,0.09411766,0.05,71889632.000000
0,390.0,339.0,0.13333334,0.075,72114048.000000
2,396.0,322.0,0.13333334,0.0625,72114208.000000
2,434.0,256.0,0.13333334,0.075,72114368.000000
1,456.0,224.0,0.08235294,0.025,72114552.000000
0,393.0,317.0,0.1137255,0.05,72114696.000000
2,405.0,301.0,0.1137255,0.075,72114856.000000
2,427.0,272.0,0.1137255,0.0625,72115016.000000
1,437.0,260.0,0.1137255,0.0625,72115176.000000
0,389.0,292.0,0.11764707,0.0625,72115840.000000
2,400.0,280.0,0.11764707,0.05,72115984.000000
2,417.0,256.0,0.11764707,0.0625,72116144.000000
2,450.0,215.0,0.11764707,0.0625,72116304.000000
1,463.0,202.0,0.0627451,0.0125,72116496.000000
0,374.0,291.0,0.10588236,0.0625,72118608.000000
2,388.0,272.0,0.10588236,0.0625,72118728.000000
2,412.0,245.0,0.10588236,0.075,72118896.000000
2,418.0,240.0,0.10588236,0.05,72119056.000000
2,424.0,234.0,0.10588236,0.0625,72119216.000000
2,425.0,232.0,0.10588236,0.0625,72119376.000000
1,425.0,232.0,0.10588236,0.0625,72119696.000000
0,13.0,288.0,0.098039225,0.0375,72246496.000000
2,17.0,310.0,0.098039225,0.0625,72246656.000000
2,18.0,328.0,0.098039225,0.0625,72246824.000000
1,18.0,366.0,0.098039225,0.0375,72247008.000000
0,13.0,277.0,0.08627451,0.0375,72251352.000000
2,18.0,290.0,0.08627451,0.0625,72251504.000000
1,33.0,376.0,0.08627451,0.025,72251688.000000
0,22.0,255.0,0.1137255,0.0625,72255216.000000
2,29.0,301.0,0.1137255,0.0875,72255376.000000
2,33.0,324.0,0.15686275,0.0875,72255536.000000
1,14.0,216.0,0.027450982,0.0125,72255712.000000
0,342.0,388.0,0.15686275,0.0625,72268960.000000
2,338.0,409.0,0.15686275,0.1,72269096.000000
2,314.0,476.0,0.15686275,0.0875,72269264.000000
1,301.0,529.0,0.07450981,0.05,72269448.000000
0,73.0,314.0,0.15686275,0.075,40790760.000000
2,60.0,292.0,0.15686275,0.075,40790896.000000
2,41.0,209.0,0.15686275,0.075,40791052.000000
2,41.0,205.0,0.15686275,0.075,40791212.000000
1,39.0,204.0,0.039215688,0.0125,40791372.000000
0,52.0,297.0,0.14117648,0.075,40834864.000000
2,48.0,232.0,0.18431373,0.0875,40835016.000000
2,40.0,179.0,0.18431373,0.0875,40835164.000000
1,34.0,166.0,0.050980397,0.025,40835348.000000
0,356.0,294.0,0.14117648,0.075,41236132.000000
2,407.0,235.0,0.14117648,0.075,41236248.000000
2,430.0,204.0,0.14117648,0.075,41236408.000000
1,435.0,198.0,0.14117648,0.0625,41236596.000000
0,46.0,320.0,0.14901961,0.0625,41304584.000000
2,44.0,251.0,0.14901961,0.075,41304740.000000
1,36.0,190.0,0.14901961,0.0625,41304900.000000
0,72.0,300.0,0.14901961,0.0625,41457316.000000
2,58.0,255.0,0.19215688,0.1,41457476.000000
2,53.0,232.0,0.19215688,0.112500004,41457628.000000
1,50.0,224.0,0.08627451,0.05,41457816.000000
0,34.0,199.0,0.14901961,0.075,41461856.000000
2,48.0,248.0,0.14901961,0.075,41461992.000000
2,58.0,306.0,0.14901961,0.1,41462152.000000
1,57.0,318.0,0.098039225,0.05,41462340.000000
0,11.0,263.0,0.08235294,0.0375,41464612.000000
2,19.0,282.0,0.1254902,0.0625,41464744.000000
2,42.0,348.0,0.1254902,0.05,41464904.000000
2,41.0,300.0,0.16862746,0.075,41465068.000000
1,32.0,207.0,0.04705883,0.0125,41465248.000000
0,74.0,330.0,0.13725491,0.075,41468956.000000
2,66.0,304.0,0.13725491,0.1,41469124.000000
2,56.0,281.0,0.13725491,0.1,41469264.000000
1,51.0,268.0,0.058823533,0.025,41469428.000000
0,70.0,325.0,0.14901961,0.075,41521196.000000
2,57.0,288.0,0.14901961,0.075,41521344.000000
2,40.0,198.0,0.14901961,0.0875,41521496.000000
1,35.0,167.0,0.07450981,0.0375,41521656.000000
0,43.0,306.0,0.11764707,0.075,41522000.000000
2,41.0,291.0,0.16078432,0.075,41522152.000000
2,37.0,271.0,0.16078432,0.075,41522304.000000
2,35.0,251.0,0.16078432,0.075,41522468.000000
1,30.0,233.0,0.050980397,0.025,41522648.000000
0,306.0,711.0,0.10588236,0.05,47530176.000000
2,309.0,700.0,0.10588236,0.0375,47530336.000000
2,321.0,665.0,0.10588236,0.025,47530496.000000
2,331.0,638.0,0.10588236,0.05,47530656.000000
2,341.0,609.0,0.10588236,0.05,47530820.000000
2,360.0,564.0,0.10588236,0.0375,47530980.000000
2,377.0,537.0,0.10588236,0.05,47531140.000000
1,383.0,531.0,0.10588236,0.05,47531320.000000
0,293.0,715.0,0.098039225,0.025,47556424.000000
2,297.0,704.0,0.098039225,0.05,47556588.000000
2,304.0,677.0,0.098039225,0.05,47556752.000000
2,306.0,667.0,0.098039225,0.05,47556912.000000
2,316.0,637.0,0.098039225,0.0375,47557076.000000
2,331.0,603.0,0.098039225,0.0375,47557232.000000
2,344.0,575.0,0.098039225,0.05,47557392.000000
2,359.0,546.0,0.14117648,0.05,47557556.000000
2,372.0,525.0,0.14117648,0.05,47557724.000000
2,384.0,504.0,0.14117648,0.05,47557876.000000
2,390.0,492.0,0.14117648,0.05,47558036.000000
2,395.0,485.0,0.14117648,0.05,47558196.000000
1,398.0,481.0,0.098039225,0.0125,47558360.000000
0,318.0,562.0,0.09411766,0.025,47581072.000000
2,328.0,547.0,0.09411766,0.05,47581236.000000
2,393.0,455.0,0.13725491,0.0375,47581400.000000
1,417.0,420.0,0.13725491,0.0375,47581588.000000
0,55.0,316.0,0.16470589,0.05,47757764.000000
2,53.0,328.0,0.16470589,0.0625,47757916.000000
1,55.0,396.0,0.078431375,0.0125,47758080.000000
0,93.0,331.0,0.1764706,0.0625,47761292.000000
2,87.0,300.0,0.1764706,0.075,47761456.000000
1,48.0,198.0,0.12941177,0.05,47761640.000000
0,54.0,320.0,0.14901961,0.05,47770024.000000
2,40.0,253.0,0.14901961,0.075,47770184.000000
2,40.0,246.0,0.19607845,0.075,47770344.000000
2,39.0,250.0,0.19607845,0.0625,47770508.000000
1,39.0,257.0,0.19607845,0.0625,47770676.000000
0,51.0,209.0,0.20784315,0.0875,47783464.000000
2,55.0,220.0,0.20784315,0.075,47783640.000000
1,93.0,334.0,0.07058824,0.025,47783800.000000
0,61.0,352.0,0.13333334,0.0375,47785072.000000
2,57.0,337.0,0.1764706,0.0625,47785252.000000
2,47.0,294.0,0.1764706,0.05,47785392.000000
1,45.0,279.0,0.1137255,0.05,47785576.000000
0,81.0,327.0,0.18431373,0.075,47793464.000000
2,79.0,310.0,0.18431373,0.0875,47793648.000000
2,59.0,216.0,0.227451,0.1,47793788.000000
1,49.0,191.0,0.10980393,0.05,47793976.000000
0,30.0,360.0,0.1137255,0.05,47796048.000000
2,33.0,339.0,0.1137255,0.0625,47796208.000000
2,32.0,257.0,0.1137255,0.0625,47796368.000000
1,28.0,239.0,0.07058824,0.025,47796552.000000
0,77.0,352.0,0.15686275,0.05,47798652.000000
2,44.0,247.0,0.20000002,0.075,47798804.000000
1,30.0,198.0,0.10588236,0.025,47798992.000000
0,141.0,341.0,0.19607845,0.075,47800912.000000
2,133.0,328.0,0.19607845,0.0875,47801088.000000
2,96.0,286.0,0.19607845,0.0625,47801236.000000
2,70.0,256.0,0.2392157,0.1,47801396.000000
2,49.0,234.0,0.19607845,0.075,47801560.000000
1,38.0,221.0,0.07058824,0.025,47801720.000000
0,36.0,335.0,0.12941177,0.075,47811888.000000
2,36.0,320.0,0.12941177,0.05,47812052.000000
1,23.0,219.0,0.07058824,0.025,47812224.000000
0,50.0,237.0,0.1764706,0.0625,47832608.000000
2,55.0,251.0,0.1764706,0.0875,47832744.000000
2,60.0,275.0,0.1764706,0.075,47832904.000000
1,64.0,333.0,0.058823533,0.0125,47833084.000000
0,75.0,356.0,0.14509805,0.05,47835324.000000
2,68.0,318.0,0.18823531,0.0625,47835484.000000
1,48.0,256.0,0.07058824,0.025,47835672.000000
0,49.0,358.0,0.11764707,0.05,47846156.000000
2,46.0,342.0,0.16470589,0.0625,47846316.000000
2,45.0,330.0,0.16470589,0.05,47846480.000000
2,44.0,320.0,0.16470589,0.075,47846640.000000
2,43.0,308.0,0.16470589,0.075,47846800.000000
2,41.0,280.0,0.16470589,0.075,47846960.000000
1,38.0,261.0,0.121568635,0.0375,47847136.000000
0,37.0,361.0,0.10588236,0.05,47989896.000000
2,36.0,347.0,0.10588236,0.05,47990056.000000
2,35.0,280.0,0.14901961,0.075,47990208.000000
1,32.0,246.0,0.09411766,0.025,47990392.000000
0,40.0,341.0,0.121568635,0.0625,47990532.000000
2,32.0,244.0,0.121568635,0.0625,47990696.000000
1,26.0,211.0,0.078431375,0.025,47990864.000000
0,76.0,316.0,0.15686275,0.05,48038280.000000
2,69.0,300.0,0.15686275,0.075,48038440.000000
2,48.0,244.0,0.20392159,0.0625,48038604.000000
2,45.0,233.0,0.20392159,0.075,48038788.000000
1,31.0,167.0,0.0627451,0.025,48038940.000000
0,77.0,319.0,0.15294118,0.05,48041360.000000
2,77.0,308.0,0.19607845,0.0875,48041520.000000
2,77.0,307.0,0.19607845,0.0875,48041696.000000
2,75.0,298.0,0.19607845,0.0875,48041848.000000
2,70.0,298.0,0.14901961,0.05,48042008.000000
1,58.0,327.0,0.14901961,0.05,48042196.000000
0,17.0,334.0,0.098039225,0.0375,48143400.000000
2,19.0,318.0,0.098039225,0.05,48143572.000000
2,23.0,238.0,0.098039225,0.05,48143728.000000
1,20.0,210.0,0.098039225,0.025,48143888.000000
0,43.0,316.0,0.12941177,0.05,48155032.000000
2,41.0,302.0,0.12941177,0.05,48155192.000000
2,38.0,278.0,0.12941177,0.05,48155352.000000
1,37.0,274.0,0.12941177,0.025,48155512.000000
0,46.0,329.0,0.11764707,0.05,48213360.000000
2,43.0,309.0,0.11764707,0.05,48213528.000000
2,31.0,222.0,0.11764707,0.0625,48213684.000000
1,25.0,200.0,0.11764707,0.025,48213860.000000
0,40.0,270.0,0.14901961,0.05,48221924.000000
2,40.0,281.0,0.14901961,0.075,48222108.000000
2,39.0,289.0,0.14901961,0.0625,48222248.000000
2,37.0,299.0,0.14901961,0.05,48222408.000000
2,36.0,324.0,0.14901961,0.0625,48222568.000000
2,35.0,331.0,0.14901961,0.0625,48222732.000000
2,35.0,335.0,0.14901961,0.075,48222892.000000
1,35.0,335.0,0.14901961,0.075,48223224.000000
0,63.0,351.0,0.12941177,0.025,48223860.000000
2,61.0,338.0,0.17254902,0.075,48224032.000000
2,58.0,325.0,0.17254902,0.075,48224184.000000
2,56.0,303.0,0.17254902,0.0875,48224344.000000
1,55.0,300.0,0.17254902,0.0625,48224524.000000
0,79.0,357.0,0.13725491,0.05,48228240.000000
2,55.0,256.0,0.18039216,0.0625,48228384.000000
1,45.0,234.0,0.078431375,0.025,48228548.000000
0,29.0,271.0,0.10980393,0.05,48231924.000000
2,34.0,285.0,0.10980393,0.05,48232096.000000
2,54.0,335.0,0.15294118,0.05,48232256.000000
2,55.0,339.0,0.15294118,0.05,48232416.000000
1,55.0,339.0,0.15294118,0.05,48232592.000000
0,105.0,358.0,0.15686275,0.075,48235488.000000
2,86.0,300.0,0.15686275,0.0625,48235660.000000
1,61.0,234.0,0.14117648,0.05,48235860.000000
0,119.0,365.0,0.15294118,0.05,48236340.000000
2,114.0,351.0,0.15294118,0.075,48236456.000000
2,90.0,284.0,0.15294118,0.05,48236624.000000
1,86.0,274.0,0.07450981,0.025,48236824.000000
0,86.0,318.0,0.14901961,0.05,48237952.000000
2,84.0,307.0,0.19215688,0.075,48238252.000000
2,77.0,285.0,0.19215688,0.0875,48238416.000000
1,56.0,242.0,0.098039225,0.05,48238592.000000
0,310.0,666.0,0.10588236,0.0375,31075556.000000
2,313.0,644.0,0.10588236,0.0375,31075718.000000
2,375.0,393.0,0.14901961,0.0375,31075882.000000
1,413.0,341.0,0.14901961,0.0375,31076052.000000
0,234.0,702.0,0.10196079,0.025,31078134.000000
2,253.0,634.0,0.10196079,0.05,31078308.000000
2,362.0,394.0,0.14901961,0.05,31078456.000000
1,443.0,307.0,0.08627451,0.025,31078642.000000
0,294.0,567.0,0.08627451,0.05,40733112.000000
2,306.0,563.0,0.08627451,0.0625,40733260.000000
2,307.0,562.0,0.08627451,0.0625,40733420.000000
2,311.0,561.0,0.08627451,0.0625,40733592.000000
2,316.0,561.0,0.08627451,0.0875,40733764.000000
2,321.0,561.0,0.08627451,0.0875,40733928.000000
2,327.0,563.0,0.12941177,0.0625,40734080.000000
2,334.0,567.0,0.12941177,0.0625,40734272.000000
1,109.0,570.0,0.09411766,0.025,40734432.000000
0,285.0,580.0,0.10980393,0.05,40735356.000000
2,296.0,585.0,0.10980393,0.075,40735532.000000
2,305.0,588.0,0.10980393,0.075,40735680.000000
2,309.0,590.0,0.10980393,0.075,40735840.000000
2,311.0,591.0,0.10980393,0.075,40736188.000000
2,312.0,590.0,0.10980393,0.0625,40736356.000000
1,312.0,590.0,0.10980393,0.0625,40736504.000000
0,317.0,563.0,0.11764707,0.05,40742016.000000
2,306.0,569.0,0.11764707,0.0875,40742336.000000
2,302.0,570.0,0.11764707,0.075,40742496.000000
2,295.0,573.0,0.11764707,0.075,40742672.000000
2,292.0,574.0,0.11764707,0.075,40742828.000000
2,291.0,575.0,0.11764707,0.05,40743144.000000
2,294.0,576.0,0.11764707,0.05,40743312.000000
2,300.0,576.0,0.11764707,0.05,40743468.000000
2,302.0,576.0,0.11764707,0.05,40743644.000000
2,302.0,576.0,0.11764707,0.0625,40744140.000000
2,301.0,576.0,0.11764707,0.0625,40744292.000000
1,301.0,576.0,0.11764707,0.0625,40744460.000000
0,323.0,641.0,0.1137255,0.0625,40749928.000000
2,322.0,630.0,0.1137255,0.05,40750112.000000
2,321.0,622.0,0.1137255,0.0625,40750252.000000
2,323.0,591.0,0.1137255,0.0625,40750416.000000
2,325.0,572.0,0.1137255,0.0625,40750568.000000
2,328.0,554.0,0.1137255,0.0625,40750732.000000
2,331.0,540.0,0.1137255,0.05,40750892.000000
2,332.0,535.0,0.1137255,0.05,40751056.000000
1,333.0,532.0,0.054901965,0.025,40751244.000000
0,285.0,632.0,0.043137256,0.0125,40776992.000000
2,297.0,630.0,0.09019608,0.05,40777336.000000
2,304.0,627.0,0.09019608,0.05,40777480.000000
2,307.0,625.0,0.09019608,0.05,40777640.000000
2,308.0,625.0,0.09019608,0.05,40777804.000000
2,307.0,625.0,0.09019608,0.05,40778284.000000
2,305.0,625.0,0.09019608,0.0625,40778440.000000
2,304.0,626.0,0.09019608,0.0625,40778604.000000
1,303.0,626.0,0.043137256,0.0125,40778784.000000
0,297.0,638.0,0.0627451,0.025,40781352.000000
2,283.0,645.0,0.10980393,0.0625,40781516.000000
2,276.0,648.0,0.10980393,0.0625,40781676.000000
2,262.0,654.0,0.10980393,0.05,40781848.000000
2,262.0,655.0,0.10980393,0.05,40782000.000000
2,272.0,649.0,0.10980393,0.0625,40782164.000000
2,274.0,648.0,0.10980393,0.05,40782324.000000
2,275.0,648.0,0.10980393,0.075,40782488.000000
2,277.0,649.0,0.10980393,0.075,40782808.000000
2,278.0,649.0,0.10980393,0.075,40782992.000000
2,280.0,648.0,0.10980393,0.0625,40783128.000000
2,281.0,649.0,0.10980393,0.025,40783304.000000
1,281.0,649.0,0.10980393,0.025,40783464.000000
0,180.0,591.0,0.10196079,0.0625,40794620.000000
1,180.0,591.0,0.10196079,0.0625,40794780.000000
1,181.0,595.0,0.08627451,0.05,40794928.000000
0,244.0,492.0,0.14901961,0.0875,40805720.000000
1,244.0,492.0,0.14901961,0.0875,40805912.000000
1,257.0,476.0,0.14117648,0.0625,40806056.000000
0,312.0,444.0,0.1137255,0.05,40808656.000000
2,365.0,440.0,0.1137255,0.075,40808812.000000
2,379.0,438.0,0.1137255,0.0625,40808976.000000
1,382.0,438.0,0.1137255,0.0625,40809468.000000
0,249.0,462.0,0.16862746,0.1,40814680.000000
1,249.0,462.0,0.16862746,0.1,40814852.000000
1,255.0,453.0,0.14509805,0.075,40815000.000000
0,212.0,419.0,0.14117648,0.075,40825612.000000
1,212.0,419.0,0.14117648,0.075,40825772.000000
1,223.0,407.0,0.08627451,0.05,40825928.000000
0,185.0,519.0,0.15294118,0.1,40831896.000000
2,248.0,456.0,0.15294118,0.1,40832060.000000
2,448.0,317.0,0.10196079,0.0375,40832212.000000
1,465.0,303.0,0.054901965,0.0125,40832376.000000
0,190.0,414.0,0.14901961,0.0875,40838976.000000
1,190.0,414.0,0.14901961,0.0875,40839156.000000
1,199.0,402.0,0.13333334,0.075,40839312.000000
0,138.0,506.0,0.1254902,0.0625,40839480.000000
2,171.0,464.0,0.1254902,0.075,40839648.000000
2,413.0,254.0,0.1254902,0.0875,40839816.000000
1,435.0,246.0,0.058823533,0.05,40839968.000000
0,60.0,628.0,0.078431375,0.025,40854824.000000
2,93.0,620.0,0.1254902,0.0875,40854972.000000
2,159.0,603.0,0.1254902,0.075,40855140.000000
1,190.0,600.0,0.08627451,0.05,40855308.000000
0,94.0,565.0,0.14117648,0.0625,40863848.000000
2,115.0,626.0,0.14117648,0.075,40864016.000000
2,120.0,645.0,0.14117648,0.0625,40864180.000000
1,120.0,650.0,0.09019608,0.0125,40864332.000000
0,265.0,615.0,0.08627451,0.05,40866260.000000
2,291.0,596.0,0.08627451,0.0625,40866416.000000
2,311.0,580.0,0.08627451,0.05,40866576.000000
1,315.0,578.0,0.08627451,0.05,40866756.000000
0,344.0,620.0,0.09019608,0.05,40885544.000000
2,355.0,615.0,0.09019608,0.05,40885848.000000
2,367.0,608.0,0.09019608,0.0625,40886008.000000
2,370.0,606.0,0.09019608,0.05,40886172.000000
1,370.0,606.0,0.09019608,0.05,40886360.000000
0,324.0,709.0,0.10196079,0.0375,40886676.000000
2,341.0,665.0,0.10196079,0.05,40886824.000000
2,360.0,621.0,0.10196079,0.075,40886980.000000
1,365.0,616.0,0.04705883,0.0125,40887160.000000
0,364.0,734.0,0.12941177,0.075,26896130.000000
2,411.0,468.0,0.12941177,0.0875,26896298.000000
1,461.0,340.0,0.043137256,0.0125,26896464.000000
0,308.0,633.0,0.1254902,0.075,26897272.000000
2,320.0,606.0,0.1254902,0.0875,26897420.000000
2,442.0,348.0,0.1254902,0.075,26897580.000000
1,448.0,339.0,0.1254902,0.0625,26897740.000000
0,415.0,278.0,0.15294118,0.0875,26997680.000000
2,429.0,253.0,0.15294118,0.0875,26997838.000000
2,442.0,215.0,0.15294118,0.075,26998008.000000
1,443.0,211.0,0.15294118,0.075,26998188.000000
0,361.0,321.0,0.14117648,0.075,26999308.000000
2,389.0,279.0,0.14117648,0.075,26999452.000000
2,409.0,259.0,0.14117648,0.0875,26999612.000000
1,414.0,256.0,0.08235294,0.05,26999792.000000
0,335.0,357.0,0.12941177,0.075,27209740.000000
2,404.0,270.0,0.12941177,0.0875,27209924.000000
1,455.0,226.0,0.078431375,0.0375,27210090.000000
0,364.0,272.0,0.1254902,0.0625,27326832.000000
2,373.0,258.0,0.1254902,0.0875,27327004.000000
2,390.0,241.0,0.1254902,0.075,27327160.000000
2,402.0,227.0,0.1254902,0.0875,27327340.000000
1,408.0,225.0,0.058823533,0.0125,27327508.000000
0,433.0,181.0,0.1137255,0.0625,27328458.000000
2,403.0,210.0,0.15686275,0.0875,27328638.000000
1,328.0,428.0,0.078431375,0.025,27328812.000000
0,382.0,279.0,0.14901961,0.0875,27329110.000000
2,393.0,263.0,0.14901961,0.0875,27329268.000000
2,411.0,241.0,0.14901961,0.0875,27329428.000000
1,463.0,192.0,0.04705883,0.0125,27329616.000000
0,389.0,296.0,0.12941177,0.0625,27329750.000000
2,413.0,265.0,0.12941177,0.1,27329916.000000
2,362.0,331.0,0.12941177,0.1,27330084.000000
1,327.0,419.0,0.12941177,0.05,27330252.000000
0,326.0,338.0,0.13725491,0.0875,27334596.000000
2,350.0,290.0,0.13725491,0.075,27334760.000000
1,465.0,175.0,0.039215688,0.0125,27334944.000000
0,326.0,338.0,0.13725491,0.0875,27334596.000000
2,350.0,290.0,0.13725491,0.075,27334760.000000
1,465.0,175.0,0.039215688,0.0125,27334944.000000
2,342.0,324.0,0.12941177,0.0625,27335080.000000
1,467.0,168.0,0.03137255,0.0125,27335264.000000
0,362.0,328.0,0.1254902,0.0625,27343964.000000
2,373.0,319.0,0.1254902,0.0625,27344124.000000
2,401.0,292.0,0.1254902,0.0625,27344286.000000
1,404.0,291.0,0.07450981,0.0125,27344472.000000
0,399.0,248.0,0.14117648,0.075,27350756.000000
2,378.0,285.0,0.14117648,0.0875,27350910.000000
2,373.0,290.0,0.14117648,0.0875,27351072.000000
2,346.0,334.0,0.14117648,0.0625,27351244.000000
2,340.0,351.0,0.14117648,0.075,27351394.000000
2,340.0,352.0,0.14117648,0.075,27351560.000000
1,340.0,352.0,0.14117648,0.075,27351718.000000
0,366.0,322.0,0.121568635,0.075,27352206.000000
2,400.0,280.0,0.121568635,0.0625,27352374.000000
2,429.0,254.0,0.121568635,0.0625,27352526.000000
1,431.0,252.0,0.058823533,0.025,27352714.000000
0,372.0,302.0,0.13725491,0.0875,27421930.000000
2,386.0,277.0,0.13725491,0.0625,27422064.000000
2,434.0,224.0,0.13725491,0.0625,27422222.000000
1,446.0,215.0,0.078431375,0.025,27422414.000000
0,402.0,345.0,0.121568635,0.075,27494612.000000
2,423.0,299.0,0.121568635,0.075,27494776.000000
2,440.0,264.0,0.121568635,0.075,27494942.000000
2,431.0,285.0,0.121568635,0.075,27495102.000000
2,385.0,366.0,0.16470589,0.1,27495260.000000
2,373.0,383.0,0.16470589,0.1,27495420.000000
1,373.0,385.0,0.16470589,0.0875,27495614.000000
0,352.0,361.0,0.14117648,0.0625,27497364.000000
2,372.0,346.0,0.14117648,0.0875,27497532.000000
1,470.0,198.0,0.050980397,0.025,27497716.000000
0,336.0,323.0,0.14509805,0.0875,27498670.000000
2,370.0,285.0,0.14509805,0.075,27498836.000000
2,421.0,249.0,0.14509805,0.075,27498994.000000
1,434.0,236.0,0.098039225,0.05,27499186.000000
0,341.0,386.0,0.12941177,0.0625,27509848.000000
2,368.0,343.0,0.12941177,0.1,27510016.000000
1,469.0,194.0,0.07058824,0.025,27510184.000000
0,328.0,412.0,0.121568635,0.0875,27510652.000000
2,348.0,375.0,0.121568635,0.0625,27510810.000000
1,467.0,188.0,0.058823533,0.025,27511004.000000
0,431.0,269.0,0.11764707,0.0625,27591896.000000
2,424.0,296.0,0.11764707,0.0875,27592064.000000
1,371.0,435.0,0.07058824,0.025,27592254.000000
0,424.0,320.0,0.10588236,0.0375,27593516.000000
2,420.0,332.0,0.10588236,0.05,27593678.000000
2,417.0,341.0,0.10588236,0.05,27593840.000000
1,342.0,488.0,0.050980397,0.0125,27594024.000000
0,375.0,346.0,0.10980393,0.075,27594808.000000
2,385.0,328.0,0.10980393,0.05,27594968.000000
1,468.0,220.0,0.0627451,0.0125,27595144.000000
0,405.0,247.0,0.12941177,0.0625,27605158.000000
2,393.0,264.0,0.12941177,0.075,27605486.000000
2,349.0,375.0,0.12941177,0.0625,27605644.000000
1,340.0,396.0,0.07058824,0.0375,27605828.000000
0,303.0,299.0,0.11764707,0.0625,27623460.000000
2,351.0,247.0,0.11764707,0.075,27623624.000000
2,423.0,198.0,0.11764707,0.0625,27623782.000000
1,424.0,198.0,0.058823533,0.0125,27623956.000000
0,362.0,292.0,0.11764707,0.0625,27624124.000000
2,372.0,281.0,0.11764707,0.0625,27624268.000000
2,395.0,256.0,0.11764707,0.0625,27624426.000000
2,411.0,245.0,0.11764707,0.0625,27624586.000000
1,427.0,235.0,0.11764707,0.0625,27624794.000000
0,320.0,644.0,0.10980393,0.075,27800500.000000
2,417.0,429.0,0.10980393,0.0375,27800666.000000
1,464.0,369.0,0.06666667,0.025,27800836.000000
0,298.0,682.0,0.078431375,0.0375,27848656.000000
2,314.0,472.0,0.078431375,0.05,27848806.000000
2,311.0,268.0,0.078431375,0.075,27848964.000000
1,342.0,233.0,0.078431375,0.025,27849128.000000
0,423.0,228.0,0.08627451,0.0375,28320028.000000
2,413.0,260.0,0.08627451,0.0375,28320200.000000
2,391.0,354.0,0.08627451,0.0625,28320352.000000
2,388.0,382.0,0.08627451,0.0625,28320512.000000
2,389.0,383.0,0.08627451,0.0625,28320684.000000
2,438.0,285.0,0.08627451,0.0625,28320832.000000
1,458.0,265.0,0.039215688,0.025,28320996.000000
0,308.0,673.0,0.09411766,0.05,28876648.000000
2,349.0,509.0,0.09411766,0.075,28876808.000000
2,405.0,415.0,0.09411766,0.075,28876976.000000
1,412.0,406.0,0.09411766,0.0625,28877144.000000
