0,419.0,414.0,0.121568635,0.0375,43861496.000000
2,420.0,377.0,0.121568635,0.0625,43861648.000000
1,433.0,346.0,0.07058824,0.025,43861812.000000
0,390.0,417.0,0.10196079,0.05,43954740.000000
2,389.0,397.0,0.10196079,0.0625,43954912.000000
2,388.0,371.0,0.10196079,0.05,43955064.000000
2,390.0,334.0,0.10196079,0.05,43955228.000000
2,389.0,308.0,0.10196079,0.0625,43955388.000000
2,389.0,287.0,0.10196079,0.05,43955548.000000
2,388.0,269.0,0.14509805,0.0625,43955708.000000
2,387.0,253.0,0.14509805,0.0625,43955872.000000
2,388.0,239.0,0.14509805,0.05,43956032.000000
2,389.0,231.0,0.14509805,0.05,43956192.000000
1,390.0,228.0,0.10196079,0.05,43956360.000000
0,334.0,681.0,0.11764707,0.05,43960384.000000
2,332.0,648.0,0.11764707,0.0625,43960552.000000
2,346.0,478.0,0.11764707,0.0625,43960720.000000
2,371.0,321.0,0.11764707,0.0875,43960868.000000
2,389.0,253.0,0.16078432,0.075,43961036.000000
2,399.0,219.0,0.16078432,0.075,43961192.000000
1,407.0,206.0,0.0627451,0.0125,43961352.000000
0,312.0,693.0,0.12941177,0.05,43962016.000000
2,309.0,651.0,0.12941177,0.075,43962176.000000
2,340.0,428.0,0.12941177,0.0625,43962340.000000
2,366.0,304.0,0.12941177,0.075,43962496.000000
2,389.0,244.0,0.17254902,0.0625,43962656.000000
1,395.0,232.0,0.1137255,0.025,43962824.000000
0,302.0,697.0,0.11764707,0.05,43966596.000000
2,308.0,638.0,0.11764707,0.075,43966748.000000
2,339.0,431.0,0.16078432,0.0625,43966908.000000
2,358.0,342.0,0.16078432,0.075,43967072.000000
2,380.0,292.0,0.16078432,0.0625,43967232.000000
1,389.0,277.0,0.098039225,0.05,43967392.000000
0,415.0,208.0,0.10980393,0.0375,43971184.000000
2,395.0,258.0,0.10980393,0.075,43971348.000000
1,363.0,558.0,0.15294118,0.05,43971532.000000
0,321.0,594.0,0.14117648,0.0625,44065944.000000
2,324.0,577.0,0.14117648,0.0875,44066096.000000
2,345.0,484.0,0.14117648,0.075,44066260.000000
2,361.0,410.0,0.18431373,0.1,44066428.000000
2,379.0,361.0,0.18431373,0.075,44066596.000000
1,408.0,316.0,0.07450981,0.025,44066736.000000
0,317.0,594.0,0.14509805,0.075,44069648.000000
2,339.0,504.0,0.14509805,0.0875,44069792.000000
2,374.0,384.0,0.18823531,0.1,44069956.000000
2,396.0,336.0,0.18823531,0.075,44070116.000000
1,403.0,325.0,0.098039225,0.025,44070276.000000
0,397.0,274.0,0.121568635,0.05,44153312.000000
2,349.0,334.0,0.121568635,0.0625,44153468.000000
2,330.0,365.0,0.121568635,0.075,44153632.000000
2,315.0,387.0,0.121568635,0.05,44153792.000000
1,302.0,424.0,0.06666667,0.025,44153984.000000
0,368.0,289.0,0.13333334,0.05,44157684.000000
2,323.0,353.0,0.13333334,0.05,44157844.000000
1,287.0,436.0,0.06666667,0.025,44158004.000000
0,385.0,267.0,0.1137255,0.05,44158180.000000
2,365.0,290.0,0.1137255,0.075,44158316.000000
2,311.0,370.0,0.1137255,0.075,44158472.000000
1,288.0,425.0,0.1137255,0.025,44158692.000000
0,85.0,433.0,0.13333334,0.0625,44172104.000000
2,88.0,417.0,0.13333334,0.075,44172256.000000
2,88.0,416.0,0.13333334,0.075,44172412.000000
2,88.0,413.0,0.13333334,0.0625,44172572.000000
2,98.0,413.0,0.1764706,0.0875,44172732.000000
2,122.0,414.0,0.1764706,0.0875,44172896.000000
2,157.0,415.0,0.1764706,0.075,44173052.000000
2,204.0,416.0,0.1764706,0.075,44173216.000000
2,245.0,418.0,0.1764706,0.075,44173376.000000
2,257.0,420.0,0.1764706,0.075,44173536.000000
2,260.0,420.0,0.1764706,0.075,44173700.000000
1,260.0,420.0,0.1764706,0.075,44174024.000000
0,268.0,664.0,0.13725491,0.05,44185204.000000
2,269.0,643.0,0.13725491,0.05,44185364.000000
1,384.0,409.0,0.07058824,0.025,44185548.000000
0,376.0,374.0,0.121568635,0.05,44205408.000000
2,383.0,358.0,0.121568635,0.0625,44205732.000000
2,383.0,352.0,0.121568635,0.075,44205896.000000
2,396.0,281.0,0.121568635,0.075,44206052.000000
2,418.0,223.0,0.121568635,0.05,44206216.000000
1,421.0,221.0,0.0627451,0.0125,44206376.000000
0,334.0,380.0,0.15294118,0.075,44208480.000000
2,346.0,320.0,0.15294118,0.0625,44208636.000000
1,400.0,232.0,0.08627451,0.0375,44208796.000000
0,341.0,376.0,0.14509805,0.075,44209124.000000
2,363.0,292.0,0.14509805,0.075,44209280.000000
1,429.0,225.0,0.07450981,0.0375,44209464.000000
0,376.0,339.0,0.14117648,0.0625,44333892.000000
2,380.0,317.0,0.14117648,0.0625,44334048.000000
2,403.0,226.0,0.14117648,0.075,44334216.000000
2,416.0,195.0,0.14117648,0.0875,44334372.000000
2,424.0,174.0,0.14117648,0.075,44334536.000000
1,430.0,165.0,0.09411766,0.025,44334696.000000
0,389.0,346.0,0.14901961,0.0625,44335204.000000
2,400.0,246.0,0.14901961,0.0625,44335352.000000
2,421.0,190.0,0.14901961,0.075,44335512.000000
1,430.0,175.0,0.08627451,0.0125,44335676.000000
0,392.0,345.0,0.14117648,0.075,44337296.000000
2,394.0,327.0,0.14117648,0.075,44337460.000000
2,415.0,217.0,0.14117648,0.0625,44337628.000000
1,444.0,158.0,0.08235294,0.025,44337780.000000
0,409.0,365.0,0.13333334,0.0625,44392092.000000
2,414.0,341.0,0.13333334,0.0625,44392232.000000
2,418.0,325.0,0.13333334,0.0625,44392396.000000
2,423.0,285.0,0.13333334,0.05,44392556.000000
2,430.0,261.0,0.13333334,0.075,44392720.000000
2,433.0,253.0,0.13333334,0.075,44392876.000000
2,433.0,251.0,0.13333334,0.075,44393040.000000
2,434.0,250.0,0.13333334,0.075,44393204.000000
2,434.0,248.0,0.13333334,0.075,44393524.000000
2,435.0,241.0,0.13333334,0.05,44393684.000000
2,436.0,235.0,0.13333334,0.05,44393848.000000
2,436.0,233.0,0.13333334,0.05,44394008.000000
2,436.0,232.0,0.13333334,0.0625,44394168.000000
2,436.0,230.0,0.13333334,0.0625,44394332.000000
2,436.0,228.0,0.13333334,0.0625,44394496.000000
2,436.0,227.0,0.13333334,0.0625,44394656.000000
2,436.0,225.0,0.1764706,0.075,44394816.000000
1,462.0,132.0,0.043137256,0.0125,44395000.000000
0,372.0,378.0,0.10588236,0.0375,44446592.000000
2,373.0,343.0,0.15294118,0.075,44446752.000000
1,407.0,232.0,0.08627451,0.025,44446936.000000
0,358.0,339.0,0.14117648,0.075,44485644.000000
2,360.0,322.0,0.14117648,0.0625,44485812.000000
2,375.0,262.0,0.14117648,0.0875,44485968.000000
2,390.0,224.0,0.14117648,0.075,44486128.000000
1,435.0,148.0,0.08627451,0.0375,44486312.000000
0,354.0,350.0,0.14509805,0.0625,44490188.000000
2,369.0,299.0,0.14509805,0.0875,44490336.000000
2,383.0,266.0,0.14509805,0.075,44490496.000000
1,450.0,165.0,0.09019608,0.025,44490656.000000
0,372.0,279.0,0.14509805,0.05,45734960.000000
2,340.0,396.0,0.14509805,0.05,45735112.000000
2,317.0,511.0,0.14509805,0.0625,45735280.000000
2,317.0,589.0,0.14509805,0.0625,45735432.000000
1,323.0,649.0,0.10196079,0.0375,45735592.000000
0,402.0,337.0,0.13725491,0.0625,45737688.000000
2,390.0,359.0,0.13725491,0.0875,45737848.000000
2,339.0,511.0,0.18431373,0.075,45738020.000000
2,331.0,618.0,0.18431373,0.075,45738168.000000
1,333.0,663.0,0.078431375,0.0125,45738332.000000
0,400.0,349.0,0.13725491,0.05,45738512.000000
2,389.0,371.0,0.13725491,0.0625,45738668.000000
2,350.0,485.0,0.18431373,0.075,45738824.000000
2,329.0,595.0,0.18431373,0.0625,45738984.000000
1,334.0,664.0,0.0627451,0.0125,45739140.000000
0,384.0,654.0,0.12941177,0.05,45743176.000000
2,381.0,634.0,0.12941177,0.0625,45743336.000000
2,381.0,610.0,0.12941177,0.05,45743500.000000
2,382.0,579.0,0.12941177,0.0625,45743660.000000
2,383.0,566.0,0.12941177,0.0625,45743824.000000
2,383.0,559.0,0.12941177,0.05,45743984.000000
2,383.0,554.0,0.12941177,0.05,45744144.000000
2,383.0,551.0,0.12941177,0.05,45744304.000000
2,383.0,550.0,0.12941177,0.05,45744468.000000
2,382.0,549.0,0.12941177,0.0625,45744628.000000
2,373.0,571.0,0.12941177,0.05,45744788.000000
2,369.0,584.0,0.12941177,0.0625,45744956.000000
2,365.0,600.0,0.12941177,0.05,45745124.000000
2,363.0,613.0,0.12941177,0.0625,45745272.000000
2,361.0,622.0,0.12941177,0.0625,45745432.000000
2,360.0,628.0,0.12941177,0.075,45745592.000000
2,359.0,632.0,0.12941177,0.075,45745752.000000
2,359.0,633.0,0.12941177,0.075,45746072.000000
2,358.0,634.0,0.12941177,0.075,45746236.000000
2,357.0,634.0,0.17254902,0.075,45748808.000000
2,357.0,632.0,0.17254902,0.075,45748968.000000
2,357.0,630.0,0.17254902,0.075,45749132.000000
2,357.0,628.0,0.17254902,0.0625,45749292.000000
2,357.0,626.0,0.17254902,0.0625,45749452.000000
2,357.0,625.0,0.17254902,0.0625,45749612.000000
2,356.0,624.0,0.17254902,0.0625,45749776.000000
2,356.0,623.0,0.17254902,0.0625,45750416.000000
1,356.0,623.0,0.17254902,0.0625,45752348.000000
0,307.0,381.0,0.14117648,0.075,45777632.000000
2,310.0,361.0,0.14117648,0.075,45777792.000000
2,328.0,296.0,0.18431373,0.075,45777964.000000
2,341.0,270.0,0.18431373,0.0625,45778112.000000
2,306.0,388.0,0.18431373,0.075,45778272.000000
1,289.0,472.0,0.13333334,0.025,45778436.000000
0,373.0,397.0,0.13333334,0.025,45868208.000000
2,371.0,381.0,0.13333334,0.0625,45868372.000000
2,374.0,324.0,0.13333334,0.0625,45868540.000000
2,380.0,296.0,0.18039216,0.0625,45868696.000000
2,384.0,275.0,0.18039216,0.0625,45868860.000000
2,387.0,262.0,0.18039216,0.075,45869028.000000
2,391.0,248.0,0.18039216,0.075,45869176.000000
2,394.0,239.0,0.18039216,0.05,45869336.000000
2,397.0,231.0,0.18039216,0.0625,45869496.000000
2,399.0,224.0,0.18039216,0.075,45869656.000000
1,402.0,219.0,0.078431375,0.0125,45869816.000000
0,348.0,364.0,0.11764707,0.05,52354864.000000
2,364.0,303.0,0.11764707,0.075,52355048.000000
1,364.0,298.0,0.050980397,0.0125,52355188.000000
0,345.0,500.0,0.13333334,0.05,52377060.000000
2,359.0,441.0,0.13333334,0.0625,52377236.000000
1,396.0,277.0,0.13333334,0.0625,52377392.000000
0,326.0,165.0,0.07450981,0.025,52381296.000000
2,323.0,200.0,0.11764707,0.0625,52381456.000000
2,291.0,381.0,0.11764707,0.05,52381620.000000
2,268.0,539.0,0.11764707,0.075,52381780.000000
2,260.0,606.0,0.11764707,0.05,52381944.000000
2,254.0,624.0,0.11764707,0.075,52382112.000000
2,255.0,660.0,0.11764707,0.075,52382264.000000
2,257.0,690.0,0.11764707,0.075,52382424.000000
2,265.0,723.0,0.11764707,0.0625,52382588.000000
1,274.0,748.0,0.06666667,0.025,52382772.000000
0,361.0,214.0,0.14901961,0.05,52383400.000000
2,355.0,234.0,0.14901961,0.075,52383576.000000
2,322.0,392.0,0.14901961,0.0875,52383724.000000
2,304.0,487.0,0.14901961,0.075,52383884.000000
2,295.0,549.0,0.14901961,0.075,52384044.000000
2,284.0,618.0,0.14901961,0.0625,52384208.000000
2,283.0,629.0,0.14901961,0.075,52384392.000000
2,284.0,633.0,0.14901961,0.05,52384532.000000
2,283.0,635.0,0.14901961,0.0625,52384696.000000
2,283.0,645.0,0.14901961,0.0625,52384852.000000
2,284.0,658.0,0.14901961,0.0625,52385048.000000
2,283.0,665.0,0.14901961,0.0625,52385176.000000
2,283.0,672.0,0.14901961,0.075,52385336.000000
2,283.0,677.0,0.14901961,0.075,52385500.000000
1,283.0,679.0,0.14901961,0.075,52385664.000000
0,433.0,255.0,0.16470589,0.0625,52385876.000000
2,409.0,305.0,0.16470589,0.112500004,52385980.000000
1,339.0,565.0,0.16470589,0.0625,52386164.000000
0,352.0,651.0,0.11764707,0.05,52402796.000000
2,348.0,516.0,0.11764707,0.075,52402960.000000
2,436.0,191.0,0.11764707,0.05,52403120.000000
1,467.0,136.0,0.06666667,0.025,52403308.000000
0,351.0,268.0,0.13333334,0.05,52403612.000000
2,328.0,343.0,0.13333334,0.0875,52403768.000000
2,319.0,484.0,0.13333334,0.0625,52403936.000000
2,304.0,603.0,0.13333334,0.0625,52404092.000000
2,297.0,644.0,0.13333334,0.05,52404252.000000
2,296.0,666.0,0.13333334,0.0625,52404412.000000
2,296.0,676.0,0.13333334,0.0625,52404572.000000
2,296.0,682.0,0.13333334,0.0625,52404736.000000
2,297.0,684.0,0.13333334,0.0625,52404896.000000
2,297.0,687.0,0.13333334,0.0625,52405056.000000
2,298.0,688.0,0.13333334,0.0625,52405376.000000
2,298.0,689.0,0.13333334,0.05,52405700.000000
1,298.0,689.0,0.13333334,0.05,52405880.000000
0,302.0,277.0,0.14509805,0.0625,52444880.000000
2,281.0,339.0,0.14509805,0.0625,52445040.000000
2,250.0,506.0,0.14509805,0.05,52445200.000000
1,246.0,572.0,0.10196079,0.025,52445392.000000
0,352.0,283.0,0.12941177,0.075,52446976.000000
2,324.0,335.0,0.12941177,0.0625,52447136.000000
2,302.0,401.0,0.12941177,0.0625,52447296.000000
2,301.0,406.0,0.12941177,0.0625,52447456.000000
2,300.0,408.0,0.12941177,0.0625,52447616.000000
1,300.0,408.0,0.12941177,0.0625,52447780.000000
0,343.0,300.0,0.14117648,0.0625,52672608.000000
2,329.0,351.0,0.14117648,0.075,52672768.000000
2,324.0,381.0,0.14117648,0.05,52672928.000000
2,321.0,399.0,0.14117648,0.0625,52673088.000000
2,319.0,424.0,0.14117648,0.05,52673252.000000
2,319.0,450.0,0.14117648,0.05,52673412.000000
2,319.0,457.0,0.14117648,0.0625,52673572.000000
2,319.0,465.0,0.14117648,0.0625,52673732.000000
1,318.0,473.0,0.09411766,0.025,52673888.000000
0,407.0,256.0,0.10196079,0.0625,52753420.000000
2,387.0,302.0,0.16078432,0.0625,52753568.000000
1,377.0,398.0,0.10980393,0.025,52753744.000000
0,360.0,393.0,0.13725491,0.0625,52758612.000000
2,363.0,375.0,0.13725491,0.0625,52758768.000000
2,368.0,352.0,0.13725491,0.0625,52758924.000000
2,384.0,316.0,0.13725491,0.0625,52759088.000000
2,394.0,284.0,0.13725491,0.05,52759252.000000
2,403.0,256.0,0.13725491,0.075,52759408.000000
1,407.0,248.0,0.06666667,0.0125,52759572.000000
0,348.0,391.0,0.13333334,0.0625,52759884.000000
2,359.0,356.0,0.13333334,0.0625,52760048.000000
2,374.0,315.0,0.13333334,0.075,52760204.000000
2,382.0,296.0,0.13333334,0.075,52760364.000000
2,389.0,276.0,0.13333334,0.0625,52760528.000000
2,393.0,262.0,0.13333334,0.075,52760692.000000
2,399.0,243.0,0.1764706,0.0625,52760848.000000
2,404.0,227.0,0.1764706,0.0625,52761016.000000
2,411.0,206.0,0.1764706,0.075,52761192.000000
2,414.0,191.0,0.1764706,0.1,52761332.000000
2,419.0,174.0,0.1764706,0.075,52761496.000000
2,424.0,162.0,0.1764706,0.0625,52761656.000000
2,429.0,147.0,0.1764706,0.075,52761816.000000
2,432.0,134.0,0.1764706,0.075,52761976.000000
2,436.0,121.0,0.1764706,0.075,52762140.000000
2,439.0,111.0,0.1764706,0.0625,52762300.000000
2,441.0,98.0,0.1764706,0.075,52762464.000000
1,443.0,90.0,0.1254902,0.0375,52762624.000000
0,417.0,380.0,0.12941177,0.05,52765232.000000
2,420.0,362.0,0.12941177,0.0625,52765404.000000
2,426.0,332.0,0.12941177,0.0625,52765552.000000
2,438.0,287.0,0.12941177,0.0625,52765712.000000
2,444.0,261.0,0.12941177,0.075,52765872.000000
2,453.0,226.0,0.12941177,0.0625,52766040.000000
2,456.0,206.0,0.12941177,0.0625,52766196.000000
2,461.0,182.0,0.12941177,0.05,52766360.000000
2,464.0,170.0,0.12941177,0.0375,52766520.000000
2,466.0,162.0,0.12941177,0.0375,52766680.000000
2,468.0,153.0,0.08627451,0.025,52766844.000000
1,468.0,151.0,0.08627451,0.025,52767008.000000
0,400.0,390.0,0.12941177,0.0625,52768820.000000
2,405.0,365.0,0.12941177,0.0625,52768984.000000
2,423.0,302.0,0.12941177,0.0625,52769144.000000
2,432.0,259.0,0.12941177,0.075,52769304.000000
2,440.0,223.0,0.12941177,0.075,52769476.000000
2,446.0,196.0,0.12941177,0.05,52769624.000000
2,451.0,175.0,0.12941177,0.0625,52769788.000000
2,453.0,166.0,0.12941177,0.0625,52769952.000000
2,455.0,156.0,0.12941177,0.0625,52770112.000000
2,458.0,146.0,0.12941177,0.0625,52770304.000000
2,460.0,137.0,0.12941177,0.05,52770432.000000
2,461.0,134.0,0.12941177,0.05,52770596.000000
2,462.0,132.0,0.12941177,0.0375,52770756.000000
2,462.0,131.0,0.08627451,0.0375,52770916.000000
1,463.0,130.0,0.08627451,0.0375,52771244.000000
0,396.0,366.0,0.13333334,0.0625,52778656.000000
2,401.0,350.0,0.13333334,0.075,52778828.000000
2,409.0,316.0,0.13333334,0.0625,52778980.000000
2,417.0,285.0,0.13333334,0.0875,52779140.000000
2,423.0,255.0,0.13333334,0.0625,52779304.000000
2,429.0,231.0,0.13333334,0.0625,52779464.000000
2,434.0,214.0,0.13333334,0.075,52779624.000000
2,438.0,203.0,0.13333334,0.075,52779784.000000
2,440.0,194.0,0.13333334,0.05,52779944.000000
2,443.0,184.0,0.13333334,0.0625,52780104.000000
2,446.0,174.0,0.13333334,0.075,52780268.000000
2,450.0,163.0,0.13333334,0.0625,52780424.000000
1,452.0,160.0,0.043137256,0.0125,52780588.000000
0,418.0,299.0,0.13725491,0.0625,52781072.000000
2,423.0,280.0,0.13725491,0.0625,52781236.000000
2,425.0,267.0,0.13725491,0.0625,52781396.000000
2,430.0,247.0,0.13725491,0.0625,52781560.000000
2,434.0,227.0,0.13725491,0.075,52781720.000000
2,438.0,212.0,0.13725491,0.075,52781880.000000
2,442.0,198.0,0.13725491,0.05,52782040.000000
2,444.0,190.0,0.13725491,0.05,52782200.000000
2,448.0,182.0,0.13725491,0.0625,52782360.000000
2,450.0,176.0,0.13725491,0.0625,52782524.000000
2,452.0,171.0,0.13725491,0.05,52782688.000000
2,455.0,165.0,0.13725491,0.05,52782848.000000
2,456.0,160.0,0.13725491,0.0625,52783008.000000
2,457.0,157.0,0.13725491,0.05,52783168.000000
1,458.0,154.0,0.050980397,0.025,52783336.000000
0,412.0,301.0,0.12941177,0.05,52783816.000000
2,415.0,283.0,0.12941177,0.0875,52783984.000000
2,418.0,266.0,0.12941177,0.075,52784136.000000
2,424.0,249.0,0.12941177,0.0625,52784300.000000
2,430.0,229.0,0.12941177,0.0625,52784464.000000
2,433.0,218.0,0.12941177,0.075,52784624.000000
2,436.0,207.0,0.12941177,0.075,52784788.000000
2,440.0,195.0,0.12941177,0.05,52784944.000000
2,441.0,190.0,0.12941177,0.05,52785132.000000
2,443.0,185.0,0.12941177,0.0625,52785268.000000
2,446.0,178.0,0.12941177,0.0625,52785432.000000
2,450.0,170.0,0.12941177,0.05,52785592.000000
2,455.0,163.0,0.12941177,0.05,52785752.000000
2,456.0,160.0,0.12941177,0.05,52785916.000000
2,458.0,156.0,0.12941177,0.05,52786072.000000
2,459.0,151.0,0.12941177,0.05,52786236.000000
2,460.0,148.0,0.12941177,0.025,52786396.000000
2,461.0,145.0,0.12941177,0.025,52786556.000000
2,461.0,143.0,0.12941177,0.025,52786720.000000
2,462.0,142.0,0.12941177,0.0375,52786904.000000
2,462.0,140.0,0.12941177,0.0375,52787368.000000
2,463.0,139.0,0.12941177,0.0375,52787528.000000
2,463.0,138.0,0.12941177,0.0375,52788020.000000
2,463.0,138.0,0.12941177,0.075,52789148.000000
1,424.0,395.0,0.098039225,0.0375,52789316.000000
0,413.0,376.0,0.121568635,0.05,52792876.000000
2,415.0,356.0,0.121568635,0.0625,52793036.000000
2,418.0,338.0,0.121568635,0.05,52793204.000000
2,422.0,329.0,0.121568635,0.0625,52793364.000000
2,424.0,319.0,0.121568635,0.05,52793524.000000
2,425.0,312.0,0.121568635,0.0625,52793684.000000
2,427.0,305.0,0.121568635,0.0625,52793848.000000
2,428.0,296.0,0.121568635,0.0625,52794012.000000
2,431.0,283.0,0.121568635,0.05,52794168.000000
2,433.0,274.0,0.121568635,0.0625,52794332.000000
2,434.0,266.0,0.121568635,0.075,52794488.000000
2,435.0,260.0,0.121568635,0.075,52794652.000000
2,437.0,252.0,0.121568635,0.075,52794812.000000
1,438.0,248.0,0.121568635,0.05,52794964.000000
0,390.0,351.0,0.1254902,0.05,52804080.000000
2,400.0,327.0,0.1254902,0.0625,52804256.000000
2,406.0,314.0,0.1254902,0.0625,52804408.000000
2,419.0,290.0,0.1254902,0.0625,52804568.000000
2,431.0,268.0,0.1254902,0.075,52804728.000000
2,440.0,249.0,0.1254902,0.0625,52804892.000000
2,452.0,234.0,0.1254902,0.05,52805056.000000
2,463.0,217.0,0.1254902,0.0375,52805216.000000
2,468.0,209.0,0.08235294,0.0375,52805376.000000
2,471.0,200.0,0.08235294,0.025,52805536.000000
2,472.0,196.0,0.08235294,0.025,52805696.000000
2,473.0,193.0,0.08235294,0.025,52805864.000000
2,474.0,189.0,0.08235294,0.025,52806020.000000
1,474.0,187.0,0.03529412,0.025,52806188.000000
0,397.0,314.0,0.12941177,0.05,52806512.000000
2,406.0,295.0,0.12941177,0.0625,52806680.000000
2,412.0,287.0,0.12941177,0.0875,52806836.000000
2,424.0,264.0,0.12941177,0.0625,52807000.000000
2,433.0,248.0,0.12941177,0.075,52807160.000000
2,439.0,236.0,0.12941177,0.05,52807328.000000
2,447.0,225.0,0.12941177,0.0625,52807484.000000
1,455.0,217.0,0.08627451,0.0125,52807644.000000
0,400.0,370.0,0.12941177,0.0625,52876188.000000
2,405.0,341.0,0.12941177,0.0625,52876360.000000
2,412.0,305.0,0.12941177,0.0625,52876512.000000
2,417.0,291.0,0.12941177,0.05,52876676.000000
2,423.0,272.0,0.12941177,0.0625,52876840.000000
2,427.0,258.0,0.12941177,0.075,52877000.000000
2,432.0,244.0,0.12941177,0.0625,52877160.000000
1,435.0,235.0,0.078431375,0.05,52877320.000000
0,408.0,377.0,0.10196079,0.05,52881224.000000
2,410.0,357.0,0.14509805,0.0625,52881388.000000
2,413.0,340.0,0.14509805,0.0625,52881544.000000
2,418.0,325.0,0.14509805,0.0625,52881708.000000
2,422.0,308.0,0.14509805,0.0625,52881872.000000
2,425.0,297.0,0.14509805,0.0625,52882032.000000
2,426.0,291.0,0.14509805,0.0625,52882196.000000
2,428.0,280.0,0.14509805,0.0625,52882356.000000
2,430.0,269.0,0.14509805,0.0625,52882524.000000
2,431.0,263.0,0.14509805,0.0625,52882680.000000
2,432.0,262.0,0.14509805,0.075,52882840.000000
2,432.0,259.0,0.14509805,0.075,52883000.000000
1,432.0,257.0,0.14509805,0.075,52883160.000000
0,380.0,339.0,0.10588236,0.05,52912220.000000
2,374.0,356.0,0.10588236,0.0625,52912388.000000
2,372.0,362.0,0.10588236,0.05,52912544.000000
2,369.0,370.0,0.10588236,0.05,52912704.000000
2,367.0,374.0,0.10588236,0.0625,52912868.000000
2,366.0,378.0,0.10588236,0.0625,52913032.000000
2,365.0,381.0,0.10588236,0.0625,52913192.000000
2,365.0,383.0,0.10588236,0.0625,52913352.000000
2,364.0,386.0,0.10588236,0.0625,52913516.000000
2,363.0,388.0,0.10588236,0.05,52913680.000000
2,363.0,391.0,0.10588236,0.05,52913840.000000
2,362.0,393.0,0.10588236,0.05,52914000.000000
2,362.0,395.0,0.10588236,0.05,52914320.000000
2,362.0,396.0,0.10588236,0.05,52914480.000000
2,362.0,397.0,0.10588236,0.05,52914804.000000
2,361.0,398.0,0.10588236,0.05,52915128.000000
2,361.0,399.0,0.10588236,0.05,52915288.000000
2,361.0,399.0,0.10588236,0.0625,52915452.000000
2,362.0,397.0,0.10588236,0.0625,52915612.000000
2,369.0,383.0,0.14901961,0.0625,52915772.000000
2,372.0,378.0,0.14901961,0.05,52915940.000000
2,376.0,373.0,0.14901961,0.0625,52916096.000000
2,381.0,365.0,0.14901961,0.0625,52916256.000000
2,382.0,363.0,0.14901961,0.0625,52916416.000000
2,383.0,362.0,0.14901961,0.05,52916580.000000
1,383.0,362.0,0.14901961,0.05,52916740.000000
0,383.0,369.0,0.09411766,0.05,52921768.000000
2,386.0,350.0,0.09411766,0.0625,52921932.000000
1,422.0,257.0,0.09411766,0.0375,52922100.000000
0,383.0,220.0,0.12941177,0.05,53293012.000000
2,371.0,271.0,0.12941177,0.0625,53293184.000000
1,380.0,434.0,0.08235294,0.0125,53293360.000000
0,436.0,286.0,0.09411766,0.05,53297540.000000
2,423.0,317.0,0.09411766,0.0375,53297688.000000
2,416.0,347.0,0.09411766,0.0375,53297852.000000
1,414.0,435.0,0.09411766,0.025,53298040.000000
0,407.0,295.0,0.1254902,0.0625,53301908.000000
2,399.0,317.0,0.1254902,0.075,53302064.000000
2,394.0,332.0,0.1254902,0.0625,53302220.000000
2,391.0,352.0,0.1254902,0.05,53302380.000000
2,389.0,363.0,0.1254902,0.05,53302540.000000
2,388.0,375.0,0.1254902,0.0625,53302704.000000
2,387.0,388.0,0.1254902,0.05,53302864.000000
2,386.0,395.0,0.1254902,0.05,53303024.000000
2,386.0,400.0,0.1254902,0.05,53303188.000000
2,386.0,405.0,0.1254902,0.05,53303364.000000
2,386.0,409.0,0.1254902,0.05,53303512.000000
2,385.0,412.0,0.1254902,0.05,53303672.000000
2,385.0,413.0,0.1254902,0.05,53303832.000000
2,386.0,414.0,0.1254902,0.05,53304316.000000
1,386.0,414.0,0.1254902,0.05,53304480.000000
0,338.0,360.0,0.1137255,0.05,53311532.000000
2,359.0,288.0,0.1137255,0.05,53311696.000000
2,363.0,231.0,0.1137255,0.0625,53311856.000000
1,362.0,220.0,0.1137255,0.0625,53312028.000000
0,361.0,372.0,0.12941177,0.0625,53556656.000000
2,363.0,351.0,0.12941177,0.0625,53556832.000000
2,365.0,339.0,0.12941177,0.0625,53556968.000000
2,366.0,335.0,0.12941177,0.05,53557136.000000
2,368.0,326.0,0.12941177,0.05,53557292.000000
2,371.0,310.0,0.12941177,0.0625,53557456.000000
2,373.0,303.0,0.12941177,0.0625,53557620.000000
2,376.0,297.0,0.12941177,0.05,53557780.000000
2,379.0,290.0,0.12941177,0.0625,53557940.000000
1,385.0,277.0,0.08235294,0.05,53558128.000000
0,322.0,383.0,0.1254902,0.05,53566216.000000
2,325.0,367.0,0.1254902,0.0625,53566376.000000
2,328.0,352.0,0.1254902,0.0625,53566536.000000
2,333.0,340.0,0.1254902,0.05,53566696.000000
2,337.0,333.0,0.1254902,0.0625,53566856.000000
2,339.0,328.0,0.1254902,0.0625,53567020.000000
2,341.0,325.0,0.1254902,0.0625,53567180.000000
2,342.0,323.0,0.1254902,0.05,53567340.000000
2,342.0,322.0,0.1254902,0.05,53567504.000000
2,343.0,317.0,0.1254902,0.05,53567668.000000
2,346.0,310.0,0.1254902,0.075,53567824.000000
2,355.0,296.0,0.1254902,0.075,53567988.000000
2,361.0,288.0,0.1254902,0.0625,53568148.000000
2,364.0,280.0,0.1254902,0.0625,53568320.000000
2,368.0,266.0,0.1254902,0.0625,53568472.000000
2,372.0,261.0,0.1254902,0.0625,53568632.000000
2,374.0,257.0,0.1254902,0.0625,53568792.000000
2,374.0,256.0,0.1254902,0.075,53568952.000000
2,376.0,254.0,0.1254902,0.05,53569116.000000
2,377.0,253.0,0.1254902,0.0625,53569288.000000
2,379.0,250.0,0.1254902,0.0625,53569448.000000
2,382.0,243.0,0.1254902,0.0625,53569608.000000
2,385.0,237.0,0.1254902,0.0625,53569772.000000
2,387.0,232.0,0.1254902,0.05,53569936.000000
2,388.0,230.0,0.1254902,0.0625,53570096.000000
2,388.0,229.0,0.1254902,0.0625,53570256.000000
2,389.0,225.0,0.1254902,0.075,53570416.000000
2,390.0,223.0,0.1254902,0.075,53570576.000000
1,390.0,222.0,0.1254902,0.075,53570740.000000
0,384.0,138.0,0.12941177,0.05,53765484.000000
2,374.0,173.0,0.12941177,0.0625,53765648.000000
2,365.0,207.0,0.12941177,0.0625,53765800.000000
2,361.0,236.0,0.12941177,0.075,53765956.000000
2,360.0,251.0,0.12941177,0.0625,53766120.000000
2,360.0,263.0,0.12941177,0.0625,53766280.000000
2,360.0,274.0,0.12941177,0.0625,53766440.000000
2,360.0,279.0,0.12941177,0.0625,53766616.000000
2,360.0,281.0,0.12941177,0.0625,53766764.000000
2,360.0,282.0,0.12941177,0.075,53766924.000000
2,360.0,283.0,0.12941177,0.075,53767088.000000
2,360.0,283.0,0.12941177,0.0625,53767576.000000
2,361.0,284.0,0.12941177,0.0625,53767900.000000
2,363.0,272.0,0.12941177,0.0625,53768048.000000
2,377.0,224.0,0.12941177,0.0625,53768208.000000
2,382.0,202.0,0.12941177,0.0625,53768372.000000
2,386.0,177.0,0.12941177,0.075,53768532.000000
2,389.0,157.0,0.12941177,0.0625,53768692.000000
2,395.0,134.0,0.12941177,0.075,53768852.000000
2,397.0,124.0,0.12941177,0.075,53769012.000000
2,398.0,119.0,0.12941177,0.075,53769176.000000
1,398.0,118.0,0.12941177,0.0625,53769344.000000
0,423.0,309.0,0.09019608,0.025,53943872.000000
2,411.0,340.0,0.13333334,0.0625,53944036.000000
2,398.0,385.0,0.13333334,0.05,53944196.000000
2,396.0,403.0,0.13333334,0.075,53944360.000000
2,394.0,412.0,0.13333334,0.075,53944520.000000
2,389.0,454.0,0.13333334,0.0625,53944680.000000
2,369.0,575.0,0.13333334,0.0625,53944840.000000
2,364.0,638.0,0.13333334,0.0625,53945000.000000
2,363.0,655.0,0.13333334,0.0625,53945164.000000
2,364.0,656.0,0.13333334,0.0625,53945336.000000
2,364.0,657.0,0.13333334,0.0625,53945648.000000
2,370.0,597.0,0.13333334,0.0625,53945808.000000
1,417.0,383.0,0.13333334,0.0375,53945988.000000
0,353.0,606.0,0.121568635,0.05,53948572.000000
2,358.0,569.0,0.121568635,0.0625,53948740.000000
1,417.0,358.0,0.07058824,0.025,53948904.000000
0,389.0,223.0,0.121568635,0.05,32954330.000000
2,357.0,271.0,0.121568635,0.075,32954492.000000
2,346.0,325.0,0.16470589,0.075,32954654.000000
2,343.0,359.0,0.16470589,0.075,32954814.000000
2,343.0,396.0,0.16470589,0.0625,32954974.000000
2,342.0,414.0,0.16470589,0.0625,32955136.000000
2,342.0,433.0,0.16470589,0.05,32955296.000000
2,343.0,443.0,0.16470589,0.075,32955456.000000
2,343.0,452.0,0.16470589,0.075,32955618.000000
2,344.0,455.0,0.16470589,0.075,32955940.000000
2,344.0,456.0,0.16470589,0.075,32956424.000000
1,344.0,456.0,0.16470589,0.075,32956616.000000
0,376.0,296.0,0.12941177,0.0375,32957552.000000
2,367.0,324.0,0.12941177,0.0625,32957712.000000
2,359.0,356.0,0.12941177,0.075,32957872.000000
2,357.0,393.0,0.12941177,0.05,32958032.000000
2,357.0,400.0,0.12941177,0.0625,32958194.000000
2,357.0,408.0,0.12941177,0.075,32958354.000000
2,357.0,414.0,0.12941177,0.075,32958516.000000
2,357.0,417.0,0.12941177,0.075,32958678.000000
2,358.0,420.0,0.12941177,0.075,32959484.000000
2,358.0,419.0,0.12941177,0.0625,32959646.000000
2,359.0,417.0,0.12941177,0.0625,32959808.000000
2,360.0,416.0,0.12941177,0.0625,32959968.000000
2,361.0,414.0,0.12941177,0.0625,32960130.000000
2,361.0,413.0,0.12941177,0.0625,32960612.000000
2,362.0,412.0,0.12941177,0.0625,32960774.000000
2,362.0,411.0,0.12941177,0.0625,32961096.000000
2,362.0,409.0,0.12941177,0.0625,32961256.000000
2,362.0,407.0,0.12941177,0.05,32961418.000000
2,362.0,394.0,0.12941177,0.075,32961576.000000
2,359.0,351.0,0.12941177,0.075,32961738.000000
2,361.0,310.0,0.12941177,0.0625,32961900.000000
2,361.0,296.0,0.12941177,0.0625,32962060.000000
2,361.0,287.0,0.12941177,0.05,32962220.000000
1,361.0,281.0,0.12941177,0.05,32962382.000000
0,392.0,354.0,0.1137255,0.05,33063422.000000
2,395.0,336.0,0.1137255,0.075,33063596.000000
2,395.0,331.0,0.1137255,0.05,33063748.000000
2,398.0,320.0,0.1137255,0.05,33063908.000000
2,401.0,311.0,0.1137255,0.0625,33064068.000000
2,401.0,309.0,0.1137255,0.0625,33064228.000000
2,403.0,305.0,0.1137255,0.075,33064392.000000
2,405.0,298.0,0.1137255,0.075,33064556.000000
2,406.0,292.0,0.15686275,0.0625,33064712.000000
2,407.0,288.0,0.15686275,0.0625,33064876.000000
2,409.0,282.0,0.15686275,0.0625,33065038.000000
2,412.0,274.0,0.15686275,0.0625,33065200.000000
2,414.0,266.0,0.15686275,0.075,33065358.000000
2,416.0,260.0,0.15686275,0.0625,33065532.000000
2,417.0,254.0,0.15686275,0.0625,33065684.000000
2,418.0,252.0,0.15686275,0.0625,33065840.000000
2,419.0,249.0,0.15686275,0.0625,33066002.000000
2,421.0,244.0,0.15686275,0.0625,33066172.000000
2,425.0,233.0,0.15686275,0.0625,33066326.000000
2,426.0,228.0,0.15686275,0.0625,33066494.000000
2,427.0,224.0,0.15686275,0.0625,33066648.000000
2,427.0,221.0,0.15686275,0.0625,33066810.000000
2,428.0,217.0,0.15686275,0.075,33066976.000000
2,429.0,213.0,0.15686275,0.075,33067144.000000
2,430.0,209.0,0.15686275,0.075,33067296.000000
2,432.0,203.0,0.15686275,0.0625,33067456.000000
1,432.0,200.0,0.15686275,0.0625,33067624.000000
0,346.0,338.0,0.121568635,0.075,33085312.000000
2,350.0,321.0,0.121568635,0.05,33085488.000000
2,350.0,319.0,0.121568635,0.05,33085638.000000
2,356.0,306.0,0.121568635,0.0625,33085796.000000
2,361.0,296.0,0.121568635,0.0625,33085964.000000
2,366.0,286.0,0.121568635,0.0625,33086120.000000
2,370.0,276.0,0.121568635,0.0875,33086284.000000
2,376.0,262.0,0.121568635,0.0625,33086464.000000
2,381.0,254.0,0.121568635,0.075,33086618.000000
2,384.0,248.0,0.121568635,0.075,33086776.000000
2,388.0,241.0,0.121568635,0.05,33086936.000000
2,390.0,234.0,0.121568635,0.05,33087100.000000
2,393.0,228.0,0.121568635,0.05,33087260.000000
2,396.0,222.0,0.121568635,0.075,33087420.000000
2,398.0,216.0,0.121568635,0.075,33087582.000000
2,400.0,211.0,0.121568635,0.075,33087748.000000
2,401.0,208.0,0.121568635,0.075,33087906.000000
1,402.0,207.0,0.121568635,0.0625,33088064.000000
0,354.0,291.0,0.121568635,0.075,33137364.000000
2,348.0,308.0,0.121568635,0.0625,33137532.000000
2,342.0,324.0,0.121568635,0.0625,33137690.000000
2,338.0,335.0,0.121568635,0.0625,33137852.000000
2,334.0,344.0,0.121568635,0.0625,33138010.000000
2,331.0,351.0,0.121568635,0.0875,33138176.000000
2,331.0,353.0,0.121568635,0.075,33138332.000000
2,330.0,354.0,0.121568635,0.075,33138496.000000
2,330.0,355.0,0.121568635,0.0875,33138656.000000
2,330.0,355.0,0.121568635,0.075,33138980.000000
2,329.0,356.0,0.121568635,0.0875,33139144.000000
2,329.0,357.0,0.121568635,0.0875,33139464.000000
2,328.0,358.0,0.121568635,0.0875,33139784.000000
2,328.0,359.0,0.121568635,0.0875,33139948.000000
2,328.0,359.0,0.121568635,0.075,33140912.000000
2,328.0,360.0,0.121568635,0.075,33141236.000000
2,328.0,361.0,0.121568635,0.075,33141398.000000
2,328.0,362.0,0.121568635,0.0875,33141880.000000
2,328.0,363.0,0.121568635,0.075,33142364.000000
2,327.0,364.0,0.121568635,0.075,33142524.000000
2,327.0,365.0,0.121568635,0.0875,33144296.000000
1,327.0,365.0,0.121568635,0.0875,33144620.000000
0,336.0,150.0,0.14117648,0.0625,33147880.000000
2,330.0,166.0,0.14117648,0.0875,33148044.000000
2,304.0,262.0,0.14117648,0.0625,33148206.000000
2,292.0,347.0,0.14117648,0.075,33148368.000000
2,287.0,374.0,0.14117648,0.075,33148528.000000
2,285.0,384.0,0.14117648,0.0875,33148688.000000
2,284.0,388.0,0.14117648,0.0875,33148848.000000
2,284.0,389.0,0.14117648,0.0875,33149012.000000
1,284.0,389.0,0.14117648,0.0875,33149188.000000
0,318.0,310.0,0.121568635,0.05,33149996.000000
2,309.0,342.0,0.121568635,0.05,33150144.000000
2,303.0,380.0,0.121568635,0.05,33150304.000000
2,302.0,393.0,0.121568635,0.05,33150628.000000
1,302.0,393.0,0.121568635,0.05,33150788.000000
0,354.0,102.0,0.13725491,0.05,33348940.000000
2,349.0,119.0,0.13725491,0.0625,33349108.000000
2,316.0,219.0,0.13725491,0.05,33349268.000000
2,295.0,306.0,0.13725491,0.075,33349424.000000
2,284.0,350.0,0.13725491,0.075,33349586.000000
2,283.0,373.0,0.13725491,0.075,33349748.000000
2,279.0,388.0,0.13725491,0.05,33349916.000000
2,276.0,406.0,0.13725491,0.0625,33350068.000000
2,275.0,412.0,0.13725491,0.0625,33350248.000000
2,275.0,416.0,0.13725491,0.0625,33350394.000000
2,275.0,419.0,0.13725491,0.0625,33350556.000000
2,275.0,421.0,0.13725491,0.0625,33350716.000000
2,276.0,422.0,0.13725491,0.0625,33350878.000000
2,276.0,423.0,0.13725491,0.0625,33351040.000000
2,276.0,424.0,0.13725491,0.0625,33351360.000000
2,275.0,426.0,0.13725491,0.0625,33351522.000000
2,275.0,428.0,0.13725491,0.0625,33351848.000000
2,275.0,430.0,0.13725491,0.05,33352168.000000
1,275.0,431.0,0.09411766,0.025,33352352.000000
0,376.0,323.0,0.12941177,0.05,33425640.000000
2,370.0,261.0,0.12941177,0.075,33425792.000000
2,396.0,161.0,0.12941177,0.0625,33425952.000000
2,418.0,106.0,0.12941177,0.0875,33426114.000000
2,427.0,89.0,0.17254902,0.075,33426276.000000
2,434.0,77.0,0.17254902,0.075,33426436.000000
2,435.0,75.0,0.17254902,0.075,33426596.000000
2,437.0,73.0,0.17254902,0.075,33426760.000000
2,438.0,72.0,0.17254902,0.075,33426928.000000
2,440.0,70.0,0.17254902,0.075,33427252.000000
2,441.0,69.0,0.17254902,0.075,33427576.000000
2,416.0,148.0,0.17254902,0.0875,33427736.000000
2,394.0,243.0,0.17254902,0.075,33427900.000000
2,382.0,314.0,0.17254902,0.075,33428060.000000
2,374.0,341.0,0.17254902,0.1,33428232.000000
2,371.0,366.0,0.17254902,0.075,33428380.000000
2,368.0,392.0,0.17254902,0.075,33428540.000000
2,369.0,408.0,0.17254902,0.075,33428704.000000
2,368.0,422.0,0.17254902,0.075,33428864.000000
1,368.0,428.0,0.0627451,0.025,33429040.000000
0,374.0,245.0,0.1254902,0.0375,33546382.000000
2,362.0,284.0,0.1254902,0.075,33546548.000000
2,351.0,322.0,0.1254902,0.075,33546708.000000
2,347.0,351.0,0.1254902,0.05,33546866.000000
2,347.0,353.0,0.1254902,0.05,33547030.000000
2,347.0,355.0,0.1254902,0.05,33547192.000000
2,347.0,356.0,0.1254902,0.0625,33547352.000000
2,355.0,315.0,0.1254902,0.0625,33547506.000000
2,360.0,295.0,0.1254902,0.0625,33547654.000000
2,363.0,288.0,0.1254902,0.0625,33547816.000000
2,364.0,282.0,0.1254902,0.0625,33547978.000000
2,365.0,279.0,0.1254902,0.0625,33548136.000000
1,365.0,279.0,0.1254902,0.0625,33548300.000000
0,354.0,342.0,0.12941177,0.075,33634460.000000
2,354.0,322.0,0.12941177,0.075,33634640.000000
2,382.0,214.0,0.12941177,0.075,33634784.000000
2,394.0,165.0,0.17254902,0.075,33634948.000000
2,401.0,125.0,0.17254902,0.075,33635112.000000
2,406.0,99.0,0.17254902,0.075,33635272.000000
2,408.0,90.0,0.17254902,0.075,33635432.000000
2,409.0,89.0,0.17254902,0.0875,33635592.000000
2,409.0,88.0,0.17254902,0.0875,33636236.000000
2,409.0,88.0,0.06666667,0.025,33636560.000000
1,409.0,88.0,0.06666667,0.025,33636728.000000
0,355.0,577.0,0.13333334,0.05,33726612.000000
2,367.0,469.0,0.13333334,0.075,33726760.000000
1,421.0,353.0,0.078431375,0.025,33726940.000000
0,321.0,364.0,0.14509805,0.0625,33945296.000000
2,321.0,302.0,0.14509805,0.075,33945456.000000
1,345.0,223.0,0.07058824,0.025,33945648.000000
0,318.0,248.0,0.14509805,0.075,33946260.000000
2,313.0,265.0,0.14509805,0.0625,33946584.000000
2,311.0,279.0,0.14509805,0.075,33946748.000000
1,310.0,280.0,0.14509805,0.075,33946936.000000
0,352.0,347.0,0.14117648,0.075,34007868.000000
2,354.0,305.0,0.14117648,0.075,34008032.000000
2,360.0,263.0,0.14117648,0.075,34008196.000000
2,378.0,187.0,0.14117648,0.075,34008356.000000
2,389.0,144.0,0.14117648,0.075,34008520.000000
2,396.0,108.0,0.14117648,0.075,34008680.000000
2,403.0,79.0,0.14117648,0.0625,34008840.000000
1,405.0,76.0,0.14117648,0.0625,34009000.000000
0,270.0,361.0,0.14117648,0.05,34048324.000000
2,270.0,338.0,0.14117648,0.05,34048488.000000
1,301.0,219.0,0.14117648,0.05,34048676.000000
0,308.0,186.0,0.14117648,0.05,34050264.000000
2,306.0,208.0,0.14117648,0.0625,34050424.000000
2,297.0,248.0,0.14117648,0.0625,34050584.000000
2,297.0,271.0,0.14117648,0.0625,34050744.000000
1,297.0,272.0,0.14117648,0.0625,34050932.000000
0,364.0,219.0,0.14117648,0.0625,34070748.000000
2,365.0,203.0,0.14117648,0.05,34070908.000000
2,366.0,182.0,0.14117648,0.05,34071072.000000
2,375.0,127.0,0.14117648,0.075,34071228.000000
2,377.0,120.0,0.14117648,0.075,34071388.000000
1,377.0,120.0,0.14117648,0.075,34071552.000000
0,346.0,220.0,0.13333334,0.05,34111040.000000
2,335.0,239.0,0.13333334,0.0625,34111204.000000
2,326.0,255.0,0.13333334,0.0625,34111368.000000
2,309.0,320.0,0.13333334,0.075,34111528.000000
2,305.0,347.0,0.13333334,0.05,34111688.000000
1,304.0,354.0,0.13333334,0.05,34111880.000000
0,319.0,665.0,0.08627451,0.0375,76380824.000000
2,319.0,604.0,0.08627451,0.05,76380960.000000
2,334.0,521.0,0.12941177,0.0625,76381120.000000
2,359.0,425.0,0.12941177,0.0625,76381280.000000
2,382.0,375.0,0.12941177,0.05,76381448.000000
2,394.0,346.0,0.12941177,0.075,76381600.000000
2,403.0,325.0,0.12941177,0.05,76381768.000000
2,417.0,290.0,0.12941177,0.0625,76381928.000000
2,431.0,251.0,0.12941177,0.075,76382088.000000
2,440.0,224.0,0.12941177,0.075,76382248.000000
2,446.0,205.0,0.12941177,0.0625,76382408.000000
2,452.0,186.0,0.12941177,0.0625,76382568.000000
2,456.0,172.0,0.12941177,0.05,76382736.000000
2,458.0,169.0,0.12941177,0.05,76382920.000000
2,458.0,168.0,0.12941177,0.05,76383056.000000
2,459.0,167.0,0.12941177,0.05,76383216.000000
2,459.0,166.0,0.12941177,0.05,76383376.000000
2,459.0,165.0,0.12941177,0.05,76384024.000000
2,460.0,164.0,0.12941177,0.05,76384184.000000
2,461.0,162.0,0.12941177,0.0375,76384344.000000
1,461.0,161.0,0.08235294,0.025,76384536.000000
0,425.0,309.0,0.06666667,0.025,76400040.000000
2,420.0,326.0,0.06666667,0.0375,76400200.000000
2,413.0,353.0,0.06666667,0.0375,76400360.000000
2,408.0,374.0,0.10980393,0.0625,76400520.000000
2,400.0,389.0,0.10980393,0.05,76400680.000000
2,396.0,395.0,0.10980393,0.05,76400840.000000
2,394.0,397.0,0.10980393,0.05,76401008.000000
2,392.0,399.0,0.10980393,0.05,76401168.000000
2,390.0,400.0,0.10980393,0.05,76401488.000000
2,393.0,395.0,0.10980393,0.05,76401648.000000
2,400.0,381.0,0.10980393,0.0625,76401808.000000
2,403.0,372.0,0.10980393,0.0625,76401976.000000
2,404.0,367.0,0.10980393,0.05,76402136.000000
2,407.0,359.0,0.10980393,0.0375,76402296.000000
2,410.0,349.0,0.10980393,0.05,76402464.000000
2,413.0,340.0,0.10980393,0.0375,76402616.000000
2,416.0,332.0,0.10980393,0.0375,76402784.000000
2,419.0,323.0,0.10980393,0.025,76402944.000000
2,421.0,316.0,0.10980393,0.0375,76403104.000000
2,423.0,309.0,0.10980393,0.05,76403264.000000
2,424.0,305.0,0.10980393,0.05,76403424.000000
1,424.0,303.0,0.06666667,0.0125,76403584.000000
0,282.0,216.0,0.12941177,0.05,76578992.000000
2,276.0,247.0,0.12941177,0.0625,76579152.000000
2,268.0,294.0,0.12941177,0.05,76579312.000000
2,264.0,340.0,0.12941177,0.05,76579480.000000
2,260.0,371.0,0.12941177,0.0625,76579640.000000
2,258.0,384.0,0.12941177,0.05,76579800.000000
2,257.0,386.0,0.12941177,0.05,76579968.000000
1,257.0,387.0,0.12941177,0.05,76580136.000000
0,413.0,287.0,0.09411766,0.0375,76783552.000000
2,410.0,304.0,0.09411766,0.05,76783736.000000
2,401.0,335.0,0.09411766,0.05,76783888.000000
2,392.0,366.0,0.09411766,0.0625,76784048.000000
2,390.0,378.0,0.09411766,0.0625,76784208.000000
2,386.0,392.0,0.09411766,0.05,76784368.000000
2,385.0,395.0,0.09411766,0.05,76784528.000000
2,384.0,396.0,0.09411766,0.0625,76784704.000000
2,400.0,337.0,0.09411766,0.0625,76784848.000000
2,405.0,230.0,0.13725491,0.0625,76785008.000000
1,419.0,191.0,0.078431375,0.025,76785200.000000
0,362.0,218.0,0.14117648,0.0625,76891728.000000
2,343.0,260.0,0.14117648,0.0625,76891888.000000
2,323.0,322.0,0.14117648,0.05,76892048.000000
2,322.0,332.0,0.14117648,0.05,76892216.000000
2,322.0,334.0,0.14117648,0.05,76892376.000000
2,322.0,336.0,0.14117648,0.05,76892536.000000
2,323.0,337.0,0.14117648,0.05,76893344.000000
2,323.0,336.0,0.14117648,0.0625,76894480.000000
2,329.0,324.0,0.14117648,0.0625,76894632.000000
2,339.0,298.0,0.14117648,0.075,76894792.000000
2,341.0,295.0,0.14117648,0.075,76894952.000000
1,341.0,293.0,0.07058824,0.025,76895136.000000
0,351.0,383.0,0.1254902,0.075,76964448.000000
2,355.0,362.0,0.1254902,0.0625,76964608.000000
2,373.0,248.0,0.1254902,0.0625,76964768.000000
1,411.0,152.0,0.07450981,0.025,76964952.000000
0,284.0,332.0,0.11764707,0.0375,76977312.000000
2,304.0,292.0,0.11764707,0.075,76977480.000000
2,347.0,210.0,0.11764707,0.075,76977632.000000
2,356.0,195.0,0.11764707,0.0625,76977824.000000
2,359.0,191.0,0.11764707,0.05,76977968.000000
1,360.0,189.0,0.11764707,0.05,76978128.000000
0,431.0,182.0,0.10980393,0.05,77023688.000000
2,398.0,246.0,0.10980393,0.075,77023840.000000
2,358.0,341.0,0.10980393,0.05,77024000.000000
2,339.0,395.0,0.10980393,0.05,77024160.000000
1,322.0,469.0,0.10980393,0.025,77024344.000000
0,342.0,362.0,0.098039225,0.05,77032696.000000
2,361.0,312.0,0.098039225,0.05,77032864.000000
1,407.0,221.0,0.098039225,0.025,77033032.000000
0,344.0,325.0,0.08235294,0.0375,77069152.000000
2,348.0,308.0,0.08235294,0.05,77069304.000000
2,353.0,290.0,0.08235294,0.05,77069464.000000
2,364.0,253.0,0.1254902,0.05,77069632.000000
2,374.0,214.0,0.1254902,0.05,77069784.000000
2,381.0,181.0,0.1254902,0.0625,77069944.000000
2,383.0,174.0,0.1254902,0.0625,77070112.000000
2,390.0,157.0,0.1254902,0.05,77070272.000000
2,397.0,143.0,0.1254902,0.0625,77070432.000000
2,402.0,134.0,0.1254902,0.075,77070592.000000
2,404.0,131.0,0.1254902,0.0625,77070768.000000
2,406.0,127.0,0.1254902,0.0625,77070920.000000
2,409.0,124.0,0.1254902,0.0625,77071080.000000
2,413.0,118.0,0.1254902,0.0625,77071240.000000
2,415.0,114.0,0.1254902,0.075,77071400.000000
2,417.0,111.0,0.1254902,0.075,77071560.000000
2,419.0,105.0,0.1254902,0.0625,77071720.000000
2,420.0,100.0,0.1254902,0.0625,77071880.000000
2,421.0,96.0,0.1254902,0.0625,77072048.000000
2,421.0,94.0,0.1254902,0.0625,77072208.000000
2,421.0,93.0,0.1254902,0.0625,77072368.000000
1,421.0,93.0,0.1254902,0.0625,77072536.000000
0,352.0,357.0,0.1137255,0.05,77127272.000000
2,353.0,334.0,0.1137255,0.05,77127440.000000
2,382.0,232.0,0.1137255,0.0625,77127600.000000
2,396.0,195.0,0.1137255,0.05,77127760.000000
2,400.0,183.0,0.1137255,0.0625,77127920.000000
2,403.0,176.0,0.1137255,0.075,77128080.000000
2,404.0,172.0,0.1137255,0.0625,77128248.000000
2,406.0,169.0,0.1137255,0.05,77128408.000000
2,409.0,162.0,0.1137255,0.0625,77128568.000000
2,411.0,154.0,0.1137255,0.0625,77128728.000000
2,414.0,147.0,0.1137255,0.0375,77128896.000000
1,416.0,145.0,0.058823533,0.0125,77129048.000000
0,410.0,268.0,0.10588236,0.05,77181712.000000
2,390.0,320.0,0.10588236,0.075,77181864.000000
2,384.0,370.0,0.10588236,0.0625,77182032.000000
2,374.0,406.0,0.10588236,0.0375,77182192.000000
2,367.0,427.0,0.10588236,0.05,77182352.000000
1,363.0,444.0,0.10588236,0.0375,77182568.000000
0,417.0,267.0,0.1137255,0.025,77183336.000000
2,409.0,305.0,0.1137255,0.05,77183504.000000
2,399.0,348.0,0.1137255,0.05,77183656.000000
2,387.0,390.0,0.1137255,0.05,77183824.000000
2,386.0,394.0,0.1137255,0.05,77184008.000000
2,386.0,395.0,0.1137255,0.0625,77184464.000000
2,387.0,380.0,0.1137255,0.05,77184632.000000
2,396.0,316.0,0.1137255,0.075,77184792.000000
2,403.0,277.0,0.1137255,0.05,77184952.000000
1,402.0,266.0,0.058823533,0.0125,77185112.000000
0,334.0,631.0,0.07058824,0.025,35002376.000000
2,332.0,611.0,0.07058824,0.0375,35002544.000000
2,332.0,601.0,0.07058824,0.0375,35002696.000000
2,341.0,537.0,0.07058824,0.05,35002856.000000
2,355.0,476.0,0.1137255,0.0625,35003016.000000
2,376.0,415.0,0.1137255,0.05,35003180.000000
2,387.0,383.0,0.1137255,0.075,35003340.000000
2,395.0,363.0,0.1137255,0.05,35003504.000000
2,383.0,417.0,0.1137255,0.05,35003664.000000
2,360.0,506.0,0.1137255,0.05,35003828.000000
2,348.0,550.0,0.1137255,0.05,35003984.000000
2,341.0,580.0,0.1137255,0.05,35004144.000000
2,336.0,603.0,0.1137255,0.025,35004312.000000
2,334.0,612.0,0.1137255,0.025,35004468.000000
2,331.0,620.0,0.1137255,0.0375,35004632.000000
2,330.0,626.0,0.1137255,0.0375,35004792.000000
1,329.0,628.0,0.1137255,0.0375,35004952.000000
0,442.0,252.0,0.09411766,0.05,35281736.000000
2,427.0,303.0,0.09411766,0.05,35281896.000000
1,386.0,414.0,0.09411766,0.0125,35282088.000000
0,415.0,360.0,0.07450981,0.025,35283992.000000
2,419.0,339.0,0.07450981,0.025,35284160.000000
2,435.0,272.0,0.07450981,0.0625,35284320.000000
2,445.0,232.0,0.07450981,0.05,35284480.000000
2,452.0,202.0,0.07450981,0.05,35284660.000000
2,454.0,182.0,0.07450981,0.05,35284800.000000
1,455.0,175.0,0.07450981,0.05,35284992.000000
0,419.0,351.0,0.08235294,0.025,35285616.000000
2,424.0,327.0,0.08235294,0.0375,35285772.000000
2,429.0,312.0,0.08235294,0.05,35285936.000000
2,434.0,296.0,0.08235294,0.05,35286096.000000
2,437.0,286.0,0.08235294,0.05,35286256.000000
2,440.0,272.0,0.08235294,0.05,35286424.000000
2,445.0,250.0,0.08235294,0.05,35286592.000000
2,449.0,234.0,0.08235294,0.05,35286740.000000
1,453.0,225.0,0.08235294,0.025,35286904.000000
0,318.0,300.0,0.08235294,0.0375,35385344.000000
2,324.0,284.0,0.08235294,0.025,35385512.000000
2,324.0,281.0,0.08235294,0.025,35385672.000000
2,326.0,276.0,0.08235294,0.025,35385828.000000
2,327.0,273.0,0.08235294,0.025,35385992.000000
2,328.0,271.0,0.08235294,0.025,35386152.000000
2,329.0,269.0,0.08235294,0.025,35386312.000000
2,330.0,268.0,0.08235294,0.0375,35386476.000000
2,331.0,265.0,0.08235294,0.05,35386636.000000
2,332.0,261.0,0.08235294,0.05,35386800.000000
2,333.0,257.0,0.08235294,0.05,35386964.000000
2,335.0,253.0,0.08235294,0.05,35387120.000000
2,335.0,251.0,0.08235294,0.05,35387292.000000
2,336.0,249.0,0.08235294,0.05,35387448.000000
2,336.0,247.0,0.08235294,0.05,35387608.000000
2,337.0,245.0,0.08235294,0.0625,35387776.000000
2,339.0,242.0,0.08235294,0.05,35387932.000000
2,340.0,239.0,0.08235294,0.05,35388092.000000
2,342.0,236.0,0.08235294,0.05,35388256.000000
2,344.0,233.0,0.08235294,0.05,35388416.000000
2,346.0,230.0,0.08235294,0.05,35388576.000000
2,348.0,228.0,0.08235294,0.05,35388740.000000
2,348.0,227.0,0.08235294,0.05,35388900.000000
2,350.0,225.0,0.1254902,0.05,35389060.000000
2,352.0,223.0,0.1254902,0.05,35389224.000000
2,353.0,221.0,0.1254902,0.0625,35389384.000000
2,355.0,218.0,0.1254902,0.0625,35389544.000000
2,356.0,215.0,0.1254902,0.0625,35389704.000000
2,357.0,213.0,0.1254902,0.0625,35389864.000000
2,359.0,209.0,0.1254902,0.0625,35390028.000000
2,360.0,206.0,0.1254902,0.0625,35390192.000000
2,361.0,203.0,0.1254902,0.0625,35390352.000000
2,362.0,200.0,0.1254902,0.0625,35390516.000000
2,363.0,198.0,0.1254902,0.0625,35390676.000000
2,365.0,194.0,0.1254902,0.05,35390836.000000
2,366.0,191.0,0.1254902,0.05,35390996.000000
2,367.0,190.0,0.1254902,0.05,35391160.000000
1,367.0,190.0,0.1254902,0.05,35391324.000000
0,398.0,166.0,0.10196079,0.0625,35422620.000000
2,392.0,182.0,0.10196079,0.05,35422784.000000
1,309.0,376.0,0.058823533,0.025,35422952.000000
0,310.0,331.0,0.09411766,0.05,35429080.000000
2,323.0,283.0,0.09411766,0.05,35429240.000000
1,364.0,202.0,0.09411766,0.0375,35429420.000000
0,377.0,360.0,0.11764707,0.0375,35442840.000000
2,378.0,319.0,0.11764707,0.05,35449292.000000
1,395.0,247.0,0.11764707,0.05,35449472.000000
0,385.0,416.0,0.1254902,0.05,35846340.000000
2,380.0,433.0,0.1254902,0.0625,35846508.000000
2,371.0,457.0,0.1254902,0.05,35846664.000000
2,362.0,496.0,0.1254902,0.0625,35846832.000000
2,358.0,521.0,0.1254902,0.0625,35846996.000000
2,357.0,538.0,0.1254902,0.0625,35847164.000000
2,356.0,554.0,0.1254902,0.05,35847320.000000
2,355.0,566.0,0.1254902,0.0625,35847480.000000
2,355.0,577.0,0.1254902,0.0625,35847636.000000
1,356.0,585.0,0.1254902,0.0375,35847796.000000
0,346.0,345.0,0.08627451,0.025,36011872.000000
2,351.0,325.0,0.08627451,0.0375,36012036.000000
2,376.0,235.0,0.12941177,0.05,36012196.000000
2,397.0,153.0,0.12941177,0.05,36012360.000000
1,407.0,115.0,0.06666667,0.0125,36012524.000000
0,358.0,322.0,0.08627451,0.0375,36013012.000000
2,369.0,248.0,0.08627451,0.025,36013168.000000
2,395.0,173.0,0.12941177,0.05,36013328.000000
2,404.0,154.0,0.12941177,0.05,36013492.000000
2,407.0,150.0,0.12941177,0.05,36013656.000000
2,391.0,224.0,0.12941177,0.05,36013816.000000
2,368.0,309.0,0.12941177,0.0375,36013984.000000
2,359.0,352.0,0.12941177,0.025,36014148.000000
2,351.0,383.0,0.12941177,0.05,36014316.000000
2,346.0,398.0,0.12941177,0.0375,36014468.000000
2,342.0,412.0,0.12941177,0.025,36014624.000000
1,338.0,426.0,0.08627451,0.025,36014816.000000
0,389.0,292.0,0.098039225,0.0375,36016564.000000
2,380.0,314.0,0.098039225,0.0375,36016736.000000
2,362.0,360.0,0.098039225,0.0375,36016892.000000
2,351.0,393.0,0.098039225,0.0375,36017056.000000
2,347.0,406.0,0.098039225,0.0375,36017212.000000
2,344.0,415.0,0.098039225,0.025,36017372.000000
1,342.0,424.0,0.098039225,0.025,36017536.000000
0,413.0,283.0,0.08235294,0.025,36032588.000000
2,409.0,299.0,0.08235294,0.025,36032748.000000
1,379.0,377.0,0.08235294,0.025,36032936.000000
0,425.0,254.0,0.08627451,0.025,36034520.000000
2,417.0,275.0,0.08627451,0.025,36034688.000000
2,386.0,340.0,0.08627451,0.025,36034844.000000
1,380.0,354.0,0.08627451,0.025,36035008.000000
0,414.0,237.0,0.09019608,0.025,36042944.000000
2,412.0,253.0,0.09019608,0.025,36043112.000000
2,407.0,271.0,0.09019608,0.0375,36043272.000000
2,392.0,313.0,0.09019608,0.0375,36043444.000000
2,385.0,336.0,0.09019608,0.025,36043592.000000
2,380.0,349.0,0.09019608,0.025,36043752.000000
2,379.0,356.0,0.09019608,0.025,36043916.000000
2,378.0,362.0,0.09019608,0.025,36044080.000000
2,377.0,369.0,0.09019608,0.0375,36044240.000000
2,376.0,378.0,0.09019608,0.025,36044404.000000
2,375.0,385.0,0.09019608,0.025,36044564.000000
2,375.0,392.0,0.09019608,0.025,36044728.000000
2,374.0,396.0,0.09019608,0.025,36044888.000000
2,375.0,396.0,0.09019608,0.025,36045048.000000
2,378.0,389.0,0.09019608,0.0375,36045212.000000
2,380.0,381.0,0.09019608,0.025,36045376.000000
2,381.0,376.0,0.09019608,0.025,36045536.000000
2,382.0,373.0,0.09019608,0.025,36045696.000000
1,383.0,372.0,0.09019608,0.025,36046032.000000
0,408.0,298.0,0.08627451,0.025,36062456.000000
2,402.0,314.0,0.08627451,0.025,36062616.000000
2,395.0,340.0,0.08627451,0.05,36062780.000000
2,388.0,362.0,0.08627451,0.025,36062944.000000
2,387.0,372.0,0.08627451,0.0375,36063104.000000
2,386.0,378.0,0.08627451,0.025,36063264.000000
2,386.0,382.0,0.08627451,0.025,36063424.000000
2,386.0,385.0,0.08627451,0.025,36063592.000000
2,386.0,386.0,0.08627451,0.025,36063752.000000
2,387.0,385.0,0.08627451,0.025,36063912.000000
2,390.0,379.0,0.08627451,0.025,36064080.000000
2,394.0,373.0,0.08627451,0.025,36064244.000000
1,394.0,372.0,0.08627451,0.025,36064404.000000
0,339.0,342.0,0.09019608,0.025,36075420.000000
2,345.0,314.0,0.09019608,0.05,36075588.000000
1,383.0,215.0,0.09019608,0.0375,36075764.000000
0,378.0,299.0,0.11764707,0.0375,36117136.000000
2,379.0,315.0,0.11764707,0.0375,36117780.000000
2,379.0,316.0,0.11764707,0.025,36117940.000000
2,379.0,321.0,0.11764707,0.025,36118100.000000
2,379.0,322.0,0.11764707,0.025,36118268.000000
2,380.0,318.0,0.11764707,0.0375,36118424.000000
2,386.0,305.0,0.11764707,0.0375,36118596.000000
2,393.0,288.0,0.11764707,0.05,36118748.000000
2,404.0,259.0,0.11764707,0.05,36118904.000000
1,410.0,242.0,0.058823533,0.025,36119096.000000
0,342.0,357.0,0.08235294,0.025,36130020.000000
2,353.0,326.0,0.08235294,0.0375,36130196.000000
2,405.0,180.0,0.1254902,0.05,36130340.000000
1,438.0,120.0,0.0627451,0.025,36130500.000000
0,407.0,388.0,0.09411766,0.025,36208856.000000
2,409.0,366.0,0.09411766,0.05,36209024.000000
2,412.0,298.0,0.09411766,0.025,36209188.000000
2,416.0,252.0,0.09411766,0.025,36209344.000000
2,421.0,220.0,0.09411766,0.05,36209512.000000
2,425.0,198.0,0.09411766,0.05,36209676.000000
2,428.0,182.0,0.09411766,0.05,36209828.000000
2,430.0,171.0,0.09411766,0.05,36209992.000000
2,431.0,163.0,0.09411766,0.05,36210152.000000
2,433.0,156.0,0.09411766,0.05,36210312.000000
2,434.0,149.0,0.09411766,0.05,36210476.000000
2,436.0,143.0,0.09411766,0.05,36210636.000000
2,437.0,136.0,0.09411766,0.0625,36210800.000000
2,439.0,130.0,0.09411766,0.075,36210960.000000
2,440.0,124.0,0.09411766,0.0625,36211124.000000
2,440.0,119.0,0.09411766,0.05,36211288.000000
2,440.0,114.0,0.09411766,0.05,36211448.000000
2,440.0,110.0,0.09411766,0.05,36211608.000000
2,440.0,108.0,0.09411766,0.05,36211768.000000
2,440.0,106.0,0.09411766,0.05,36211932.000000
2,440.0,105.0,0.09411766,0.05,36212096.000000
2,440.0,104.0,0.09411766,0.05,36213224.000000
2,440.0,104.0,0.13725491,0.05,36214188.000000
2,441.0,106.0,0.13725491,0.05,36214364.000000
2,441.0,108.0,0.13725491,0.0625,36214512.000000
2,438.0,110.0,0.13725491,0.0625,36214672.000000
2,433.0,128.0,0.13725491,0.05,36214836.000000
1,421.0,263.0,0.09411766,0.025,36215024.000000
0,354.0,164.0,0.12941177,0.0625,36226024.000000
2,350.0,186.0,0.12941177,0.0625,36226212.000000
2,341.0,244.0,0.12941177,0.05,36226352.000000
2,334.0,306.0,0.12941177,0.0375,36226512.000000
2,329.0,345.0,0.12941177,0.0375,36226672.000000
2,326.0,370.0,0.12941177,0.0375,36226840.000000
2,325.0,397.0,0.12941177,0.05,36227008.000000
2,326.0,411.0,0.12941177,0.0375,36227160.000000
2,326.0,418.0,0.12941177,0.0375,36227320.000000
2,327.0,423.0,0.12941177,0.0375,36227488.000000
2,327.0,425.0,0.12941177,0.0375,36227644.000000
2,328.0,425.0,0.12941177,0.0375,36227972.000000
2,329.0,423.0,0.12941177,0.0375,36228124.000000
2,330.0,421.0,0.12941177,0.05,36228288.000000
2,331.0,419.0,0.12941177,0.05,36228448.000000
2,332.0,414.0,0.12941177,0.05,36228608.000000
2,334.0,406.0,0.12941177,0.05,36228772.000000
2,335.0,393.0,0.12941177,0.05,36228928.000000
2,337.0,382.0,0.12941177,0.0625,36229096.000000
2,339.0,368.0,0.12941177,0.05,36229252.000000
1,340.0,358.0,0.12941177,0.0625,36229444.000000
0,366.0,251.0,0.09411766,0.025,36237056.000000
2,367.0,268.0,0.09411766,0.0375,36237224.000000
2,367.0,290.0,0.09411766,0.0375,36237384.000000
2,363.0,337.0,0.09411766,0.05,36237552.000000
2,360.0,354.0,0.09411766,0.05,36237704.000000
2,357.0,367.0,0.09411766,0.0625,36237864.000000
2,353.0,376.0,0.09411766,0.05,36238032.000000
2,350.0,382.0,0.09411766,0.05,36238192.000000
1,350.0,383.0,0.09411766,0.025,36238356.000000
0,402.0,294.0,0.08627451,0.025,36396812.000000
2,392.0,313.0,0.08627451,0.025,36396984.000000
1,372.0,357.0,0.08627451,0.0125,36397136.000000
0,340.0,659.0,0.07450981,0.025,25510696.000000
2,349.0,640.0,0.07450981,0.0375,25510858.000000
2,354.0,614.0,0.07450981,0.05,25511018.000000
2,358.0,585.0,0.07450981,0.05,25511180.000000
2,362.0,562.0,0.121568635,0.05,25511340.000000
2,365.0,544.0,0.121568635,0.05,25511500.000000
2,367.0,519.0,0.121568635,0.05,25511662.000000
2,373.0,494.0,0.121568635,0.0375,25511824.000000
2,380.0,473.0,0.121568635,0.0625,25511984.000000
2,384.0,462.0,0.121568635,0.0625,25512144.000000
2,387.0,449.0,0.121568635,0.05,25512308.000000
2,393.0,435.0,0.121568635,0.075,25512468.000000
2,399.0,420.0,0.121568635,0.0625,25512628.000000
2,401.0,407.0,0.121568635,0.05,25512788.000000
2,404.0,392.0,0.121568635,0.075,25512948.000000
2,403.0,374.0,0.121568635,0.0625,25513108.000000
2,403.0,361.0,0.121568635,0.05,25513268.000000
1,403.0,358.0,0.07450981,0.025,25513462.000000
0,309.0,613.0,0.07450981,0.05,25588592.000000
2,365.0,467.0,0.07450981,0.05,25588756.000000
2,423.0,319.0,0.07450981,0.0375,25588916.000000
1,452.0,254.0,0.07450981,0.025,25589100.000000
0,396.0,350.0,0.078431375,0.05,25620184.000000
2,402.0,332.0,0.078431375,0.05,25620348.000000
2,408.0,306.0,0.078431375,0.05,25620510.000000
2,416.0,275.0,0.078431375,0.025,25620672.000000
2,422.0,254.0,0.078431375,0.05,25620836.000000
2,429.0,233.0,0.078431375,0.05,25620992.000000
2,436.0,217.0,0.078431375,0.0625,25621152.000000
2,443.0,202.0,0.078431375,0.05,25621312.000000
1,445.0,199.0,0.078431375,0.0375,25621474.000000
0,374.0,320.0,0.07058824,0.025,25761292.000000
2,377.0,304.0,0.07058824,0.0375,25761452.000000
2,383.0,257.0,0.07058824,0.0375,25761614.000000
2,391.0,221.0,0.07058824,0.05,25761780.000000
2,404.0,193.0,0.07058824,0.05,25761936.000000
2,406.0,185.0,0.07058824,0.0375,25762104.000000
2,410.0,171.0,0.07058824,0.0375,25762260.000000
2,413.0,162.0,0.07058824,0.0375,25762424.000000
2,414.0,154.0,0.07058824,0.025,25762584.000000
1,414.0,150.0,0.07058824,0.025,25762770.000000
0,312.0,358.0,0.09411766,0.05,25963934.000000
2,339.0,260.0,0.09411766,0.0625,25964092.000000
2,365.0,204.0,0.09411766,0.0375,25964252.000000
2,378.0,174.0,0.09411766,0.05,25964416.000000
2,385.0,161.0,0.09411766,0.05,25964576.000000
1,389.0,154.0,0.09411766,0.05,25964736.000000
0,360.0,218.0,0.10980393,0.05,26111664.000000
2,350.0,243.0,0.10980393,0.0625,26111808.000000
2,346.0,255.0,0.10980393,0.05,26111972.000000
2,328.0,310.0,0.10980393,0.05,26112132.000000
2,324.0,329.0,0.10980393,0.05,26112290.000000
2,323.0,332.0,0.10980393,0.05,26112456.000000
2,323.0,333.0,0.10980393,0.0375,26113424.000000
2,324.0,333.0,0.10980393,0.0375,26113582.000000
2,327.0,328.0,0.10980393,0.0375,26113744.000000
2,329.0,325.0,0.10980393,0.025,26113906.000000
2,329.0,324.0,0.10980393,0.025,26114068.000000
2,330.0,322.0,0.10980393,0.0375,26114230.000000
2,332.0,320.0,0.10980393,0.0375,26114390.000000
2,332.0,319.0,0.10980393,0.0375,26114554.000000
2,334.0,316.0,0.10980393,0.05,26114730.000000
2,341.0,301.0,0.10980393,0.0625,26114880.000000
2,343.0,294.0,0.10980393,0.0625,26115040.000000
2,345.0,289.0,0.10980393,0.05,26115204.000000
2,346.0,286.0,0.10980393,0.05,26115384.000000
2,347.0,284.0,0.10980393,0.05,26115528.000000
2,348.0,282.0,0.10980393,0.05,26115692.000000
2,349.0,281.0,0.10980393,0.05,26115852.000000
2,349.0,280.0,0.10980393,0.05,26116012.000000
2,351.0,278.0,0.10980393,0.05,26116176.000000
2,352.0,276.0,0.10980393,0.05,26116340.000000
2,354.0,273.0,0.10980393,0.05,26116496.000000
2,356.0,269.0,0.10980393,0.05,26116656.000000
2,361.0,258.0,0.10980393,0.05,26116820.000000
2,363.0,252.0,0.10980393,0.05,26116982.000000
2,367.0,242.0,0.10980393,0.025,26117144.000000
2,372.0,230.0,0.10980393,0.0375,26117304.000000
2,376.0,219.0,0.10980393,0.05,26117468.000000
2,379.0,213.0,0.10980393,0.05,26117626.000000
1,380.0,211.0,0.10980393,0.05,26117786.000000
0,333.0,313.0,0.07450981,0.025,26118614.000000
2,339.0,297.0,0.07450981,0.05,26118780.000000
2,341.0,291.0,0.07450981,0.05,26118936.000000
2,348.0,279.0,0.07450981,0.05,26119100.000000
2,353.0,272.0,0.07450981,0.05,26119260.000000
2,355.0,269.0,0.07450981,0.05,26119422.000000
2,358.0,265.0,0.07450981,0.05,26119580.000000
2,360.0,260.0,0.07450981,0.05,26119740.000000
2,361.0,256.0,0.11764707,0.05,26119900.000000
2,364.0,252.0,0.11764707,0.05,26120072.000000
2,367.0,245.0,0.11764707,0.0375,26120224.000000
2,370.0,239.0,0.11764707,0.025,26120388.000000
2,372.0,236.0,0.11764707,0.025,26120548.000000
2,372.0,235.0,0.11764707,0.025,26120712.000000
2,374.0,232.0,0.11764707,0.025,26120872.000000
2,376.0,230.0,0.11764707,0.025,26121036.000000
2,377.0,229.0,0.11764707,0.05,26121360.000000
2,378.0,227.0,0.11764707,0.05,26121516.000000
2,379.0,226.0,0.11764707,0.05,26121680.000000
2,380.0,225.0,0.11764707,0.05,26121840.000000
2,381.0,224.0,0.11764707,0.0625,26122002.000000
1,382.0,222.0,0.11764707,0.0625,26122164.000000
0,286.0,361.0,0.0627451,0.025,26171602.000000
2,292.0,342.0,0.0627451,0.05,26171774.000000
2,295.0,332.0,0.0627451,0.05,26171924.000000
2,305.0,312.0,0.0627451,0.0375,26172088.000000
2,321.0,287.0,0.10588236,0.025,26172248.000000
2,328.0,275.0,0.10588236,0.025,26172408.000000
2,332.0,271.0,0.10588236,0.05,26172568.000000
2,335.0,268.0,0.10588236,0.05,26172728.000000
2,337.0,266.0,0.10588236,0.05,26172892.000000
2,338.0,264.0,0.10588236,0.0625,26173052.000000
2,341.0,261.0,0.10588236,0.0625,26173216.000000
2,346.0,256.0,0.10588236,0.075,26173376.000000
2,348.0,254.0,0.10588236,0.075,26173540.000000
2,351.0,251.0,0.10588236,0.0625,26173700.000000
2,353.0,248.0,0.10588236,0.0625,26173862.000000
2,358.0,244.0,0.10588236,0.0625,26174020.000000
2,360.0,242.0,0.10588236,0.0625,26174180.000000
2,362.0,240.0,0.10588236,0.0625,26174340.000000
2,363.0,239.0,0.10588236,0.05,26174504.000000
2,364.0,237.0,0.10588236,0.05,26174668.000000
2,367.0,234.0,0.10588236,0.0375,26174840.000000
2,368.0,233.0,0.10588236,0.05,26174992.000000
2,370.0,231.0,0.10588236,0.025,26175316.000000
2,370.0,230.0,0.10588236,0.025,26175476.000000
2,371.0,228.0,0.10588236,0.0375,26175642.000000
2,372.0,225.0,0.10588236,0.0375,26175800.000000
2,373.0,224.0,0.10588236,0.0375,26175960.000000
2,373.0,222.0,0.10588236,0.0375,26176120.000000
1,373.0,222.0,0.10588236,0.0375,26176444.000000
0,324.0,362.0,0.07450981,0.025,26191788.000000
2,331.0,320.0,0.07450981,0.025,26191940.000000
2,347.0,273.0,0.07450981,0.05,26192100.000000
2,365.0,234.0,0.11764707,0.0375,26192260.000000
2,370.0,221.0,0.11764707,0.05,26192424.000000
2,372.0,215.0,0.11764707,0.0375,26192584.000000
1,373.0,214.0,0.0627451,0.0125,26192752.000000
0,371.0,350.0,0.10196079,0.025,26309090.000000
2,370.0,333.0,0.10196079,0.025,26309252.000000
2,378.0,267.0,0.10196079,0.05,26309412.000000
2,390.0,229.0,0.10196079,0.05,26309580.000000
2,395.0,215.0,0.10196079,0.0625,26309736.000000
2,402.0,197.0,0.10196079,0.05,26309896.000000
2,406.0,187.0,0.10196079,0.0625,26310058.000000
1,409.0,183.0,0.04705883,0.0125,26310224.000000
0,365.0,348.0,0.098039225,0.0375,27291590.000000
2,363.0,300.0,0.098039225,0.05,27291752.000000
1,405.0,189.0,0.098039225,0.025,27291934.000000
0,400.0,342.0,0.06666667,0.025,27334176.000000
2,403.0,306.0,0.06666667,0.0375,27334334.000000
2,409.0,278.0,0.06666667,0.025,27334496.000000
2,413.0,266.0,0.06666667,0.0375,27334656.000000
2,417.0,251.0,0.06666667,0.0375,27334816.000000
2,417.0,237.0,0.06666667,0.025,27334978.000000
2,416.0,229.0,0.06666667,0.025,27335140.000000
2,416.0,214.0,0.06666667,0.0375,27335302.000000
1,416.0,189.0,0.06666667,0.025,27335468.000000
0,373.0,236.0,0.10980393,0.0375,27341680.000000
2,365.0,277.0,0.10980393,0.05,27341812.000000
2,359.0,316.0,0.10980393,0.05,27341976.000000
1,344.0,406.0,0.06666667,0.025,27342148.000000
0,331.0,321.0,0.10196079,0.0375,27395428.000000
2,315.0,363.0,0.10196079,0.05,27395576.000000
2,306.0,398.0,0.10196079,0.05,27395736.000000
2,303.0,406.0,0.10196079,0.0625,27395896.000000
2,302.0,409.0,0.10196079,0.05,27396058.000000
2,301.0,410.0,0.10196079,0.05,27396380.000000
2,301.0,411.0,0.10196079,0.0375,27396540.000000
2,301.0,411.0,0.10196079,0.0625,27397832.000000
2,300.0,412.0,0.10196079,0.05,27398156.000000
2,300.0,411.0,0.10196079,0.05,27401696.000000
2,300.0,410.0,0.10196079,0.05,27402502.000000
2,300.0,409.0,0.10196079,0.05,27402662.000000
2,301.0,408.0,0.10196079,0.05,27402824.000000
2,301.0,407.0,0.10196079,0.05,27402986.000000
2,303.0,404.0,0.10196079,0.05,27403144.000000
2,313.0,380.0,0.10196079,0.0625,27403304.000000
2,316.0,367.0,0.10196079,0.05,27403466.000000
1,316.0,364.0,0.10196079,0.05,27403632.000000
0,383.0,312.0,0.078431375,0.025,27419760.000000
2,378.0,292.0,0.078431375,0.025,27419928.000000
2,379.0,236.0,0.078431375,0.0375,27420100.000000
2,378.0,212.0,0.078431375,0.0375,27420246.000000
1,378.0,210.0,0.078431375,0.0375,27420600.000000
0,415.0,221.0,0.078431375,0.025,27457572.000000
2,412.0,239.0,0.078431375,0.025,27457736.000000
1,395.0,350.0,0.078431375,0.0375,27457928.000000
0,379.0,260.0,0.09411766,0.025,27458556.000000
2,361.0,328.0,0.09411766,0.05,27458712.000000
1,345.0,401.0,0.050980397,0.0125,27458896.000000
0,412.0,328.0,0.06666667,0.025,27466016.000000
2,415.0,309.0,0.06666667,0.0375,27466178.000000
2,417.0,286.0,0.06666667,0.025,27466336.000000
2,416.0,247.0,0.06666667,0.025,27466500.000000
2,422.0,216.0,0.06666667,0.05,27466666.000000
1,422.0,214.0,0.06666667,0.0125,27466820.000000
0,338.0,348.0,0.078431375,0.025,27542280.000000
2,349.0,321.0,0.078431375,0.05,27542444.000000
2,356.0,305.0,0.078431375,0.05,27542600.000000
2,365.0,267.0,0.078431375,0.0375,27542760.000000
2,371.0,236.0,0.078431375,0.025,27542920.000000
2,376.0,215.0,0.1254902,0.05,27543088.000000
2,381.0,195.0,0.1254902,0.05,27543244.000000
2,383.0,181.0,0.1254902,0.0625,27543408.000000
2,386.0,167.0,0.1254902,0.0625,27543568.000000
2,388.0,159.0,0.1254902,0.05,27543730.000000
1,389.0,156.0,0.0627451,0.025,27543890.000000
0,320.0,344.0,0.09411766,0.05,27607980.000000
2,320.0,318.0,0.09411766,0.05,27608132.000000
1,345.0,216.0,0.09411766,0.0625,27608300.000000
0,304.0,335.0,0.08627451,0.0375,27608600.000000
2,301.0,304.0,0.08627451,0.05,27608764.000000
2,299.0,289.0,0.08627451,0.0625,27608932.000000
2,297.0,318.0,0.08627451,0.05,27609108.000000
2,292.0,391.0,0.08627451,0.025,27609248.000000
1,291.0,413.0,0.08627451,0.0125,27609440.000000
0,346.0,310.0,0.098039225,0.05,27720572.000000
2,343.0,335.0,0.098039225,0.05,27720734.000000
2,337.0,369.0,0.098039225,0.05,27720896.000000
2,335.0,405.0,0.098039225,0.05,27721054.000000
2,335.0,409.0,0.098039225,0.05,27721216.000000
2,335.0,411.0,0.098039225,0.05,27721536.000000
2,334.0,412.0,0.098039225,0.0375,27722020.000000
2,334.0,411.0,0.098039225,0.0375,27722184.000000
2,335.0,406.0,0.098039225,0.0375,27722342.000000
2,336.0,389.0,0.098039225,0.05,27722504.000000
2,338.0,364.0,0.098039225,0.05,27722666.000000
2,340.0,339.0,0.098039225,0.0625,27722828.000000
2,342.0,324.0,0.098039225,0.05,27722988.000000
2,344.0,317.0,0.098039225,0.05,27723152.000000
2,344.0,312.0,0.098039225,0.0625,27723310.000000
2,345.0,309.0,0.098039225,0.0625,27723472.000000
1,345.0,309.0,0.098039225,0.0625,27723632.000000
0,293.0,697.0,0.07450981,0.025,85515888.000000
2,299.0,677.0,0.07450981,0.05,85516064.000000
2,303.0,664.0,0.07450981,0.05,85516224.000000
2,314.0,635.0,0.07450981,0.0375,85516384.000000
2,318.0,616.0,0.07450981,0.0375,85516544.000000
2,321.0,607.0,0.07450981,0.05,85516712.000000
2,324.0,593.0,0.07450981,0.05,85516864.000000
2,324.0,581.0,0.07450981,0.025,85517032.000000
2,326.0,567.0,0.07450981,0.0375,85517192.000000
2,332.0,548.0,0.07450981,0.05,85517352.000000
2,337.0,534.0,0.07450981,0.05,85517512.000000
2,341.0,524.0,0.07450981,0.0625,85517672.000000
2,346.0,512.0,0.11764707,0.075,85517840.000000
2,350.0,504.0,0.11764707,0.0625,85518000.000000
2,352.0,499.0,0.11764707,0.05,85518160.000000
2,353.0,496.0,0.11764707,0.05,85518328.000000
2,354.0,493.0,0.11764707,0.05,85518480.000000
2,354.0,491.0,0.11764707,0.05,85518640.000000
2,355.0,489.0,0.11764707,0.05,85518800.000000
2,355.0,488.0,0.11764707,0.05,85518968.000000
1,355.0,487.0,0.11764707,0.05,85519288.000000
0,363.0,280.0,0.09411766,0.0375,85626080.000000
2,357.0,299.0,0.09411766,0.05,85626232.000000
2,351.0,340.0,0.09411766,0.05,85626400.000000
2,348.0,392.0,0.09411766,0.05,85626552.000000
2,348.0,398.0,0.09411766,0.05,85626712.000000
2,348.0,400.0,0.09411766,0.05,85626872.000000
1,348.0,400.0,0.09411766,0.05,85627232.000000
0,368.0,313.0,0.08627451,0.025,85628192.000000
2,365.0,332.0,0.08627451,0.0375,85628368.000000
2,352.0,382.0,0.08627451,0.05,85628512.000000
2,347.0,395.0,0.08627451,0.05,85628680.000000
2,346.0,398.0,0.08627451,0.05,85628840.000000
1,346.0,399.0,0.08627451,0.05,85629000.000000
0,346.0,376.0,0.078431375,0.025,85970272.000000
2,341.0,393.0,0.078431375,0.0375,85970432.000000
2,339.0,399.0,0.078431375,0.025,85970600.000000
2,337.0,403.0,0.078431375,0.025,85970760.000000
1,337.0,405.0,0.078431375,0.025,85970920.000000
0,419.0,249.0,0.08627451,0.0375,86120000.000000
2,411.0,268.0,0.08627451,0.0375,86120160.000000
1,380.0,348.0,0.08627451,0.025,86120320.000000
0,412.0,229.0,0.09019608,0.025,86120976.000000
2,392.0,268.0,0.09019608,0.05,86121136.000000
1,367.0,354.0,0.09019608,0.025,86121320.000000
0,347.0,379.0,0.078431375,0.0375,86129640.000000
2,346.0,360.0,0.078431375,0.0375,86129800.000000
1,377.0,242.0,0.078431375,0.025,86129976.000000
0,332.0,377.0,0.08627451,0.0375,86216488.000000
2,340.0,333.0,0.08627451,0.05,86216640.000000
2,367.0,250.0,0.08627451,0.0375,86216808.000000
2,381.0,209.0,0.08627451,0.0625,86216968.000000
2,391.0,185.0,0.08627451,0.0625,86217128.000000
2,398.0,158.0,0.08627451,0.05,86217288.000000
1,400.0,148.0,0.08627451,0.0375,86217448.000000
0,364.0,361.0,0.09019608,0.0375,86222000.000000
2,358.0,328.0,0.09019608,0.05,86222152.000000
2,357.0,315.0,0.09019608,0.05,86222320.000000
2,359.0,308.0,0.09019608,0.05,86222480.000000
2,371.0,263.0,0.09019608,0.0375,86222640.000000
2,381.0,235.0,0.09019608,0.05,86222800.000000
2,383.0,229.0,0.09019608,0.05,86222960.000000
1,383.0,229.0,0.09019608,0.05,86223160.000000
0,327.0,226.0,0.09019608,0.025,86227328.000000
2,321.0,244.0,0.09019608,0.0375,86227488.000000
2,277.0,365.0,0.09019608,0.05,86227648.000000
1,249.0,435.0,0.09019608,0.025,86227824.000000
0,387.0,287.0,0.09019608,0.05,86333296.000000
2,378.0,320.0,0.09019608,0.0375,86333456.000000
2,362.0,372.0,0.09019608,0.0375,86333616.000000
2,353.0,395.0,0.09019608,0.05,86333776.000000
2,351.0,402.0,0.09019608,0.05,86333936.000000
2,351.0,404.0,0.09019608,0.05,86334096.000000
2,352.0,405.0,0.09019608,0.05,86334416.000000
2,354.0,404.0,0.09019608,0.05,86334576.000000
2,355.0,403.0,0.09019608,0.05,86334744.000000
2,356.0,402.0,0.09019608,0.05,86335072.000000
2,358.0,401.0,0.09019608,0.0375,86335232.000000
2,360.0,397.0,0.09019608,0.0375,86335392.000000
2,364.0,389.0,0.09019608,0.0375,86335544.000000
2,366.0,383.0,0.09019608,0.0375,86335712.000000
2,368.0,379.0,0.09019608,0.0375,86335872.000000
2,368.0,376.0,0.09019608,0.0375,86336192.000000
2,369.0,375.0,0.09019608,0.0375,86336352.000000
2,369.0,374.0,0.09019608,0.0375,86336512.000000
2,369.0,373.0,0.09019608,0.0375,86336680.000000
2,370.0,372.0,0.09019608,0.0375,86336840.000000
2,370.0,371.0,0.09019608,0.025,86337000.000000
2,371.0,369.0,0.09019608,0.025,86337160.000000
2,372.0,367.0,0.09019608,0.025,86337320.000000
2,373.0,365.0,0.09019608,0.025,86337488.000000
2,374.0,363.0,0.09019608,0.025,86337648.000000
2,377.0,359.0,0.09019608,0.025,86337808.000000
2,377.0,358.0,0.09019608,0.025,86337968.000000
2,379.0,356.0,0.09019608,0.0375,86338128.000000
2,381.0,353.0,0.09019608,0.0375,86338456.000000
2,381.0,352.0,0.09019608,0.0375,86338616.000000
2,383.0,350.0,0.09019608,0.0375,86338944.000000
2,383.0,349.0,0.09019608,0.0375,86339104.000000
2,386.0,344.0,0.09019608,0.05,86339264.000000
2,387.0,341.0,0.09019608,0.05,86339424.000000
2,389.0,337.0,0.09019608,0.0375,86339584.000000
2,390.0,335.0,0.09019608,0.0375,86339752.000000
2,390.0,334.0,0.09019608,0.0375,86339904.000000
2,391.0,332.0,0.09019608,0.05,86340072.000000
2,392.0,331.0,0.09019608,0.05,86340232.000000
2,393.0,329.0,0.09019608,0.05,86341512.000000
2,393.0,329.0,0.09019608,0.025,86342480.000000
2,393.0,330.0,0.09019608,0.0375,86342640.000000
2,392.0,333.0,0.09019608,0.05,86342800.000000
2,391.0,336.0,0.09019608,0.05,86342960.000000
2,390.0,339.0,0.09019608,0.05,86343120.000000
2,390.0,341.0,0.09019608,0.05,86343280.000000
1,389.0,343.0,0.09019608,0.05,86343448.000000
0,422.0,261.0,0.08627451,0.025,86343928.000000
2,417.0,277.0,0.08627451,0.0375,86344104.000000
1,369.0,383.0,0.08627451,0.0125,86344272.000000
0,429.0,266.0,0.07450981,0.025,86346512.000000
2,417.0,295.0,0.07450981,0.0375,86346672.000000
1,371.0,361.0,0.07450981,0.025,86346840.000000
0,421.0,246.0,0.08235294,0.0375,86347496.000000
2,404.0,280.0,0.08235294,0.05,86347664.000000
2,376.0,329.0,0.08235294,0.025,86347816.000000
2,372.0,344.0,0.08235294,0.025,86347976.000000
2,372.0,349.0,0.08235294,0.025,86348136.000000
2,372.0,352.0,0.08235294,0.025,86348296.000000
1,360.0,422.0,0.08235294,0.0125,86348480.000000
0,424.0,275.0,0.08235294,0.025,86349104.000000
2,408.0,313.0,0.08235294,0.0375,86349264.000000
1,362.0,426.0,0.08235294,0.0125,86349456.000000
0,365.0,383.0,0.07450981,0.025,86354272.000000
2,368.0,351.0,0.07450981,0.0375,86354432.000000
1,388.0,267.0,0.07450981,0.025,86354616.000000
0,429.0,221.0,0.07450981,0.025,52707.000000
2,422.0,241.0,0.07450981,0.0375,52868.000000
1,368.0,328.0,0.07450981,0.025,53046.000000
0,376.0,420.0,0.15686275,0.0625,36536052.000000
2,344.0,533.0,0.15686275,0.0625,36536228.000000
2,328.0,590.0,0.15686275,0.075,36536364.000000
2,326.0,593.0,0.15686275,0.1,36536524.000000
2,352.0,389.0,0.15686275,0.075,36536688.000000
2,365.0,372.0,0.15686275,0.075,36536848.000000
2,336.0,493.0,0.15686275,0.075,36537012.000000
1,324.0,594.0,0.08235294,0.025,36537188.000000
0,367.0,513.0,0.07058824,0.025,43711852.000000
2,368.0,490.0,0.07058824,0.025,43712016.000000
2,370.0,449.0,0.07058824,0.025,43712176.000000
2,375.0,404.0,0.07058824,0.025,43712340.000000
2,379.0,369.0,0.07058824,0.025,43712504.000000
2,386.0,333.0,0.07058824,0.0375,43712660.000000
2,390.0,314.0,0.07058824,0.0375,43712820.000000
2,398.0,283.0,0.07058824,0.05,43712984.000000
2,402.0,257.0,0.07058824,0.0375,43713144.000000
2,404.0,233.0,0.07058824,0.0375,43713304.000000
2,409.0,199.0,0.07058824,0.025,43713464.000000
2,413.0,175.0,0.07058824,0.0375,43713628.000000
2,414.0,159.0,0.07058824,0.025,43713788.000000
1,414.0,154.0,0.07058824,0.025,43713980.000000
0,305.0,611.0,0.07058824,0.05,43744396.000000
2,307.0,589.0,0.07058824,0.05,43744556.000000
2,309.0,565.0,0.07058824,0.025,43744720.000000
2,311.0,540.0,0.07058824,0.05,43744880.000000
2,312.0,527.0,0.07058824,0.0375,43745040.000000
2,314.0,516.0,0.07058824,0.0375,43745200.000000
2,315.0,510.0,0.07058824,0.05,43745364.000000
2,316.0,505.0,0.07058824,0.0375,43745520.000000
2,316.0,503.0,0.07058824,0.0375,43745684.000000
2,316.0,502.0,0.07058824,0.0375,43745844.000000
2,316.0,500.0,0.07058824,0.0375,43746004.000000
2,316.0,497.0,0.07058824,0.05,43746164.000000
2,316.0,495.0,0.07058824,0.0375,43746324.000000
2,316.0,494.0,0.07058824,0.0375,43746808.000000
2,311.0,529.0,0.07058824,0.025,43746968.000000
2,306.0,564.0,0.07058824,0.05,43747128.000000
2,303.0,582.0,0.07058824,0.025,43747288.000000
2,299.0,599.0,0.07058824,0.0375,43747452.000000
2,297.0,605.0,0.07058824,0.025,43747612.000000
2,297.0,606.0,0.07058824,0.025,43747772.000000
2,297.0,607.0,0.07058824,0.025,43748096.000000
1,297.0,607.0,0.07058824,0.025,43748256.000000
0,317.0,633.0,0.06666667,0.0125,43779632.000000
2,318.0,616.0,0.06666667,0.025,43779792.000000
2,319.0,610.0,0.06666667,0.025,43779952.000000
2,323.0,578.0,0.06666667,0.025,43780112.000000
2,326.0,563.0,0.06666667,0.0375,43780272.000000
2,328.0,551.0,0.06666667,0.025,43780436.000000
2,332.0,539.0,0.06666667,0.025,43780596.000000
2,335.0,531.0,0.06666667,0.025,43780756.000000
2,336.0,527.0,0.06666667,0.025,43780916.000000
2,337.0,523.0,0.06666667,0.025,43781080.000000
2,339.0,510.0,0.06666667,0.0375,43781244.000000
2,343.0,494.0,0.06666667,0.05,43781404.000000
2,345.0,485.0,0.06666667,0.05,43781568.000000
2,350.0,473.0,0.06666667,0.025,43781728.000000
2,354.0,464.0,0.06666667,0.0375,43781888.000000
2,355.0,458.0,0.06666667,0.05,43782048.000000
1,355.0,457.0,0.06666667,0.0375,43782208.000000
0,331.0,613.0,0.054901965,0.025,43788804.000000
2,334.0,597.0,0.054901965,0.025,43789128.000000
2,337.0,572.0,0.054901965,0.025,43789288.000000
2,340.0,550.0,0.054901965,0.0375,43789448.000000
2,345.0,526.0,0.054901965,0.025,43789608.000000
2,351.0,506.0,0.054901965,0.025,43789772.000000
2,354.0,497.0,0.054901965,0.05,43789932.000000
2,358.0,488.0,0.054901965,0.0375,43790092.000000
2,362.0,478.0,0.054901965,0.0375,43790256.000000
2,366.0,465.0,0.054901965,0.025,43790416.000000
2,368.0,455.0,0.054901965,0.025,43790576.000000
2,370.0,451.0,0.054901965,0.025,43790736.000000
2,371.0,448.0,0.054901965,0.025,43790896.000000
1,372.0,446.0,0.054901965,0.025,43791056.000000
0,365.0,625.0,0.06666667,0.025,43836432.000000
2,366.0,607.0,0.06666667,0.025,43836752.000000
2,367.0,592.0,0.06666667,0.025,43836912.000000
2,369.0,577.0,0.06666667,0.025,43837072.000000
2,370.0,565.0,0.06666667,0.0375,43837236.000000
2,374.0,547.0,0.06666667,0.025,43837396.000000
2,378.0,533.0,0.06666667,0.025,43837556.000000
2,380.0,526.0,0.06666667,0.025,43837720.000000
2,381.0,522.0,0.06666667,0.025,43837880.000000
2,381.0,519.0,0.06666667,0.025,43838040.000000
2,382.0,514.0,0.06666667,0.05,43838200.000000
1,383.0,511.0,0.06666667,0.0375,43838360.000000
0,401.0,511.0,0.0627451,0.025,43847368.000000
2,404.0,495.0,0.0627451,0.025,43847532.000000
2,405.0,492.0,0.0627451,0.025,43847688.000000
2,405.0,488.0,0.0627451,0.0375,43847848.000000
2,405.0,481.0,0.0627451,0.0375,43848012.000000
2,405.0,475.0,0.0627451,0.0375,43848176.000000
2,404.0,469.0,0.0627451,0.025,43848336.000000
2,404.0,464.0,0.0627451,0.0375,43848496.000000
2,404.0,460.0,0.0627451,0.0375,43848656.000000
2,404.0,457.0,0.0627451,0.05,43848816.000000
2,404.0,454.0,0.0627451,0.05,43848980.000000
2,404.0,449.0,0.0627451,0.05,43849136.000000
2,404.0,448.0,0.0627451,0.05,43849300.000000
2,405.0,446.0,0.0627451,0.05,43849460.000000
2,405.0,444.0,0.0627451,0.0375,43849620.000000
2,405.0,442.0,0.0627451,0.0375,43849780.000000
2,405.0,439.0,0.0627451,0.0375,43849944.000000
2,406.0,435.0,0.0627451,0.0375,43850104.000000
2,405.0,419.0,0.0627451,0.0375,43850264.000000
2,406.0,411.0,0.0627451,0.0375,43850424.000000
2,407.0,408.0,0.0627451,0.025,43850584.000000
2,408.0,404.0,0.0627451,0.0375,43850744.000000
2,408.0,401.0,0.0627451,0.025,43850908.000000
2,408.0,399.0,0.0627451,0.025,43851068.000000
2,408.0,397.0,0.0627451,0.0375,43851228.000000
2,408.0,392.0,0.0627451,0.05,43851392.000000
2,408.0,387.0,0.0627451,0.05,43851552.000000
2,408.0,382.0,0.0627451,0.05,43851712.000000
2,408.0,380.0,0.0627451,0.05,43851872.000000
2,408.0,376.0,0.0627451,0.0375,43852032.000000
2,408.0,372.0,0.0627451,0.0375,43852200.000000
2,407.0,369.0,0.0627451,0.0375,43852356.000000
2,407.0,366.0,0.0627451,0.05,43852520.000000
2,407.0,363.0,0.0627451,0.05,43852680.000000
2,407.0,361.0,0.0627451,0.05,43852836.000000
2,407.0,359.0,0.0627451,0.05,43853000.000000
2,407.0,357.0,0.0627451,0.0375,43853160.000000
2,407.0,355.0,0.0627451,0.0375,43853320.000000
2,408.0,350.0,0.0627451,0.05,43853480.000000
2,408.0,346.0,0.0627451,0.05,43853640.000000
2,408.0,344.0,0.0627451,0.0375,43853804.000000
2,409.0,343.0,0.0627451,0.05,43853964.000000
2,409.0,342.0,0.0627451,0.05,43854124.000000
2,409.0,341.0,0.0627451,0.05,43854284.000000
2,410.0,340.0,0.10588236,0.05,43854448.000000
2,409.0,339.0,0.10588236,0.05,43854608.000000
2,409.0,337.0,0.10588236,0.05,43854768.000000
2,409.0,335.0,0.10588236,0.05,43855256.000000
2,409.0,333.0,0.10588236,0.05,43855412.000000
2,408.0,332.0,0.10588236,0.0625,43855572.000000
2,408.0,331.0,0.10588236,0.0625,43855732.000000
2,408.0,329.0,0.10588236,0.05,43855896.000000
1,408.0,328.0,0.058823533,0.025,43856056.000000
0,420.0,350.0,0.06666667,0.025,44171852.000000
2,442.0,256.0,0.06666667,0.0375,44172012.000000
2,458.0,217.0,0.06666667,0.0375,44172172.000000
2,463.0,205.0,0.06666667,0.025,44172336.000000
2,460.0,195.0,0.06666667,0.05,44172500.000000
2,452.0,178.0,0.06666667,0.0375,44172656.000000
2,450.0,163.0,0.06666667,0.05,44172820.000000
2,446.0,149.0,0.06666667,0.05,44172980.000000
1,445.0,145.0,0.06666667,0.0375,44173148.000000
0,413.0,333.0,0.06666667,0.025,44173808.000000
2,417.0,317.0,0.06666667,0.025,44173976.000000
2,422.0,288.0,0.06666667,0.025,44174128.000000
2,425.0,266.0,0.06666667,0.05,44174292.000000
2,427.0,241.0,0.06666667,0.0375,44174448.000000
2,428.0,234.0,0.06666667,0.05,44174612.000000
2,428.0,231.0,0.06666667,0.05,44174780.000000
2,428.0,221.0,0.06666667,0.05,44174940.000000
1,428.0,218.0,0.06666667,0.05,44175108.000000
0,400.0,335.0,0.06666667,0.025,44181024.000000
2,404.0,318.0,0.06666667,0.0375,44181192.000000
2,406.0,308.0,0.06666667,0.0375,44181348.000000
2,408.0,293.0,0.06666667,0.025,44181508.000000
2,410.0,285.0,0.06666667,0.025,44181668.000000
2,411.0,280.0,0.06666667,0.025,44181832.000000
2,412.0,273.0,0.06666667,0.025,44181992.000000
2,417.0,258.0,0.06666667,0.0375,44182152.000000
1,421.0,250.0,0.06666667,0.025,44182312.000000
0,387.0,346.0,0.058823533,0.0125,44216120.000000
2,395.0,311.0,0.058823533,0.0375,44216280.000000
2,405.0,278.0,0.058823533,0.025,44216440.000000
2,414.0,244.0,0.058823533,0.025,44216604.000000
2,422.0,219.0,0.058823533,0.05,44216760.000000
2,430.0,199.0,0.058823533,0.05,44216924.000000
1,437.0,186.0,0.058823533,0.0375,44217088.000000
0,380.0,337.0,0.0627451,0.0125,44218908.000000
2,384.0,314.0,0.0627451,0.0375,44219080.000000
2,391.0,286.0,0.0627451,0.05,44219232.000000
2,405.0,252.0,0.0627451,0.025,44219396.000000
2,415.0,224.0,0.0627451,0.0375,44219552.000000
2,426.0,201.0,0.0627451,0.05,44219716.000000
2,434.0,188.0,0.0627451,0.05,44219884.000000
2,446.0,172.0,0.0627451,0.05,44220052.000000
1,455.0,163.0,0.0627451,0.025,44220208.000000
0,335.0,394.0,0.09019608,0.025,44355824.000000
2,345.0,310.0,0.09019608,0.05,44355976.000000
2,374.0,209.0,0.09019608,0.05,44356140.000000
2,400.0,158.0,0.09019608,0.0625,44356296.000000
1,402.0,155.0,0.09019608,0.0625,44356464.000000
0,366.0,256.0,0.10196079,0.05,44449504.000000
2,360.0,278.0,0.10196079,0.075,44449636.000000
2,341.0,323.0,0.10196079,0.05,44449796.000000
2,326.0,384.0,0.10196079,0.025,44449956.000000
2,322.0,403.0,0.10196079,0.0375,44450120.000000
2,321.0,406.0,0.10196079,0.0375,44450280.000000
2,321.0,407.0,0.10196079,0.0375,44450588.000000
2,320.0,408.0,0.10196079,0.0375,44451396.000000
2,320.0,407.0,0.10196079,0.05,44451880.000000
2,320.0,406.0,0.10196079,0.05,44452204.000000
2,320.0,405.0,0.10196079,0.05,44452368.000000
2,320.0,403.0,0.10196079,0.0375,44452528.000000
2,320.0,401.0,0.10196079,0.0375,44452688.000000
2,320.0,400.0,0.10196079,0.0375,44452852.000000
2,320.0,398.0,0.10196079,0.0375,44453016.000000
2,321.0,395.0,0.10196079,0.05,44453176.000000
2,322.0,391.0,0.10196079,0.05,44453336.000000
2,322.0,387.0,0.10196079,0.0375,44453496.000000
2,323.0,385.0,0.10196079,0.05,44453656.000000
2,323.0,383.0,0.10196079,0.05,44453816.000000
2,323.0,382.0,0.10196079,0.0375,44453980.000000
2,324.0,380.0,0.10196079,0.0375,44454140.000000
2,324.0,377.0,0.10196079,0.0375,44454308.000000
2,325.0,375.0,0.10196079,0.0375,44454472.000000
2,328.0,368.0,0.10196079,0.025,44454632.000000
2,331.0,361.0,0.10196079,0.0375,44454792.000000
2,333.0,357.0,0.10196079,0.05,44454952.000000
2,334.0,354.0,0.10196079,0.0375,44455112.000000
2,336.0,347.0,0.10196079,0.05,44455272.000000
2,341.0,333.0,0.10196079,0.05,44455432.000000
2,347.0,320.0,0.10196079,0.05,44455592.000000
2,348.0,316.0,0.10196079,0.05,44455756.000000
2,349.0,314.0,0.10196079,0.05,44455916.000000
1,349.0,313.0,0.10196079,0.05,44456092.000000
0,402.0,247.0,0.09019608,0.05,44528108.000000
2,369.0,318.0,0.09019608,0.05,44528256.000000
2,355.0,377.0,0.09019608,0.05,44528420.000000
2,345.0,407.0,0.09019608,0.05,44528576.000000
2,338.0,429.0,0.09019608,0.025,44528740.000000
2,337.0,433.0,0.09019608,0.025,44528904.000000
1,337.0,434.0,0.09019608,0.025,44529064.000000
0,414.0,134.0,0.09019608,0.025,44548948.000000
2,412.0,151.0,0.09019608,0.05,44549112.000000
2,391.0,246.0,0.09019608,0.05,44549276.000000
2,383.0,336.0,0.09019608,0.0375,44549432.000000
1,375.0,395.0,0.09019608,0.025,44549620.000000
0,408.0,283.0,0.09411766,0.05,44583112.000000
2,384.0,323.0,0.09411766,0.05,44583264.000000
2,373.0,346.0,0.09411766,0.025,44583428.000000
2,368.0,358.0,0.09411766,0.05,44583588.000000
2,366.0,370.0,0.09411766,0.05,44583748.000000
2,365.0,383.0,0.09411766,0.0375,44583920.000000
2,363.0,389.0,0.09411766,0.05,44584072.000000
2,363.0,390.0,0.09411766,0.05,44584236.000000
2,362.0,392.0,0.09411766,0.05,44584392.000000
1,362.0,392.0,0.09411766,0.05,44585352.000000
0,416.0,362.0,0.078431375,0.025,44593088.000000
2,427.0,292.0,0.078431375,0.0375,44593244.000000
2,441.0,218.0,0.078431375,0.0625,44593408.000000
2,458.0,159.0,0.078431375,0.025,44593568.000000
1,460.0,154.0,0.078431375,0.025,44593744.000000
0,370.0,220.0,0.09411766,0.025,44627608.000000
2,369.0,237.0,0.09411766,0.05,44627776.000000
2,356.0,297.0,0.09411766,0.05,44627932.000000
2,346.0,347.0,0.09411766,0.05,44628096.000000
1,345.0,354.0,0.09411766,0.05,44628352.000000
0,414.0,326.0,0.06666667,0.025,44629396.000000
2,409.0,348.0,0.06666667,0.025,44629556.000000
2,402.0,387.0,0.06666667,0.05,44629716.000000
2,399.0,395.0,0.06666667,0.05,44629880.000000
1,399.0,395.0,0.06666667,0.05,44630044.000000
0,381.0,365.0,0.09019608,0.025,44708248.000000
2,387.0,326.0,0.09019608,0.05,44708408.000000
2,396.0,261.0,0.09019608,0.0625,44708568.000000
2,400.0,232.0,0.09019608,0.05,44708728.000000
1,402.0,216.0,0.09019608,0.0125,44708888.000000
0,299.0,730.0,0.1254902,0.0625,35125560.000000
2,306.0,681.0,0.1254902,0.075,35125712.000000
2,333.0,592.0,0.1254902,0.0625,35125868.000000
2,350.0,531.0,0.1254902,0.075,35126032.000000
2,373.0,461.0,0.16862746,0.0875,35126192.000000
2,391.0,423.0,0.16862746,0.075,35126352.000000
2,417.0,372.0,0.16862746,0.1,35126516.000000
2,434.0,328.0,0.16862746,0.0625,35126676.000000
1,440.0,318.0,0.1254902,0.05,35126840.000000
0,333.0,651.0,0.10980393,0.0375,35133076.000000
2,341.0,616.0,0.10980393,0.0625,35133236.000000
2,372.0,525.0,0.15294118,0.0875,35133396.000000
2,393.0,459.0,0.15294118,0.0625,35133560.000000
2,409.0,405.0,0.15294118,0.0875,35133720.000000
2,422.0,369.0,0.15294118,0.0875,35133880.000000
2,427.0,357.0,0.15294118,0.0625,35134040.000000
1,430.0,354.0,0.15294118,0.05,35134204.000000
0,393.0,228.0,0.13725491,0.05,35397864.000000
2,339.0,311.0,0.13725491,0.075,35398020.000000
1,302.0,383.0,0.09019608,0.025,35398204.000000
0,349.0,265.0,0.121568635,0.05,35414536.000000
2,359.0,249.0,0.121568635,0.0625,35414704.000000
2,371.0,229.0,0.121568635,0.075,35414860.000000
2,383.0,214.0,0.121568635,0.075,35415024.000000
2,392.0,200.0,0.121568635,0.0625,35415180.000000
2,398.0,190.0,0.121568635,0.0625,35415344.000000
2,411.0,172.0,0.121568635,0.075,35415504.000000
2,417.0,167.0,0.121568635,0.075,35415664.000000
2,433.0,151.0,0.121568635,0.05,35415832.000000
2,446.0,136.0,0.121568635,0.0625,35415988.000000
2,460.0,122.0,0.121568635,0.0375,35416148.000000
2,463.0,119.0,0.078431375,0.025,35416316.000000
1,463.0,118.0,0.078431375,0.0125,35416472.000000
0,368.0,277.0,0.12941177,0.05,35424864.000000
2,378.0,258.0,0.12941177,0.0625,35425028.000000
2,391.0,234.0,0.12941177,0.05,35425184.000000
2,401.0,217.0,0.12941177,0.075,35425344.000000
2,408.0,206.0,0.12941177,0.075,35425512.000000
2,417.0,196.0,0.12941177,0.05,35425672.000000
2,426.0,182.0,0.12941177,0.0625,35425832.000000
2,432.0,173.0,0.12941177,0.075,35425992.000000
2,445.0,158.0,0.12941177,0.05,35426156.000000
2,456.0,146.0,0.08627451,0.025,35426316.000000
2,462.0,139.0,0.08627451,0.025,35426480.000000
1,464.0,137.0,0.08627451,0.0375,35426640.000000
0,381.0,269.0,0.1254902,0.05,35428116.000000
2,391.0,247.0,0.1254902,0.075,35428280.000000
2,410.0,211.0,0.1254902,0.0625,35428436.000000
2,430.0,186.0,0.1254902,0.0625,35428600.000000
2,442.0,167.0,0.1254902,0.0625,35428760.000000
2,459.0,146.0,0.1254902,0.0375,35428920.000000
2,462.0,139.0,0.1254902,0.0375,35429080.000000
2,465.0,133.0,0.08235294,0.0375,35429240.000000
2,467.0,128.0,0.08235294,0.0375,35429420.000000
2,467.0,126.0,0.08235294,0.0375,35429564.000000
1,467.0,126.0,0.08235294,0.0375,35429728.000000
0,360.0,356.0,0.12941177,0.05,35440496.000000
2,363.0,339.0,0.12941177,0.075,35440656.000000
2,377.0,297.0,0.12941177,0.075,35440816.000000
2,391.0,271.0,0.12941177,0.0625,35440980.000000
2,397.0,258.0,0.17254902,0.075,35441136.000000
1,399.0,255.0,0.17254902,0.0625,35441304.000000
0,364.0,326.0,0.1137255,0.05,35456672.000000
2,370.0,303.0,0.15686275,0.1,35456836.000000
2,380.0,279.0,0.15686275,0.1,35457000.000000
2,380.0,278.0,0.15686275,0.0875,35457164.000000
2,377.0,281.0,0.15686275,0.0875,35457320.000000
2,362.0,297.0,0.15686275,0.075,35457480.000000
2,357.0,306.0,0.15686275,0.0625,35457640.000000
1,356.0,307.0,0.15686275,0.0625,35457808.000000
0,411.0,238.0,0.10980393,0.05,35546308.000000
2,406.0,256.0,0.10980393,0.05,35546956.000000
2,402.0,263.0,0.10980393,0.05,35547116.000000
2,400.0,269.0,0.10980393,0.05,35547276.000000
2,398.0,271.0,0.10980393,0.05,35547440.000000
2,398.0,272.0,0.10980393,0.05,35547600.000000
2,396.0,274.0,0.10980393,0.05,35547920.000000
2,395.0,276.0,0.10980393,0.05,35548088.000000
2,394.0,277.0,0.10980393,0.05,35548408.000000
2,393.0,278.0,0.10980393,0.05,35548568.000000
2,393.0,279.0,0.10980393,0.0625,35548732.000000
2,391.0,281.0,0.10980393,0.05,35548892.000000
2,391.0,282.0,0.10980393,0.0625,35549212.000000
2,390.0,283.0,0.10980393,0.0625,35549696.000000
2,390.0,284.0,0.10980393,0.0625,35549860.000000
2,390.0,285.0,0.10980393,0.0625,35550836.000000
2,389.0,286.0,0.10980393,0.0625,35551000.000000
2,389.0,287.0,0.10980393,0.0625,35551320.000000
2,388.0,288.0,0.10980393,0.05,35551484.000000
2,388.0,289.0,0.10980393,0.05,35551648.000000
2,387.0,290.0,0.10980393,0.0625,35551968.000000
2,387.0,290.0,0.10980393,0.05,35552288.000000
2,386.0,291.0,0.10980393,0.05,35552452.000000
2,386.0,292.0,0.10980393,0.0625,35553100.000000
1,386.0,292.0,0.10980393,0.0625,35553928.000000
0,384.0,365.0,0.08627451,0.0375,35561680.000000
2,400.0,329.0,0.08627451,0.05,35561840.000000
2,410.0,310.0,0.08627451,0.0375,35562000.000000
2,414.0,298.0,0.08627451,0.0375,35562168.000000
2,418.0,284.0,0.08627451,0.025,35562324.000000
1,423.0,276.0,0.08627451,0.025,35562492.000000
0,417.0,261.0,0.10196079,0.025,35569364.000000
2,394.0,318.0,0.10196079,0.05,35569528.000000
1,338.0,454.0,0.058823533,0.0125,35569700.000000
0,381.0,374.0,0.08627451,0.025,35570816.000000
2,389.0,348.0,0.08627451,0.0625,35570980.000000
2,396.0,321.0,0.08627451,0.05,35571136.000000
1,467.0,196.0,0.08627451,0.025,35571320.000000
0,332.0,334.0,0.098039225,0.0375,35572752.000000
2,356.0,232.0,0.098039225,0.05,35572912.000000
2,387.0,150.0,0.14117648,0.05,35573072.000000
2,401.0,115.0,0.14117648,0.0625,35573232.000000
1,405.0,105.0,0.08627451,0.025,35573404.000000
0,376.0,317.0,0.10588236,0.025,35678640.000000
2,388.0,240.0,0.10588236,0.05,35678800.000000
2,402.0,185.0,0.15294118,0.0625,35678960.000000
2,411.0,161.0,0.15294118,0.075,35679120.000000
2,418.0,142.0,0.15294118,0.075,35679280.000000
2,424.0,128.0,0.15294118,0.075,35679444.000000
1,430.0,118.0,0.10196079,0.0125,35679608.000000
0,409.0,183.0,0.10588236,0.05,35683888.000000
2,400.0,219.0,0.10588236,0.05,35684052.000000
1,337.0,380.0,0.054901965,0.0125,35684224.000000
0,396.0,327.0,0.09019608,0.05,35709116.000000
2,402.0,249.0,0.09019608,0.0625,35709264.000000
1,462.0,111.0,0.07058824,0.0125,35709440.000000
0,360.0,352.0,0.10196079,0.05,35712040.000000
2,395.0,195.0,0.14509805,0.05,35712180.000000
1,425.0,111.0,0.08627451,0.05,35712344.000000
0,386.0,309.0,0.10196079,0.05,35712648.000000
2,389.0,289.0,0.10196079,0.05,35712808.000000
1,442.0,157.0,0.10196079,0.05,35713004.000000
0,368.0,241.0,0.121568635,0.05,35713620.000000
2,358.0,271.0,0.121568635,0.05,35713800.000000
2,330.0,345.0,0.121568635,0.0375,35713952.000000
2,317.0,399.0,0.121568635,0.0625,35714104.000000
1,314.0,413.0,0.121568635,0.05,35714288.000000
0,336.0,373.0,0.10980393,0.05,35975432.000000
2,345.0,301.0,0.10980393,0.075,35975580.000000
2,375.0,210.0,0.15294118,0.0625,35975744.000000
2,394.0,158.0,0.15294118,0.0625,35975904.000000
2,399.0,140.0,0.15294118,0.075,35976064.000000
1,399.0,138.0,0.15294118,0.075,35976232.000000
0,410.0,215.0,0.10196079,0.0375,36035664.000000
2,373.0,269.0,0.10196079,0.025,36035820.000000
1,323.0,353.0,0.10196079,0.025,36035984.000000
0,396.0,233.0,0.10588236,0.05,36036472.000000
2,351.0,322.0,0.10588236,0.05,36036632.000000
1,318.0,397.0,0.054901965,0.0125,36036796.000000
0,399.0,266.0,0.08627451,0.05,36038880.000000
2,357.0,354.0,0.08627451,0.05,36039040.000000
1,334.0,399.0,0.08627451,0.0125,36039216.000000
0,396.0,286.0,0.09411766,0.0375,36039868.000000
2,376.0,320.0,0.09411766,0.0375,36040008.000000
1,333.0,403.0,0.050980397,0.0125,36040200.000000
