0,228.14352,195.29657,0.25,0.128,67612520.000000
2,166.24025,346.63892,0.275,0.15200001,67612736.000000
2,164.24336,400.08325,0.275,0.136,67612920.000000
1,168.23712,405.5775,0.22500001,0.09200001,67613144.000000
0,227.6443,178.81374,0.15,0.104,68113712.000000
2,214.16536,203.78772,0.275,0.208,68113920.000000
2,158.75194,290.6972,0.275,0.14400001,68114112.000000
2,141.77847,340.64517,0.2,0.136,68114328.000000
2,133.79095,376.6077,0.2,0.124000005,68114512.000000
2,126.801865,405.07803,0.22500001,0.120000005,68114712.000000
2,124.30577,420.06244,0.22500001,0.128,68114912.000000
2,122.808105,446.53485,0.22500001,0.128,68115112.000000
1,127.30109,477.5026,0.22500001,0.09200001,68115336.000000
0,219.65678,187.80437,0.25,0.108,68124712.000000
2,218.65834,182.80957,0.25,0.16800001,68124920.000000
2,228.64275,168.82414,0.25,0.18400002,68125112.000000
2,240.62402,153.83975,0.25,0.2,68125312.000000
2,247.11388,144.84912,0.25,0.216,68125520.000000
1,252.6053,134.85953,0.25,0.108,68125712.000000
0,234.63338,178.81374,0.125,0.076000005,68135112.000000
2,228.14352,175.31738,0.22500001,0.156,68135312.000000
1,268.58032,120.87409,0.2,0.096,68135512.000000
0,214.66458,136.85744,0.3,0.124000005,68209304.000000
2,212.16849,136.85744,0.275,0.18400002,68209512.000000
1,249.11076,67.92924,0.275,0.172,68209712.000000
0,254.10295,125.36941,0.175,0.136,68589296.000000
2,227.14508,174.8179,0.275,0.216,68589504.000000
2,205.67862,260.72842,0.25,0.156,68589704.000000
2,185.70982,325.1613,0.25,0.15200001,68589904.000000
1,163.24492,432.04996,0.22500001,0.080000006,68590112.000000
0,239.62558,123.87097,0.2,0.136,68667720.000000
2,239.12636,123.87097,0.2,0.18,68667904.000000
1,219.65678,210.28096,0.25,0.1,68668112.000000
0,301.02963,99.89594,0.175,0.128,69530296.000000
2,292.5429,105.8897,0.22500001,0.23200001,69530488.000000
1,257.5975,211.27992,0.22500001,0.116000004,69530704.000000
0,204.68018,215.27576,0.2,0.096,70314872.000000
2,204.68018,214.2768,0.2,0.1,70315072.000000
1,243.61934,133.36108,0.22500001,0.14400001,70315296.000000
0,208.67393,207.28407,0.125,0.068,70394064.000000
2,210.1716,202.28928,0.15,0.116000004,70394264.000000
2,220.156,189.80229,0.22500001,0.15200001,70394464.000000
2,223.15132,182.31009,0.22500001,0.172,70394664.000000
2,227.14508,174.31842,0.22500001,0.172,70394864.000000
2,231.13884,165.32779,0.22500001,0.172,70395064.000000
2,236.13104,155.83768,0.22500001,0.18,70395264.000000
2,240.1248,149.84392,0.22500001,0.192,70395464.000000
2,243.12012,144.34964,0.22500001,0.2,70395664.000000
2,248.11232,132.36212,0.275,0.23600002,70395864.000000
2,251.60686,128.36629,0.275,0.24800001,70396064.000000
1,252.6053,124.86993,0.25,0.1,70396296.000000
0,194.69579,334.15192,0.2,0.076000005,40948780.000000
2,196.69266,317.16962,0.22500001,0.16000001,40948980.000000
1,240.1248,211.27992,0.22500001,0.104,40949184.000000
0,242.12167,184.30801,0.125,0.108,40986380.000000
2,242.12167,176.81581,0.15,0.15200001,40986592.000000
1,313.51013,87.40895,0.22500001,0.108,40986808.000000
0,237.12947,135.85847,0.2,0.15200001,41313372.000000
2,224.14977,160.333,0.275,0.24800001,41313572.000000
2,215.1638,198.29344,0.275,0.2,41313784.000000
2,212.6677,219.27159,0.275,0.18400002,41313972.000000
2,218.65834,203.28824,0.275,0.192,41314176.000000
2,225.64742,182.31009,0.275,0.22000001,41314372.000000
2,227.6443,172.81998,0.275,0.22000001,41314572.000000
1,230.63962,169.8231,0.275,0.120000005,41314800.000000
0,257.5975,121.37357,0.3,0.156,41569768.000000
2,257.09827,122.87201,0.3,0.18800001,41569968.000000
2,194.69579,221.26952,0.275,0.17600001,41570192.000000
2,174.22777,261.22787,0.22500001,0.128,41570368.000000
2,145.27301,326.65973,0.2,0.120000005,41570568.000000
2,127.30109,367.61707,0.22500001,0.14,41570768.000000
2,155.2574,282.7055,0.22500001,0.14400001,41570968.000000
2,214.66458,194.2976,0.22500001,0.2,41571192.000000
2,223.15132,166.32674,0.275,0.24000001,41571368.000000
2,203.68175,203.78772,0.275,0.21200001,41571568.000000
2,186.70827,233.7565,0.275,0.208,41571780.000000
2,181.71606,251.2383,0.275,0.17600001,41571976.000000
2,246.61465,146.84703,0.275,0.252,41572192.000000
1,297.5351,79.417274,0.25,0.14,41572384.000000
0,262.09048,151.84183,0.175,0.124000005,41683368.000000
2,256.09982,174.31842,0.275,0.252,41683576.000000
2,220.65521,236.2539,0.275,0.20400001,41683772.000000
2,188.70514,283.70447,0.275,0.18400002,41683968.000000
2,172.7301,297.19043,0.275,0.16800001,41684164.000000
2,186.20905,277.21124,0.25,0.172,41684364.000000
2,201.18564,240.24974,0.25,0.2,41684564.000000
1,201.68486,228.7617,0.25,0.20400001,41684788.000000
0,174.22777,343.64203,0.125,0.076000005,42057156.000000
2,174.22777,317.16962,0.125,0.108,42057360.000000
2,174.22777,305.1821,0.125,0.112,42057556.000000
2,174.72699,298.1894,0.125,0.112,42057760.000000
2,176.22464,296.19147,0.125,0.112,42057960.000000
2,176.22464,293.69406,0.125,0.112,42058156.000000
2,176.22464,289.69824,0.125,0.124000005,42058356.000000
2,176.22464,287.20084,0.125,0.124000005,42058556.000000
2,175.72542,284.70343,0.125,0.124000005,42058756.000000
2,174.22777,280.7076,0.125,0.124000005,42058956.000000
2,174.22777,279.70865,0.125,0.124000005,42059156.000000
2,174.22777,277.71072,0.125,0.124000005,42059360.000000
2,174.22777,272.7159,0.125,0.128,42059556.000000
2,175.2262,267.22165,0.125,0.128,42059756.000000
2,175.2262,262.72632,0.125,0.128,42059956.000000
2,176.72386,260.22894,0.125,0.132,42060156.000000
2,177.22308,258.7305,0.175,0.136,42060356.000000
2,178.22153,257.23206,0.175,0.14,42060560.000000
2,177.7223,254.73465,0.175,0.14,42060756.000000
2,177.7223,252.23726,0.175,0.14400001,42060956.000000
2,177.7223,249.24037,0.175,0.148,42061156.000000
2,178.22153,247.24246,0.175,0.15200001,42061356.000000
2,179.21997,244.74506,0.175,0.15200001,42061564.000000
2,180.2184,237.75235,0.22500001,0.164,42061756.000000
2,181.21684,235.25494,0.22500001,0.164,42061960.000000
2,182.71451,234.25598,0.22500001,0.164,42062156.000000
2,181.71606,237.25287,0.22500001,0.16800001,42062360.000000
2,176.72386,263.2258,0.2,0.14400001,42062556.000000
2,173.22932,274.71384,0.2,0.14400001,42062756.000000
2,165.74103,281.2071,0.22500001,0.14400001,42062956.000000
2,163.24492,283.70447,0.22500001,0.148,42063160.000000
2,162.74571,283.70447,0.22500001,0.148,42063560.000000
2,162.74571,283.205,0.22500001,0.148,42063756.000000
2,163.24492,280.7076,0.22500001,0.148,42063956.000000
2,163.74414,278.7097,0.22500001,0.148,42064160.000000
2,163.74414,276.71176,0.22500001,0.148,42064360.000000
2,164.24336,271.21747,0.22500001,0.148,42064556.000000
2,164.24336,268.2206,0.22500001,0.148,42064756.000000
2,164.24336,265.7232,0.22500001,0.148,42064956.000000
2,164.24336,264.22476,0.22500001,0.148,42065156.000000
2,164.74258,262.72632,0.22500001,0.148,42065360.000000
2,165.2418,262.22684,0.22500001,0.148,42065560.000000
2,165.2418,259.72946,0.22500001,0.15200001,42065756.000000
2,166.24025,255.73361,0.22500001,0.15200001,42065956.000000
2,167.23868,253.73569,0.22500001,0.15200001,42066156.000000
2,168.23712,251.73778,0.22500001,0.15200001,42066360.000000
2,168.73634,250.23933,0.22500001,0.15200001,42066560.000000
2,170.73323,248.24141,0.22500001,0.156,42066756.000000
2,172.7301,246.2435,0.22500001,0.156,42066956.000000
2,173.22932,240.74922,0.22500001,0.156,42067156.000000
2,173.72855,235.75443,0.22500001,0.16000001,42067360.000000
2,176.22464,234.25598,0.22500001,0.16000001,42067560.000000
2,177.22308,232.25807,0.22500001,0.16000001,42067756.000000
2,178.72075,230.75963,0.22500001,0.16000001,42067960.000000
2,179.71918,228.7617,0.22500001,0.164,42068156.000000
2,180.2184,226.7638,0.22500001,0.16800001,42068356.000000
2,181.21684,225.76483,0.22500001,0.16800001,42068556.000000
2,181.71606,224.76587,0.22500001,0.16800001,42068756.000000
2,182.21529,222.76794,0.22500001,0.172,42068956.000000
2,182.21529,222.26848,0.22500001,0.17600001,42069156.000000
2,182.71451,222.26848,0.22500001,0.17600001,42069360.000000
2,183.21373,220.27055,0.22500001,0.18400002,42069556.000000
2,183.71294,218.77211,0.22500001,0.18400002,42069756.000000
2,184.21216,216.27472,0.275,0.192,42069956.000000
2,185.70982,211.7794,0.275,0.19600001,42070156.000000
2,186.20905,208.28304,0.275,0.19600001,42070356.000000
2,187.20749,206.28513,0.275,0.20400001,42070556.000000
2,189.20436,203.28824,0.275,0.208,42070756.000000
2,190.70203,200.79085,0.275,0.208,42070956.000000
2,191.20125,198.29344,0.275,0.208,42071156.000000
2,191.70047,196.29553,0.275,0.208,42071356.000000
2,192.6989,194.79709,0.275,0.208,42071556.000000
2,193.19812,191.30074,0.275,0.21200001,42071756.000000
2,193.19812,189.30281,0.275,0.216,42071956.000000
2,193.19812,185.30698,0.275,0.224,42072156.000000
2,193.19812,181.81061,0.275,0.24400002,42072356.000000
2,193.19812,176.81581,0.275,0.24400002,42072556.000000
2,195.195,171.82101,0.275,0.24400002,42072756.000000
2,196.69266,169.32362,0.275,0.24400002,42072956.000000
2,199.18877,163.32986,0.275,0.24000001,42073156.000000
2,202.18408,160.83247,0.275,0.24000001,42073356.000000
2,203.18253,158.83455,0.275,0.24000001,42073556.000000
2,205.67862,156.83662,0.275,0.24400002,42073756.000000
2,207.6755,156.33714,0.275,0.24400002,42073956.000000
1,215.1638,157.3361,0.275,0.108,42074156.000000
0,270.5772,147.846,0.2,0.120000005,42452352.000000
2,266.58347,166.82622,0.2,0.18,42452564.000000
2,260.5928,187.80437,0.22500001,0.18400002,42452748.000000
2,252.6053,192.29968,0.22500001,0.17600001,42452952.000000
2,251.60686,192.79916,0.22500001,0.17600001,42453148.000000
2,252.10608,192.79916,0.22500001,0.17600001,42453952.000000
2,252.6053,192.79916,0.22500001,0.17600001,42454748.000000
2,253.10452,191.30074,0.22500001,0.18800001,42454948.000000
2,253.60373,190.80125,0.22500001,0.18800001,42455148.000000
2,253.60373,188.80333,0.275,0.2,42455352.000000
2,255.1014,186.8054,0.275,0.2,42455548.000000
2,255.60062,185.30698,0.275,0.20400001,42456752.000000
2,256.09982,185.30698,0.275,0.20400001,42456952.000000
1,256.59906,185.30698,0.275,0.112,42457180.000000
0,214.16536,226.7638,0.2,0.1,42739560.000000
2,214.16536,226.26431,0.2,0.148,42739744.000000
2,224.64899,198.79292,0.275,0.22000001,42739960.000000
2,242.6209,177.31529,0.275,0.24000001,42740156.000000
2,253.60373,159.33403,0.32500002,0.29200003,42740344.000000
1,314.50858,136.35796,0.22500001,0.164,42740548.000000
0,202.18408,314.17273,0.2,0.112,46080176.000000
2,174.72699,339.6462,0.2,0.136,46080380.000000
2,129.29797,412.57025,0.2,0.124000005,46080576.000000
2,127.30109,413.5692,0.2,0.124000005,46080776.000000
2,127.30109,410.57233,0.2,0.124000005,46080976.000000
2,126.801865,405.07803,0.2,0.124000005,46081176.000000
2,132.29329,392.09158,0.22500001,0.136,46081376.000000
1,151.76286,338.64725,0.2,0.1,46081592.000000
0,295.039,102.89282,0.22500001,0.136,46676964.000000
2,285.0546,105.39022,0.22500001,0.21200001,46677176.000000
2,165.2418,276.21228,0.275,0.172,46677364.000000
2,143.77534,381.6025,0.22500001,0.14400001,46677564.000000
2,143.27612,440.04163,0.2,0.14,46677764.000000
1,144.27457,465.51508,0.2,0.14,46677980.000000
0,205.1794,220.77003,0.2,0.076000005,46776560.000000
2,205.1794,218.77211,0.2,0.124000005,46776764.000000
2,206.67706,204.2872,0.2,0.14,46776960.000000
2,209.67238,195.79605,0.2,0.156,46777164.000000
2,211.66927,191.30074,0.2,0.16800001,46777360.000000
2,214.16536,184.30801,0.22500001,0.18400002,46777560.000000
2,215.1638,183.30905,0.22500001,0.18800001,46777760.000000
2,215.1638,182.31009,0.22500001,0.2,46779560.000000
2,215.66302,180.81166,0.22500001,0.2,46779764.000000
2,216.16225,180.31218,0.22500001,0.2,46779960.000000
2,217.16068,179.31322,0.22500001,0.2,46780160.000000
2,218.15912,178.81374,0.22500001,0.21200001,46780360.000000
2,219.15756,174.8179,0.22500001,0.216,46780560.000000
2,219.65678,174.31842,0.22500001,0.224,46780760.000000
2,220.156,173.81894,0.22500001,0.224,46781372.000000
2,220.156,172.81998,0.22500001,0.224,46781764.000000
2,220.65521,172.3205,0.22500001,0.224,46781968.000000
2,221.15443,172.3205,0.22500001,0.224,46782160.000000
2,221.15443,171.32155,0.22500001,0.224,46782964.000000
2,221.15443,170.82207,0.22500001,0.224,46783960.000000
2,221.15443,170.32259,0.22500001,0.224,46784560.000000
2,221.15443,169.8231,0.22500001,0.224,46784760.000000
2,221.15443,169.32362,0.22500001,0.224,46784960.000000
2,222.15288,167.82518,0.22500001,0.224,46785160.000000
2,222.15288,167.3257,0.22500001,0.224,46785360.000000
2,222.6521,166.32674,0.22500001,0.224,46785560.000000
2,222.6521,165.32779,0.22500001,0.224,46785760.000000
2,222.6521,164.82831,0.22500001,0.224,46785960.000000
2,222.6521,163.32986,0.22500001,0.22800002,46786368.000000
2,223.15132,161.83142,0.22500001,0.23200001,46786560.000000
1,285.5538,85.91051,0.25,0.172,46786792.000000
0,78.37753,191.30074,0.2,0.120000005,47240560.000000
2,83.369736,209.282,0.2,0.136,47240760.000000
2,83.369736,239.75026,0.2,0.1,47240956.000000
2,83.369736,250.23933,0.2,0.1,47241152.000000
2,83.369736,249.24037,0.2,0.1,47241364.000000
2,83.369736,241.2487,0.2,0.1,47241560.000000
1,82.870514,185.30698,0.2,0.120000005,47241772.000000
0,234.63338,147.846,0.2,0.128,52511848.000000
2,225.1482,156.83662,0.3,0.26000002,52512048.000000
2,200.1872,229.26118,0.3,0.23600002,52512260.000000
2,185.2106,279.70865,0.275,0.224,52512456.000000
2,154.25897,319.66702,0.275,0.22800002,52512648.000000
2,139.78159,358.12695,0.275,0.2,52512848.000000
1,145.77223,425.5567,0.2,0.09200001,52513080.000000
0,230.1404,213.77731,0.2,0.08800001,52548848.000000
2,230.1404,213.27783,0.2,0.112,52549048.000000
2,234.63338,203.28824,0.2,0.148,52549248.000000
2,239.12636,194.79709,0.2,0.156,52549444.000000
2,242.6209,182.80957,0.22500001,0.18400002,52549648.000000
2,247.6131,175.31738,0.22500001,0.20400001,52549848.000000
2,250.10919,169.32362,0.22500001,0.224,52550048.000000
2,251.60686,164.32883,0.22500001,0.22800002,52550244.000000
2,252.6053,161.33194,0.275,0.24800001,52550448.000000
2,254.10295,157.3361,0.275,0.252,52550648.000000
1,267.5819,147.34651,0.2,0.072000004,52550880.000000
0,210.1716,209.78148,0.125,0.09200001,55080420.000000
2,210.1716,207.28407,0.125,0.108,55080600.000000
2,225.1482,196.79501,0.2,0.17600001,55080796.000000
2,232.13728,188.80333,0.22500001,0.18,55081008.000000
1,270.078,131.86264,0.25,0.096,55081224.000000
0,212.6677,221.769,0.2,0.096,55087604.000000
2,237.12947,160.83247,0.25,0.22000001,55087800.000000
1,288.04993,104.89074,0.25,0.124000005,55088016.000000
0,261.59125,103.3923,0.25,0.132,55607984.000000
2,256.59906,107.88762,0.25,0.208,55608184.000000
2,232.6365,147.846,0.275,0.22000001,55608384.000000
2,225.64742,163.82935,0.275,0.22000001,55608592.000000
2,225.1482,159.83351,0.275,0.22000001,55608784.000000
2,233.63493,121.87305,0.3,0.264,55608988.000000
1,242.12167,106.389175,0.32500002,0.24800001,55609200.000000
0,229.64117,209.282,0.125,0.076000005,56152376.000000
2,229.64117,198.29344,0.22500001,0.156,56152592.000000
2,237.12947,174.31842,0.22500001,0.17600001,56152772.000000
2,243.61934,166.82622,0.22500001,0.19600001,56152972.000000
2,247.6131,161.83142,0.275,0.21200001,56153176.000000
2,250.60841,158.33507,0.275,0.24000001,56153372.000000
2,252.6053,154.83871,0.275,0.24400002,56153572.000000
2,254.60217,151.84183,0.275,0.24400002,56153772.000000
2,257.09827,148.84496,0.275,0.24400002,56153972.000000
2,260.0936,145.84807,0.275,0.24400002,56154176.000000
2,263.08893,143.85016,0.275,0.24400002,56154372.000000
2,266.08423,142.8512,0.275,0.23200001,56154572.000000
2,269.57877,142.35172,0.275,0.22800002,56154776.000000
2,273.0733,138.85536,0.275,0.23200001,56154976.000000
2,277.56628,134.85953,0.275,0.24000001,56155176.000000
1,279.06396,129.86473,0.2,0.09200001,56155388.000000
0,223.65054,190.80125,0.22500001,0.108,56170972.000000
2,217.6599,207.78355,0.22500001,0.156,56171176.000000
2,213.66614,222.26848,0.2,0.148,56171372.000000
2,213.66614,225.76483,0.2,0.15200001,56171576.000000
2,214.16536,225.26535,0.2,0.15200001,56171972.000000
2,217.16068,222.26848,0.2,0.15200001,56172172.000000
2,220.156,217.27368,0.2,0.164,56172372.000000
2,221.15443,210.28096,0.22500001,0.17600001,56172572.000000
2,222.15288,206.7846,0.22500001,0.18800001,56172772.000000
2,222.15288,203.78772,0.22500001,0.18800001,56172972.000000
2,222.6521,202.28928,0.22500001,0.192,56173172.000000
2,223.15132,201.29033,0.22500001,0.192,56173372.000000
2,224.14977,198.79292,0.22500001,0.192,56173572.000000
2,225.1482,195.79605,0.22500001,0.19600001,56173772.000000
2,225.64742,193.79813,0.22500001,0.20400001,56173976.000000
1,227.6443,192.79916,0.22500001,0.172,56174176.000000
0,255.60062,138.85536,0.25,0.132,56652376.000000
2,246.61465,158.83455,0.25,0.19600001,56652568.000000
2,216.66145,201.29033,0.25,0.17600001,56652768.000000
2,171.23244,253.2362,0.22500001,0.148,56652964.000000
2,153.26053,294.19354,0.22500001,0.14400001,56653164.000000
2,120.811226,360.62436,0.22500001,0.148,56653364.000000
1,114.82059,397.08636,0.2,0.096,56653564.000000
0,254.60217,185.30698,0.25,0.116000004,57228352.000000
2,251.10764,197.29448,0.25,0.16800001,57228556.000000
2,234.63338,240.24974,0.2,0.14,57228752.000000
2,224.64899,248.24141,0.22500001,0.15200001,57228956.000000
2,220.156,247.24246,0.22500001,0.156,57229152.000000
2,221.65366,232.25807,0.22500001,0.16800001,57229352.000000
2,222.15288,229.76067,0.22500001,0.172,57229552.000000
1,222.6521,228.26222,0.22500001,0.112,57229780.000000
0,267.08267,106.389175,0.2,0.112,57774544.000000
2,262.5897,112.382935,0.22500001,0.2,57774756.000000
2,227.6443,180.81166,0.275,0.20400001,57774952.000000
2,217.16068,207.28407,0.275,0.20400001,57775140.000000
2,211.17004,219.27159,0.275,0.19600001,57775340.000000
2,208.17473,223.7669,0.275,0.192,57775544.000000
2,205.1794,225.76483,0.275,0.192,57775744.000000
2,204.18095,225.76483,0.275,0.192,57775944.000000
2,203.68175,226.26431,0.275,0.192,57776144.000000
2,203.18253,226.26431,0.275,0.192,57776340.000000
2,202.6833,226.26431,0.275,0.192,57776540.000000
2,202.6833,226.7638,0.275,0.192,57777140.000000
2,202.18408,226.7638,0.275,0.192,57777544.000000
2,201.68486,226.7638,0.275,0.192,57777944.000000
2,202.18408,226.7638,0.275,0.192,57780744.000000
2,203.18253,226.7638,0.275,0.18400002,57781744.000000
2,203.68175,226.7638,0.275,0.18400002,57782340.000000
2,203.68175,226.26431,0.275,0.18400002,57782756.000000
2,203.68175,225.76483,0.275,0.18400002,57782944.000000
2,204.18095,225.76483,0.275,0.17600001,57783344.000000
2,204.68018,224.76587,0.275,0.17600001,57783744.000000
2,205.1794,224.76587,0.275,0.17600001,57783944.000000
2,205.1794,224.26639,0.275,0.172,57784740.000000
2,206.17784,224.26639,0.275,0.172,57784944.000000
2,206.17784,223.26743,0.275,0.172,57785740.000000
2,206.67706,223.26743,0.275,0.172,57786540.000000
2,207.6755,222.26848,0.275,0.172,57786740.000000
2,208.17473,221.769,0.275,0.172,57786944.000000
2,208.67393,221.769,0.275,0.172,57787144.000000
2,208.67393,221.26952,0.275,0.172,57787340.000000
2,209.17316,221.26952,0.275,0.172,57787540.000000
2,209.67238,220.77003,0.275,0.172,57788344.000000
2,209.67238,220.27055,0.275,0.172,57788552.000000
2,209.67238,219.77107,0.275,0.172,57788744.000000
2,209.17316,219.77107,0.275,0.17600001,57789140.000000
2,206.67706,221.769,0.275,0.17600001,57789340.000000
2,203.68175,222.76794,0.275,0.17600001,57789540.000000
2,201.18564,225.76483,0.275,0.18400002,57789744.000000
2,198.68954,226.7638,0.275,0.18800001,57789940.000000
2,197.6911,228.7617,0.275,0.192,57790140.000000
2,197.19188,229.76067,0.275,0.192,57790344.000000
2,197.19188,230.26015,0.275,0.192,57790540.000000
2,195.69423,232.75754,0.275,0.2,57790740.000000
2,193.69734,238.7513,0.275,0.2,57790944.000000
2,188.70514,249.73985,0.275,0.18800001,57791152.000000
2,176.72386,269.71906,0.275,0.15200001,57791340.000000
2,172.23088,275.7128,0.275,0.148,57791540.000000
2,173.22932,275.21332,0.275,0.148,57791740.000000
2,174.72699,272.7159,0.275,0.148,57791940.000000
2,176.22464,270.21854,0.25,0.14400001,57792140.000000
2,176.22464,268.7201,0.2,0.14,57792340.000000
2,176.22464,269.71906,0.2,0.14,57792540.000000
2,176.22464,269.21957,0.2,0.136,57792744.000000
2,175.72542,268.7201,0.2,0.14,57792948.000000
2,176.22464,269.71906,0.2,0.14,57793144.000000
2,176.22464,269.21957,0.2,0.14400001,57793744.000000
2,175.72542,269.71906,0.2,0.14400001,57793944.000000
2,175.72542,268.7201,0.2,0.14,57794144.000000
2,175.72542,269.21957,0.2,0.14,57794552.000000
2,175.72542,269.21957,0.2,0.14400001,57795344.000000
2,175.72542,268.2206,0.2,0.14400001,57795540.000000
2,175.2262,267.72113,0.2,0.14400001,57795744.000000
2,175.72542,268.2206,0.2,0.14400001,57795940.000000
2,175.72542,266.2227,0.2,0.14,57796140.000000
2,175.72542,266.72217,0.2,0.14,57796340.000000
2,175.72542,266.2227,0.2,0.14,57796540.000000
2,175.72542,265.7232,0.2,0.14,57796744.000000
2,175.72542,264.72424,0.2,0.14,57796940.000000
2,175.72542,264.22476,0.2,0.14,57797140.000000
2,175.72542,262.72632,0.2,0.14,57797944.000000
2,175.72542,262.22684,0.2,0.14,57798740.000000
2,174.72699,262.22684,0.2,0.14,57798940.000000
2,174.72699,261.72736,0.2,0.14,57799344.000000
2,174.72699,260.72842,0.2,0.14,57799544.000000
2,174.22777,260.22894,0.2,0.14,57801144.000000
2,174.22777,259.72946,0.2,0.14,57801744.000000
2,174.72699,259.72946,0.2,0.14,57802140.000000
2,175.72542,258.7305,0.2,0.14,57802540.000000
2,175.72542,258.23102,0.2,0.14,57803344.000000
2,175.72542,257.73154,0.2,0.14,57803740.000000
2,175.72542,257.23206,0.2,0.14,57804140.000000
2,176.22464,257.23206,0.2,0.14,57804540.000000
2,176.22464,256.73257,0.2,0.14,57804744.000000
2,176.72386,256.73257,0.2,0.14,57805340.000000
2,176.22464,256.2331,0.2,0.14,57805540.000000
2,176.22464,255.73361,0.2,0.14,57805744.000000
2,176.22464,255.23413,0.2,0.14,57805944.000000
2,176.72386,255.23413,0.2,0.14,57806144.000000
2,176.72386,255.23413,0.2,0.14,57806344.000000
2,177.22308,255.23413,0.2,0.14,57806540.000000
2,176.72386,254.23517,0.2,0.136,57807340.000000
2,177.22308,254.23517,0.2,0.136,57809544.000000
2,178.22153,254.23517,0.2,0.136,57809744.000000
2,177.7223,254.23517,0.2,0.136,57809940.000000
2,177.7223,253.73569,0.2,0.136,57810144.000000
2,177.7223,253.2362,0.2,0.136,57810760.000000
2,177.7223,252.23726,0.2,0.136,57810940.000000
2,177.7223,251.73778,0.2,0.136,57811140.000000
2,178.22153,248.74089,0.2,0.136,57811340.000000
2,179.21997,242.74715,0.2,0.132,57811544.000000
2,182.21529,241.74818,0.2,0.132,57811740.000000
2,182.71451,241.74818,0.2,0.132,57811940.000000
2,183.71294,240.74922,0.2,0.132,57812144.000000
2,183.71294,240.24974,0.2,0.136,57812340.000000
2,183.71294,239.75026,0.2,0.136,57812548.000000
2,184.21216,237.75235,0.2,0.14,57812740.000000
1,229.14195,182.80957,0.2,0.112,57812944.000000
0,220.65521,226.7638,0.25,0.08800001,57832764.000000
2,221.15443,225.76483,0.25,0.112,57832944.000000
1,261.09204,163.82935,0.2,0.108,57833160.000000
0,275.56943,55.44225,0.2,0.112,58060336.000000
2,262.09048,66.4308,0.275,0.216,58060536.000000
1,209.17316,208.78252,0.2,0.09200001,58060768.000000
0,251.60686,193.79813,0.175,0.080000006,58081136.000000
2,247.6131,189.30281,0.2,0.14400001,58081336.000000
2,249.11076,173.81894,0.2,0.16800001,58081536.000000
2,248.61154,162.83038,0.275,0.2,58081736.000000
2,251.60686,153.34027,0.275,0.208,58081936.000000
2,254.10295,145.84807,0.275,0.22000001,58082136.000000
2,254.60217,139.85432,0.275,0.22000001,58082336.000000
2,256.59906,135.85847,0.275,0.224,58082536.000000
1,264.58658,130.86368,0.275,0.14,58082760.000000
0,240.62402,120.87409,0.2,0.104,58135536.000000
2,240.1248,121.87305,0.2,0.16000001,58135744.000000
2,226.14664,159.83351,0.275,0.23600002,58135944.000000
2,197.19188,216.7742,0.275,0.21200001,58136140.000000
2,160.2496,278.7097,0.275,0.18800001,58136336.000000
1,142.7769,352.6327,0.2,0.09200001,58136564.000000
0,242.12167,112.382935,0.2,0.108,58434328.000000
2,235.1326,121.87305,0.22500001,0.208,58434528.000000
2,204.68018,187.30489,0.22500001,0.17600001,58434736.000000
2,192.19968,218.27263,0.22500001,0.18,58434932.000000
1,182.21529,251.73778,0.22500001,0.128,58435144.000000
0,198.68954,217.27368,0.2,0.08800001,58443528.000000
2,198.19032,216.7742,0.2,0.104,58443728.000000
2,197.19188,209.78148,0.2,0.116000004,58443932.000000
2,199.68799,199.2924,0.22500001,0.128,58444128.000000
2,206.67706,186.30594,0.2,0.136,58444328.000000
2,207.17628,176.81581,0.2,0.136,58444528.000000
1,261.09204,128.36629,0.2,0.1,58444756.000000
0,316.50546,102.89282,0.1,0.112,58461528.000000
2,296.03745,119.87513,0.175,0.22800002,58461736.000000
2,279.06396,156.83662,0.22500001,0.216,58461932.000000
1,228.14352,238.7513,0.2,0.116000004,58462144.000000
0,180.2184,375.10925,0.125,0.072000004,58666932.000000
2,179.21997,371.11343,0.15,0.1,58667128.000000
2,195.69423,318.66806,0.22500001,0.120000005,58667324.000000
1,236.13104,215.77524,0.2,0.116000004,58667552.000000
0,229.14195,235.25494,0.125,0.08400001,58670744.000000
2,222.6521,253.2362,0.2,0.148,58670940.000000
1,186.70827,364.62018,0.22500001,0.112,58671152.000000
0,240.1248,110.8845,0.2,0.09200001,58707920.000000
2,225.64742,119.37565,0.275,0.24800001,58708136.000000
2,193.19812,188.30385,0.3,0.216,58708332.000000
1,197.6911,203.78772,0.25,0.104,58708544.000000
0,213.66614,195.79605,0.2,0.09200001,58718148.000000
2,213.16692,182.80957,0.2,0.148,58718344.000000
2,221.15443,145.3486,0.22500001,0.192,58718540.000000
2,228.14352,116.87825,0.275,0.21200001,58718736.000000
2,238.12791,95.40063,0.275,0.23200001,58718920.000000
2,239.62558,83.91259,0.275,0.24800001,58719124.000000
2,241.62245,73.923,0.3,0.28,58719320.000000
1,257.5975,69.42768,0.25,0.108,58719540.000000
0,219.15756,218.77211,0.125,0.080000006,58730120.000000
2,219.15756,218.27263,0.175,0.108,58730320.000000
1,254.60217,129.36525,0.25,0.136,58730540.000000
0,209.17316,200.29137,0.2,0.09200001,58733332.000000
2,209.17316,199.79189,0.2,0.1,58733536.000000
1,261.59125,87.90843,0.25,0.112,58733744.000000
0,213.16692,279.20917,0.2,0.096,46060416.000000
2,205.67862,307.6795,0.2,0.14,46060628.000000
2,186.70827,364.1207,0.22500001,0.14,46060824.000000
2,179.71918,390.09366,0.2,0.124000005,46061012.000000
2,177.7223,393.59003,0.2,0.128,46061216.000000
2,176.72386,395.08844,0.2,0.128,46061412.000000
2,175.72542,403.08014,0.2,0.128,46061612.000000
2,176.22464,402.58066,0.2,0.128,46061812.000000
2,182.21529,382.60147,0.2,0.116000004,46062020.000000
1,206.67706,298.1894,0.2,0.08400001,46062232.000000
0,175.72542,401.0822,0.2,0.076000005,46066812.000000
2,176.72386,395.08844,0.2,0.08400001,46067012.000000
1,193.19812,352.1332,0.2,0.08400001,46067244.000000
0,257.09827,122.37253,0.175,0.128,47673180.000000
2,228.14352,146.84703,0.275,0.24800001,47673408.000000
2,227.14508,176.31635,0.275,0.24400002,47673580.000000
2,226.14664,183.30905,0.275,0.24400002,47673784.000000
2,226.14664,183.30905,0.275,0.24000001,47673980.000000
2,226.14664,180.81166,0.275,0.24000001,47674180.000000
2,228.14352,177.31529,0.275,0.224,47674380.000000
2,229.14195,175.31738,0.275,0.216,47674584.000000
2,230.63962,173.31946,0.275,0.21200001,47674784.000000
2,233.63493,166.82622,0.275,0.21200001,47674980.000000
2,235.1326,157.83559,0.275,0.216,47675180.000000
2,235.1326,157.3361,0.275,0.22000001,47675380.000000
2,234.63338,155.83768,0.275,0.22000001,47675580.000000
2,233.63493,153.34027,0.275,0.22800002,47675780.000000
2,232.6365,151.34235,0.275,0.22800002,47675980.000000
2,230.63962,149.34444,0.275,0.23600002,47676180.000000
2,230.1404,145.84807,0.275,0.23600002,47676380.000000
2,228.64275,143.35068,0.275,0.24000001,47676580.000000
1,229.14195,143.35068,0.275,0.108,47676796.000000
0,247.6131,154.83871,0.25,0.16800001,47869976.000000
2,224.64899,185.30698,0.275,0.21200001,47870212.000000
2,189.70358,248.74089,0.275,0.18800001,47870376.000000
2,185.70982,261.72736,0.275,0.18400002,47870688.000000
1,184.71138,268.7201,0.275,0.132,47870784.000000
0,151.26364,222.76794,0.2,0.15200001,47940776.000000
2,153.26053,218.77211,0.275,0.23600002,47940976.000000
2,140.78003,192.79916,0.3,0.24800001,47941176.000000
2,137.78471,180.81166,0.3,0.272,47941376.000000
1,133.79095,178.81374,0.3,0.224,47941600.000000
0,258.0967,204.78668,0.15,0.104,48001972.000000
2,240.1248,231.25911,0.275,0.18800001,48002172.000000
2,224.14977,252.73674,0.275,0.18800001,48002372.000000
2,222.6521,254.23517,0.275,0.192,48002572.000000
2,222.15288,255.23413,0.275,0.192,48002776.000000
2,220.65521,255.23413,0.275,0.192,48003176.000000
2,220.156,254.73465,0.275,0.192,48003376.000000
2,220.156,254.23517,0.275,0.192,48003572.000000
2,223.65054,253.73569,0.275,0.192,48003772.000000
2,225.1482,251.73778,0.275,0.192,48003972.000000
2,226.14664,250.73882,0.275,0.192,48004176.000000
2,228.14352,247.24246,0.275,0.192,48004376.000000
2,228.64275,246.2435,0.275,0.18800001,48004576.000000
2,228.64275,245.24454,0.275,0.18800001,48004772.000000
2,229.14195,243.24661,0.275,0.18800001,48004972.000000
2,229.14195,241.74818,0.275,0.192,48005776.000000
2,229.14195,240.74922,0.275,0.192,48006176.000000
2,228.64275,240.24974,0.275,0.192,48006376.000000
2,228.64275,238.7513,0.275,0.19600001,48006572.000000
2,227.6443,238.25182,0.275,0.2,48007172.000000
2,226.64586,241.74818,0.275,0.2,48007376.000000
2,225.1482,242.74715,0.275,0.2,48007576.000000
2,223.65054,242.74715,0.275,0.20400001,48007772.000000
2,223.65054,242.24767,0.275,0.20400001,48007976.000000
2,222.6521,241.74818,0.275,0.208,48008172.000000
2,222.15288,240.74922,0.275,0.21200001,48008576.000000
2,221.65366,240.74922,0.275,0.21200001,48008772.000000
2,220.65521,240.24974,0.275,0.208,48008972.000000
2,219.65678,239.75026,0.275,0.20400001,48009176.000000
2,219.15756,239.25078,0.275,0.20400001,48009372.000000
2,218.65834,238.7513,0.275,0.20400001,48009576.000000
2,217.16068,238.7513,0.275,0.20400001,48009772.000000
2,217.16068,238.25182,0.275,0.2,48010176.000000
2,217.16068,237.25287,0.275,0.2,48010372.000000
2,216.66145,235.75443,0.275,0.19600001,48010572.000000
2,217.16068,235.25494,0.275,0.20400001,48010972.000000
2,217.16068,234.75546,0.275,0.208,48011372.000000
2,216.66145,233.7565,0.275,0.22000001,48011772.000000
2,216.66145,232.25807,0.275,0.22000001,48011972.000000
2,215.66302,229.76067,0.275,0.208,48012172.000000
2,214.16536,228.26222,0.275,0.208,48012376.000000
2,213.66614,227.76274,0.275,0.208,48012572.000000
2,213.66614,226.7638,0.275,0.208,48012772.000000
2,213.66614,225.76483,0.275,0.208,48012972.000000
2,213.66614,224.76587,0.275,0.208,48013172.000000
2,213.16692,223.7669,0.275,0.208,48013372.000000
2,212.16849,223.26743,0.275,0.208,48013572.000000
2,212.16849,220.77003,0.275,0.19600001,48013772.000000
2,212.16849,220.27055,0.275,0.19600001,48013972.000000
2,211.17004,219.77107,0.275,0.19600001,48014372.000000
2,211.17004,218.77211,0.275,0.19600001,48014576.000000
2,211.17004,218.27263,0.275,0.192,48014772.000000
2,211.17004,217.27368,0.275,0.192,48014976.000000
2,211.17004,215.77524,0.275,0.192,48015376.000000
2,211.17004,215.27576,0.275,0.192,48015576.000000
2,211.17004,214.77628,0.275,0.18800001,48015772.000000
2,211.17004,214.2768,0.275,0.18800001,48015976.000000
2,211.17004,213.77731,0.275,0.18400002,48016176.000000
2,211.17004,213.27783,0.275,0.18,48016376.000000
2,211.17004,212.77835,0.275,0.18,48016776.000000
2,212.16849,212.77835,0.275,0.18,48017172.000000
1,212.6677,211.27992,0.275,0.18,48017404.000000
0,251.10764,194.2976,0.3,0.14400001,48216768.000000
2,251.10764,205.78564,0.3,0.20400001,48216968.000000
2,252.6053,223.26743,0.275,0.19600001,48217168.000000
2,251.60686,230.75963,0.275,0.18,48217368.000000
2,245.117,246.2435,0.22500001,0.15200001,48217568.000000
2,242.6209,249.24037,0.22500001,0.15200001,48217768.000000
2,247.11388,236.75339,0.2,0.15200001,48217968.000000
2,252.6053,223.7669,0.22500001,0.17600001,48218168.000000
2,255.60062,214.2768,0.22500001,0.18400002,48218368.000000
2,256.59906,205.28616,0.22500001,0.19600001,48218568.000000
2,256.59906,200.29137,0.22500001,0.2,48218768.000000
2,256.59906,196.79501,0.22500001,0.208,48218968.000000
2,256.59906,193.79813,0.22500001,0.22000001,48219168.000000
2,256.59906,190.80125,0.22500001,0.224,48219368.000000
2,256.59906,187.30489,0.22500001,0.224,48219568.000000
2,256.59906,184.30801,0.22500001,0.22800002,48219768.000000
2,257.09827,181.81061,0.275,0.22800002,48219968.000000
2,257.09827,178.81374,0.275,0.23200001,48220168.000000
2,257.09827,175.31738,0.275,0.23200001,48220368.000000
2,258.0967,173.81894,0.275,0.23200001,48220568.000000
2,259.5944,170.82207,0.275,0.23200001,48220768.000000
1,265.0858,168.82414,0.275,0.1,48220984.000000
0,258.59595,103.3923,0.2,0.108,48601376.000000
2,257.5975,103.3923,0.25,0.18,48601568.000000
1,227.6443,216.27472,0.25,0.120000005,48601784.000000
0,170.73323,307.6795,0.2,0.076000005,33800260.000000
2,170.73323,288.1998,0.2,0.104,33800460.000000
2,177.22308,255.23413,0.2,0.128,33800672.000000
2,188.70514,216.7742,0.22500001,0.156,33800868.000000
1,246.11543,130.86368,0.22500001,0.112,33801080.000000
0,242.12167,127.866806,0.2,0.124000005,33967464.000000
2,206.17784,177.31529,0.22500001,0.18,33967660.000000
2,155.75662,247.74194,0.22500001,0.172,33967856.000000
2,136.78627,286.70135,0.2,0.15200001,33968056.000000
2,133.29173,294.69302,0.2,0.15200001,33968256.000000
2,132.79251,300.18732,0.2,0.148,33968456.000000
2,132.29329,300.6868,0.2,0.148,33968656.000000
2,131.29485,299.18835,0.2,0.148,33968856.000000
2,130.79562,296.69095,0.2,0.15200001,33969056.000000
2,129.7972,295.692,0.2,0.15200001,33969260.000000
2,129.7972,295.1925,0.2,0.156,33969456.000000
2,129.29797,293.19458,0.2,0.156,33969656.000000
2,128.79875,291.69614,0.2,0.156,33969856.000000
2,127.80031,288.69928,0.22500001,0.156,33970056.000000
2,127.30109,287.70032,0.22500001,0.16000001,33970260.000000
2,127.30109,287.20084,0.22500001,0.164,33970456.000000
2,127.30109,285.7024,0.22500001,0.164,33970656.000000
2,126.801865,284.20395,0.22500001,0.164,33970856.000000
2,126.801865,283.205,0.22500001,0.164,33971056.000000
2,126.801865,282.7055,0.22500001,0.164,33971260.000000
2,126.801865,282.20602,0.22500001,0.164,33971456.000000
2,126.801865,281.2071,0.22500001,0.164,33971856.000000
2,126.801865,280.7076,0.22500001,0.164,33972060.000000
2,126.801865,279.20917,0.22500001,0.172,33972460.000000
2,126.30265,278.7097,0.22500001,0.172,33972656.000000
2,125.80343,277.71072,0.22500001,0.128,33972864.000000
1,125.80343,277.71072,0.22500001,0.128,33973076.000000
0,190.70203,362.1228,0.2,0.080000006,81316416.000000
2,197.6911,348.13736,0.2,0.1,81316616.000000
2,203.18253,331.65454,0.22500001,0.116000004,81316816.000000
2,207.17628,315.67117,0.2,0.128,81317016.000000
2,207.6755,308.179,0.2,0.136,81317216.000000
2,210.1716,299.68784,0.2,0.14,81317416.000000
1,213.16692,297.19043,0.2,0.1,81317640.000000
0,239.62558,185.30698,0.125,0.072000004,81900808.000000
2,240.1248,184.30801,0.125,0.09200001,81901016.000000
2,252.6053,170.32259,0.175,0.18,81901216.000000
2,257.09827,155.3382,0.25,0.216,81901408.000000
2,258.59595,143.35068,0.275,0.22800002,81901616.000000
1,283.0577,128.86577,0.22500001,0.104,81901808.000000
0,208.17473,142.35172,0.2,0.116000004,81954832.000000
2,195.69423,168.32466,0.32500002,0.268,81955016.000000
2,155.2574,276.21228,0.3,0.21200001,81955216.000000
2,137.28549,335.15088,0.275,0.2,81955408.000000
2,139.28236,371.11343,0.275,0.16000001,81955608.000000
1,145.77223,404.57855,0.2,0.096,81955808.000000
0,242.6209,213.27783,0.125,0.076000005,82370400.000000
2,242.6209,211.7794,0.125,0.112,82370600.000000
2,255.60062,171.82101,0.25,0.22800002,82370800.000000
1,265.58502,144.84912,0.25,0.09200001,82371016.000000
0,196.19344,195.29657,0.25,0.104,82597424.000000
2,192.6989,179.8127,0.25,0.136,82597600.000000
1,248.11232,89.40687,0.25,0.164,82597816.000000
0,206.17784,211.27992,0.125,0.080000006,82642192.000000
2,206.67706,205.78564,0.125,0.132,82642392.000000
2,207.6755,199.2924,0.125,0.14,82642592.000000
2,209.17316,196.79501,0.125,0.148,82642792.000000
2,210.67082,188.80333,0.175,0.16000001,82642992.000000
2,214.66458,183.30905,0.22500001,0.17600001,82643192.000000
1,215.1638,181.81061,0.22500001,0.17600001,82643416.000000
0,210.1716,319.66702,0.125,0.08400001,84034232.000000
2,218.65834,244.74506,0.2,0.16000001,84034456.000000
1,233.13571,175.31738,0.275,0.148,84034656.000000
0,221.15443,208.28304,0.2,0.096,84753416.000000
2,211.17004,240.74922,0.22500001,0.156,84753616.000000
2,162.24649,360.62436,0.22500001,0.148,84753816.000000
2,161.74727,365.61914,0.22500001,0.128,84754224.000000
1,161.74727,365.61914,0.22500001,0.128,84754440.000000
0,210.67082,222.76794,0.2,0.132,85129208.000000
2,210.1716,227.26328,0.22500001,0.18800001,85129408.000000
2,207.6755,244.74506,0.22500001,0.19600001,85129608.000000
2,204.18095,257.73154,0.22500001,0.18800001,85129808.000000
2,202.6833,267.22165,0.22500001,0.17600001,85130008.000000
2,202.18408,270.21854,0.22500001,0.16800001,85130208.000000
2,202.18408,267.22165,0.22500001,0.16800001,85130408.000000
2,202.18408,266.72217,0.22500001,0.16800001,85130608.000000
2,202.18408,266.2227,0.22500001,0.16800001,85130808.000000
2,203.18253,264.22476,0.22500001,0.16800001,85131008.000000
2,204.68018,262.72632,0.22500001,0.16800001,85131208.000000
2,204.68018,261.22787,0.22500001,0.16800001,85131408.000000
2,204.68018,259.72946,0.22500001,0.16800001,85131608.000000
2,204.68018,259.22998,0.22500001,0.16800001,85131816.000000
2,204.68018,257.73154,0.22500001,0.16800001,85132208.000000
2,204.68018,257.23206,0.22500001,0.16800001,85132808.000000
2,205.1794,257.23206,0.22500001,0.16800001,85134608.000000
2,205.1794,256.73257,0.22500001,0.16800001,85135608.000000
2,205.1794,256.2331,0.22500001,0.16800001,85135808.000000
2,205.1794,255.73361,0.22500001,0.16800001,85136008.000000
2,205.1794,255.23413,0.22500001,0.16800001,85136208.000000
2,205.1794,254.73465,0.22500001,0.16800001,85136416.000000
2,205.67862,254.23517,0.22500001,0.16800001,85136608.000000
2,206.17784,253.2362,0.22500001,0.16800001,85136816.000000
2,207.6755,251.73778,0.22500001,0.16800001,85137008.000000
2,208.17473,250.73882,0.22500001,0.16800001,85137208.000000
2,208.67393,249.73985,0.22500001,0.16800001,85137408.000000
2,209.67238,247.74194,0.22500001,0.172,85137608.000000
2,209.67238,247.24246,0.22500001,0.17600001,85138408.000000
2,209.67238,246.74298,0.22500001,0.17600001,85138808.000000
2,210.1716,245.74402,0.22500001,0.18,85139008.000000
2,210.1716,245.24454,0.22500001,0.18400002,85139408.000000
2,210.67082,244.74506,0.22500001,0.18400002,85139608.000000
2,212.16849,244.74506,0.22500001,0.19600001,85140008.000000
2,212.16849,244.24557,0.22500001,0.19600001,85140208.000000
2,212.16849,243.24661,0.22500001,0.2,85140408.000000
2,212.16849,242.74715,0.22500001,0.2,85140808.000000
2,212.6677,242.74715,0.22500001,0.2,85141008.000000
2,212.6677,242.24767,0.22500001,0.2,85141808.000000
2,212.6677,241.74818,0.22500001,0.2,85142408.000000
1,211.17004,243.24661,0.2,0.096,85142640.000000
0,187.7067,330.65558,0.125,0.072000004,85366800.000000
2,187.7067,328.65765,0.125,0.124000005,85367000.000000
2,188.70514,313.17377,0.22500001,0.148,85367200.000000
2,190.2028,307.6795,0.22500001,0.156,85367400.000000
1,190.2028,303.68365,0.22500001,0.108,85367632.000000
0,180.2184,325.1613,0.125,0.080000006,85371400.000000
2,183.71294,322.16443,0.175,0.124000005,85371600.000000
2,186.20905,306.68054,0.22500001,0.14400001,85371800.000000
2,188.70514,284.70343,0.22500001,0.164,85372008.000000
1,189.20436,282.7055,0.22500001,0.16800001,85372216.000000
0,196.19344,362.1228,0.2,0.08400001,85551000.000000
2,193.69734,353.63162,0.22500001,0.136,85551200.000000
2,194.69579,335.65036,0.22500001,0.148,85551400.000000
2,195.195,325.66077,0.22500001,0.148,85551600.000000
2,195.195,315.67117,0.22500001,0.164,85551800.000000
1,198.68954,315.1717,0.2,0.080000006,85552000.000000
0,221.65366,229.76067,0.25,0.1,3993702.000000
2,246.61465,175.31738,0.25,0.18400002,3993915.000000
1,311.51324,90.905304,0.22500001,0.136,3994127.000000
0,241.62245,179.8127,0.125,0.108,4009701.000000
2,239.62558,190.30177,0.125,0.148,4009901.000000
2,233.13571,206.7846,0.175,0.15200001,4010100.000000
1,234.63338,207.78355,0.175,0.120000005,4010329.000000
0,236.13104,215.77524,0.125,0.08800001,4552908.000000
2,234.13416,214.77628,0.175,0.120000005,4553102.000000
1,271.07645,106.88866,0.22500001,0.09200001,4553313.000000
0,262.5897,95.9001,0.125,0.096,4553902.000000
2,259.09515,97.898026,0.22500001,0.18400002,4554099.000000
1,237.12947,255.23413,0.25,0.104,4554313.000000
0,225.1482,234.75546,0.2,0.080000006,4561692.000000
2,222.6521,224.76587,0.22500001,0.112,4561904.000000
1,263.08893,125.36941,0.2,0.09200001,4562105.000000
