0,296.5,214.0,0.26666668,0.6625,48934160.000000
2,297.01508,213.5,0.26666668,0.75,48934360.000000
2,297.53918,213.5,0.26666668,0.75,48934564.000000
2,298.5215,213.5,0.26666668,0.7625,48934764.000000
2,299.0157,213.5,0.26666668,0.7625,48935172.000000
1,299.5196,213.5,0.26666668,0.7625,48935576.000000
0,554.0,315.0,0.33333334,0.6375,48956316.000000
2,554.75,315.0,0.33333334,0.6625,48956520.000000
1,554.75,315.0,0.33333334,0.6625,48957324.000000
0,533.0,552.5,0.33333334,0.725,49657108.000000
2,531.0,511.72104,0.33333334,0.77500004,49657308.000000
2,547.0,389.1686,0.33333334,0.8,49657512.000000
2,490.96567,510.6373,0.33333334,0.77500004,49657712.000000
2,476.49313,567.5206,0.33333334,0.77500004,49658124.000000
2,471.5,593.8021,0.33333334,0.77500004,49658320.000000
2,471.5,598.57715,0.33333334,0.77500004,49658524.000000
2,470.95636,600.5,0.33333334,0.77500004,49658720.000000
2,469.5,604.25,0.33333334,0.7875,49658920.000000
2,469.0,605.0496,0.33333334,0.77500004,49659120.000000
2,468.0,606.54,0.33333334,0.77500004,49659324.000000
2,466.4216,608.07837,0.33333334,0.7875,49659524.000000
2,465.5,610.564,0.33333334,0.7875,49659728.000000
2,464.4601,613.53986,0.33333334,0.77500004,49659928.000000
2,464.0,614.0262,0.33333334,0.77500004,49660128.000000
2,463.0,616.0463,0.33333334,0.7875,49660332.000000
2,463.0,619.75,0.33333334,0.7875,49660532.000000
2,462.5,624.19244,0.33333334,0.77500004,49660736.000000
2,461.79156,628.20844,0.33333334,0.7625,49660936.000000
1,454.0,646.21985,0.33333334,0.65000004,49661144.000000
0,535.0,385.5,0.33333334,0.7375,49672424.000000
2,368.20944,710.0811,0.33333334,0.77500004,49672620.000000
1,367.0,713.5644,0.33333334,0.77500004,49673024.000000
0,849.5,229.5,0.33333334,0.71250004,50420748.000000
2,824.22797,295.92273,0.33333334,0.725,50420948.000000
2,790.7925,367.83,0.33333334,0.7375,50421148.000000
2,790.0,374.85544,0.33333334,0.75,50421352.000000
2,790.0,376.72278,0.33333334,0.7625,50421552.000000
2,792.1921,371.8079,0.33333334,0.7625,50421752.000000
2,797.5,358.98315,0.33333334,0.7625,50421952.000000
2,803.0,345.65698,0.33333334,0.7625,50422164.000000
2,804.6965,339.3035,0.33333334,0.77500004,50422364.000000
2,808.6965,334.8035,0.33333334,0.77500004,50422560.000000
2,810.75,333.25,0.33333334,0.77500004,50422760.000000
2,813.8973,327.60275,0.33333334,0.77500004,50422960.000000
2,818.5,319.1954,0.33333334,0.7625,50423164.000000
2,822.0,313.75,0.33333334,0.77500004,50423364.000000
2,825.0,306.53928,0.33333334,0.7625,50423968.000000
2,829.5,290.8035,0.33333334,0.7625,50424172.000000
2,830.0,288.96313,0.33333334,0.7625,50424372.000000
2,830.0,290.6013,0.33333334,0.7625,50424572.000000
2,823.5714,310.35718,0.33333334,0.77500004,50424776.000000
2,813.0174,333.7239,0.33333334,0.77500004,50424988.000000
2,800.5,358.38016,0.33333334,0.77500004,50425188.000000
2,798.78894,368.21103,0.33333334,0.7625,50425384.000000
2,797.5,378.04083,0.33333334,0.77500004,50425580.000000
2,797.5,385.86926,0.33333334,0.77500004,50425784.000000
2,797.0,387.00473,0.33333334,0.7875,50426588.000000
2,797.0,388.0186,0.33333334,0.7875,50426788.000000
2,796.0,391.33105,0.33333334,0.77500004,50426992.000000
2,794.5,400.65628,0.33333334,0.77500004,50427192.000000
2,793.25,410.25,0.33333334,0.77500004,50427796.000000
2,793.5,405.7111,0.33333334,0.77500004,50427996.000000
2,793.5,400.88382,0.33333334,0.7875,50428200.000000
1,793.5,394.36948,0.33333334,0.77500004,50428400.000000
0,921.0,234.5,0.20000002,0.65000004,29086244.000000
2,869.1299,307.6602,0.26666668,0.6875,29086444.000000
2,844.977,338.02304,0.26666668,0.71250004,29086646.000000
2,843.8169,343.5,0.26666668,0.725,29086848.000000
2,841.0,350.59995,0.26666668,0.725,29087048.000000
2,840.4793,351.0207,0.26666668,0.7375,29087250.000000
2,840.0,352.1953,0.26666668,0.725,29087452.000000
2,839.47815,353.0,0.26666668,0.7375,29087660.000000
1,805.6043,396.83917,0.26666668,0.55,29087862.000000
0,940.0,284.0,0.26666668,0.71250004,29430496.000000
2,925.59393,316.3497,0.26666668,0.725,29430696.000000
2,901.1791,347.64185,0.33333334,0.75,29430896.000000
2,894.33453,359.16547,0.33333334,0.75,29431100.000000
2,870.9728,387.52725,0.33333334,0.7375,29431300.000000
2,848.33026,414.66974,0.33333334,0.75,29431504.000000
2,849.5107,414.48932,0.33333334,0.7625,29431708.000000
2,861.20435,398.79565,0.33333334,0.7625,29431908.000000
2,908.4388,334.06122,0.33333334,0.7375,29432106.000000
1,912.022,330.5,0.33333334,0.6875,29432308.000000
0,843.5,329.5,0.33333334,0.65000004,29588420.000000
2,844.9128,327.0872,0.26666668,0.675,29588620.000000
2,905.05646,264.44354,0.33333334,0.725,29588822.000000
2,923.85913,249.64087,0.33333334,0.725,29589032.000000
2,937.0443,237.45569,0.33333334,0.7375,29589232.000000
1,943.0,230.25,0.33333334,0.7375,29589428.000000
0,837.0,311.0,0.33333334,0.575,29634548.000000
2,833.9084,314.0916,0.33333334,0.6125,29634748.000000
2,854.8246,282.23392,0.26666668,0.675,29634950.000000
2,886.03784,246.42426,0.33333334,0.71250004,29635152.000000
2,900.6188,225.88121,0.33333334,0.7,29635354.000000
2,901.9372,221.82854,0.33333334,0.6875,29635964.000000
2,852.835,279.49802,0.33333334,0.6625,29636162.000000
2,829.5,316.6793,0.33333334,0.675,29636360.000000
2,829.5,316.4931,0.33333334,0.675,29636964.000000
1,829.5,312.94296,0.33333334,0.675,29637772.000000
0,524.0,391.5,0.33333334,0.675,68889168.000000
2,521.0,395.25,0.33333334,0.6875,68889368.000000
2,447.62085,539.4561,0.26666668,0.71250004,68889568.000000
2,444.5,558.02295,0.26666668,0.7375,68889768.000000
2,444.5,559.195,0.26666668,0.7375,68889968.000000
1,444.5,559.6373,0.26666668,0.7375,68890168.000000
0,444.5,409.0,0.26666668,0.7,69947392.000000
2,432.14395,465.76324,0.26666668,0.7375,69947592.000000
2,414.5,554.2482,0.33333334,0.725,69947792.000000
2,415.43256,557.0,0.33333334,0.7625,69947992.000000
2,418.69034,555.8097,0.33333334,0.7625,69948200.000000
2,429.0,530.7092,0.33333334,0.7625,69948400.000000
2,434.06906,513.3619,0.33333334,0.7625,69948608.000000
2,438.8579,493.78415,0.33333334,0.77500004,69948808.000000
2,443.5,473.71692,0.33333334,0.77500004,69949008.000000
2,446.5,458.07867,0.33333334,0.77500004,69949200.000000
2,445.28857,456.71143,0.33333334,0.75,69949408.000000
2,428.50623,494.48755,0.33333334,0.75,69949608.000000
1,427.5,499.6008,0.33333334,0.75,69949808.000000
0,424.0,577.0,0.26666668,0.6375,70043272.000000
2,438.36603,561.134,0.33333334,0.71250004,70043472.000000
2,448.15393,551.34607,0.33333334,0.725,70043680.000000
2,455.0,540.7398,0.33333334,0.7375,70043880.000000
2,455.0,535.9882,0.33333334,0.7375,70044080.000000
1,455.0,534.45807,0.33333334,0.7375,70044288.000000
0,519.5,177.5,0.33333334,0.8125,70076512.000000
2,514.3204,183.21848,0.33333334,0.8,70076720.000000
2,455.8522,416.05063,0.33333334,0.77500004,70076920.000000
2,419.06155,560.1922,0.33333334,0.7625,70077120.000000
2,405.26898,602.46204,0.33333334,0.7625,70077320.000000
2,402.0,619.5564,0.33333334,0.75,70077520.000000
2,399.5,642.1332,0.33333334,0.7375,70077720.000000
2,399.5,652.61316,0.33333334,0.725,70077920.000000
2,399.5,657.40845,0.33333334,0.71250004,70078120.000000
2,401.1991,666.6991,0.33333334,0.71250004,70078320.000000
2,401.5,676.9936,0.33333334,0.7,70078528.000000
2,402.0091,678.0,0.33333334,0.725,70078928.000000
2,405.75,678.0,0.33333334,0.725,70079136.000000
2,414.4845,667.031,0.33333334,0.71250004,70079328.000000
2,423.46194,641.61414,0.26666668,0.71250004,70079536.000000
2,436.06955,614.3609,0.26666668,0.71250004,70079736.000000
2,452.72537,584.04926,0.26666668,0.71250004,70079936.000000
2,476.31747,540.5238,0.26666668,0.71250004,70080136.000000
2,484.47894,522.52106,0.26666668,0.6875,70080336.000000
2,460.26947,572.46106,0.26666668,0.7,70080536.000000
2,445.46472,606.60583,0.26666668,0.675,70080744.000000
2,438.13123,617.3688,0.26666668,0.675,70080944.000000
2,438.42236,620.7329,0.26666668,0.675,70081144.000000
2,487.07828,526.656,0.26666668,0.6875,70081344.000000
2,544.98846,451.76733,0.26666668,0.725,70081544.000000
2,562.07684,428.3847,0.26666668,0.7375,70081744.000000
2,573.33295,410.16705,0.26666668,0.7375,70081952.000000
2,580.90845,401.09155,0.26666668,0.725,70082152.000000
1,586.5,395.40234,0.26666668,0.7375,70082352.000000
0,534.5,344.5,0.26666668,0.7,70108944.000000
2,450.39606,540.07025,0.26666668,0.71250004,70109152.000000
2,418.5,670.343,0.26666668,0.6875,70109344.000000
1,418.5,673.25,0.26666668,0.6875,70109552.000000
0,996.5,215.0,0.26666668,0.6375,33663040.000000
2,938.759,290.40228,0.26666668,0.6875,33663244.000000
2,904.032,326.93597,0.26666668,0.6875,33663444.000000
2,896.0,340.27747,0.26666668,0.6875,33663648.000000
2,895.4276,343.5724,0.26666668,0.6875,33663848.000000
2,893.5,347.5512,0.26666668,0.6875,33664056.000000
2,884.97943,358.0206,0.26666668,0.6875,33664252.000000
2,874.6711,373.32895,0.26666668,0.6875,33664464.000000
2,863.18677,386.46982,0.26666668,0.7,33664656.000000
2,847.53174,409.46826,0.26666668,0.7,33664856.000000
2,843.5,419.25,0.26666668,0.7,33665056.000000
2,841.4644,424.53558,0.26666668,0.71250004,33665256.000000
2,841.5,424.15894,0.26666668,0.71250004,33665664.000000
2,841.5,415.5603,0.26666668,0.71250004,33665864.000000
2,848.5,398.8643,0.26666668,0.71250004,33666064.000000
2,852.0,387.86768,0.26666668,0.725,33666264.000000
2,854.5,382.1186,0.26666668,0.725,33666468.000000
2,856.5,379.12378,0.26666668,0.725,33666672.000000
2,858.5646,373.93546,0.26666668,0.725,33666880.000000
2,863.5,366.80182,0.26666668,0.725,33667072.000000
2,865.5,361.98944,0.26666668,0.725,33667280.000000
2,870.0,354.19583,0.26666668,0.725,33667480.000000
2,873.1073,348.8927,0.26666668,0.725,33667676.000000
2,874.5,345.49988,0.26666668,0.71250004,33667880.000000
1,875.0,344.86932,0.26666668,0.7,33668080.000000
0,877.0,302.0,0.20000002,0.625,34282452.000000
2,879.25,303.5,0.26666668,0.6375,34282656.000000
2,900.0821,258.2537,0.26666668,0.75,34282856.000000
2,903.0,240.10944,0.26666668,0.75,34283056.000000
2,905.0,230.28886,0.26666668,0.75,34283260.000000
2,906.6711,222.82895,0.26666668,0.75,34283460.000000
2,907.0,220.96819,0.26666668,0.75,34283668.000000
2,907.5,217.25,0.26666668,0.75,34283864.000000
2,909.0,214.95096,0.26666668,0.75,34284080.000000
2,909.5,213.43327,0.26666668,0.75,34284272.000000
1,910.0,211.42792,0.26666668,0.75,34284672.000000
0,584.5,710.0,0.33333334,0.725,67495336.000000
2,543.2075,816.4812,0.33333334,0.75,67495536.000000
2,517.86884,872.3279,0.33333334,0.7375,67495736.000000
2,507.5,901.2446,0.33333334,0.75,67495944.000000
2,511.5,879.8586,0.33333334,0.7625,67496144.000000
2,516.72003,855.8399,0.33333334,0.77500004,67496344.000000
2,519.5,840.9733,0.33333334,0.77500004,67496544.000000
2,522.0,831.1669,0.33333334,0.77500004,67496744.000000
2,525.5,821.3589,0.33333334,0.77500004,67496952.000000
2,526.0478,815.4522,0.33333334,0.77500004,67497152.000000
2,526.0,814.98114,0.33333334,0.77500004,67497360.000000
2,526.0,814.19885,0.33333334,0.77500004,67497752.000000
2,530.5,806.09546,0.33333334,0.77500004,67497952.000000
2,531.5187,804.0,0.33333334,0.77500004,67498360.000000
2,533.0,800.80554,0.33333334,0.77500004,67498560.000000
2,533.0,800.4849,0.33333334,0.77500004,67498760.000000
2,531.3795,803.24097,0.33333334,0.77500004,67498960.000000
2,509.70306,842.29694,0.33333334,0.77500004,67499168.000000
2,508.99744,844.5,0.33333334,0.7875,67499368.000000
1,508.99744,844.5,0.33333334,0.7875,67499768.000000
0,508.5,920.5,0.26666668,0.65000004,67503192.000000
2,506.5,913.1763,0.26666668,0.7375,67503400.000000
2,506.5,901.2807,0.26666668,0.7375,67503600.000000
2,506.5,895.25,0.26666668,0.7375,67503800.000000
2,506.5,894.49585,0.26666668,0.75,67504808.000000
2,506.5,892.8748,0.26666668,0.75,67505208.000000
2,506.5,890.1758,0.26666668,0.75,67506824.000000
2,506.5,888.75,0.26666668,0.75,67507024.000000
2,506.5,885.4131,0.26666668,0.75,67507224.000000
2,506.5,882.75,0.26666668,0.7375,67507424.000000
2,507.5,878.93616,0.26666668,0.7375,67507624.000000
2,508.5,875.7794,0.26666668,0.7375,67507824.000000
2,508.5,870.307,0.26666668,0.75,67508032.000000
2,508.1799,868.9603,0.26666668,0.7375,67508232.000000
2,502.4087,891.86523,0.26666668,0.7375,67508432.000000
2,495.0,922.71375,0.26666668,0.725,67508632.000000
2,495.0,922.1099,0.26666668,0.7375,67508832.000000
2,495.0,906.9354,0.26666668,0.7375,67509040.000000
2,495.0,902.9711,0.26666668,0.725,67509240.000000
2,495.0,901.98315,0.26666668,0.725,67509440.000000
2,495.0,900.98804,0.26666668,0.725,67509640.000000
2,495.0,900.4613,0.26666668,0.725,67509840.000000
2,495.0,899.4773,0.26666668,0.725,67510040.000000
1,495.0,899.4773,0.26666668,0.725,67510240.000000
0,623.0,487.5,0.33333334,0.725,67579144.000000
2,572.2456,556.8297,0.33333334,0.75,67579344.000000
2,461.63998,738.58405,0.33333334,0.725,67579544.000000
2,410.79346,876.71747,0.33333334,0.71250004,67579736.000000
2,396.5,920.1688,0.33333334,0.75,67579936.000000
2,402.43726,886.8764,0.33333334,0.7625,67580144.000000
2,413.1982,840.40533,0.33333334,0.77500004,67580344.000000
2,425.4793,799.08276,0.33333334,0.77500004,67580544.000000
2,436.2453,760.0188,0.33333334,0.77500004,67580744.000000
2,442.5,735.98553,0.33333334,0.7625,67580944.000000
1,444.0,728.25,0.33333334,0.7625,67581152.000000
0,755.5,308.0,0.26666668,0.6125,67668368.000000
2,734.08905,322.91098,0.26666668,0.7375,67668576.000000
2,724.0608,335.93924,0.26666668,0.77500004,67668776.000000
2,703.83716,369.16284,0.26666668,0.7875,67668984.000000
2,680.3641,399.27182,0.33333334,0.7875,67669184.000000
2,653.1735,450.57135,0.33333334,0.7625,67669384.000000
1,584.4134,592.2906,0.33333334,0.6125,67669584.000000
0,416.5,1040.0,0.13333334,0.575,35748620.000000
2,425.9769,1023.5462,0.26666668,0.6875,35748824.000000
2,430.5,1006.473,0.26666668,0.675,35749028.000000
2,430.5,1003.9959,0.26666668,0.675,35749424.000000
2,431.97726,1000.0227,0.26666668,0.675,35749628.000000
2,434.5,993.25,0.26666668,0.6875,35749832.000000
2,437.72968,985.0,0.26666668,0.6875,35750032.000000
2,439.0,981.4511,0.26666668,0.6875,35750236.000000
2,439.5,978.96686,0.26666668,0.7,35750436.000000
1,439.5,978.96686,0.26666668,0.7,35751040.000000
0,457.5,1047.5,0.20000002,0.625,35831816.000000
2,471.21988,1025.2802,0.26666668,0.7,35832020.000000
2,486.49066,1006.50934,0.26666668,0.7,35832220.000000
2,490.5,996.70233,0.26666668,0.71250004,35832416.000000
2,493.0,990.4787,0.26666668,0.725,35832620.000000
2,493.0,988.481,0.26666668,0.725,35832820.000000
2,495.54257,984.5,0.26666668,0.7375,35833024.000000
1,495.54257,984.5,0.26666668,0.7375,35833224.000000
0,457.5,1053.0,0.26666668,0.58750004,35835040.000000
2,483.4784,1020.027,0.26666668,0.7,35835236.000000
2,495.5,1003.6932,0.26666668,0.71250004,35835440.000000
2,495.5,1000.94855,0.26666668,0.71250004,35835640.000000
2,502.5,992.1546,0.26666668,0.7375,35835844.000000
2,506.5,979.2178,0.26666668,0.725,35836044.000000
2,506.5,977.98694,0.26666668,0.7375,35836244.000000
1,506.5,977.98694,0.26666668,0.7375,35836444.000000
0,95.0,384.5,0.33333334,0.7625,35926688.000000
2,283.67133,668.79974,0.33333334,0.77500004,35926888.000000
2,352.62155,832.1216,0.33333334,0.7625,35927092.000000
2,369.2546,867.0092,0.33333334,0.7625,35927292.000000
2,375.0,880.33264,0.33333334,0.7625,35927700.000000
2,387.63953,926.3371,0.33333334,0.77500004,35927896.000000
2,397.96436,976.3218,0.33333334,0.77500004,35928100.000000
2,400.0,999.7761,0.33333334,0.77500004,35928300.000000
2,400.0,1003.7274,0.33333334,0.7625,35929508.000000
2,400.0,1000.8685,0.33333334,0.75,35929712.000000
2,400.0,991.3583,0.26666668,0.7625,35929912.000000
2,400.0,979.3639,0.26666668,0.7625,35930112.000000
2,400.0,971.0476,0.26666668,0.75,35930316.000000
2,400.0,964.41235,0.26666668,0.7625,35930516.000000
2,399.0,958.75,0.26666668,0.7625,35930716.000000
2,396.5,953.6376,0.26666668,0.7625,35930920.000000
2,394.0,948.45514,0.26666668,0.75,35931120.000000
2,392.5,942.8247,0.26666668,0.75,35931320.000000
2,391.5,938.32117,0.26666668,0.75,35931524.000000
2,391.5,931.50574,0.26666668,0.7625,35931724.000000
2,391.0,922.6892,0.26666668,0.77500004,35931924.000000
2,389.5,913.3716,0.26666668,0.7625,35932128.000000
2,389.5,905.05634,0.26666668,0.75,35932328.000000
2,387.0,896.7368,0.26666668,0.75,35932528.000000
2,382.5,887.91766,0.26666668,0.75,35932732.000000
2,377.6003,877.10034,0.26666668,0.75,35932936.000000
2,375.5,866.46625,0.26666668,0.75,35933136.000000
2,375.5,861.14575,0.26666668,0.75,35933336.000000
2,374.44348,857.0,0.26666668,0.75,35933544.000000
2,372.0,852.0122,0.26666668,0.75,35933736.000000
2,369.0,847.09686,0.26666668,0.7625,35933940.000000
2,366.9381,842.4381,0.26666668,0.7625,35934144.000000
2,364.25,838.0,0.26666668,0.75,35934344.000000
2,361.2591,831.7591,0.26666668,0.75,35934544.000000
2,356.5,823.4663,0.26666668,0.75,35934744.000000
2,352.5,814.12317,0.26666668,0.75,35934948.000000
2,350.0,805.8056,0.26666668,0.75,35935148.000000
2,345.99033,797.9903,0.26666668,0.7625,35935364.000000
2,341.42874,789.9287,0.26666668,0.7625,35935552.000000
2,337.90796,784.40796,0.26666668,0.7625,35935752.000000
2,337.5,781.92163,0.26666668,0.7625,35935956.000000
2,336.5,782.5556,0.26666668,0.77500004,35936360.000000
2,345.1999,805.2996,0.26666668,0.77500004,35936568.000000
2,354.0,827.0503,0.33333334,0.7625,35936760.000000
2,354.0,831.00104,0.33333334,0.7625,35936964.000000
2,355.5028,831.0,0.33333334,0.7625,35937368.000000
2,355.5,830.4994,0.33333334,0.7625,35938980.000000
2,355.5,827.75,0.33333334,0.75,35939180.000000
2,350.48993,817.9899,0.33333334,0.75,35939376.000000
2,348.5,808.1729,0.33333334,0.7625,35939580.000000
2,348.5,802.8044,0.33333334,0.7625,35939784.000000
2,348.0,800.9439,0.33333334,0.7625,35939984.000000
2,348.0,799.4782,0.33333334,0.7625,35940188.000000
2,348.0,798.963,0.33333334,0.7625,35940384.000000
2,348.0,797.9564,0.33333334,0.7625,35940588.000000
2,348.0,796.95087,0.33333334,0.7625,35940792.000000
2,348.0,795.98364,0.33333334,0.7625,35941000.000000
1,348.0,795.98364,0.33333334,0.7625,35941196.000000
0,616.0,542.5,0.26666668,0.7,36758612.000000
2,617.29846,542.20154,0.26666668,0.7375,36758816.000000
2,646.6361,503.86392,0.33333334,0.7875,36759020.000000
2,659.1604,481.67917,0.33333334,0.7875,36759216.000000
2,667.9897,463.02057,0.33333334,0.7875,36759420.000000
2,666.3126,455.28107,0.33333334,0.77500004,36759824.000000
2,629.6871,503.6259,0.33333334,0.7875,36760024.000000
1,626.0,510.23087,0.33333334,0.7875,36760224.000000
0,569.5,590.5,0.20000002,0.6,36772312.000000
2,571.4614,588.5386,0.20000002,0.675,36772512.000000
2,588.6127,570.3873,0.26666668,0.71250004,36772712.000000
2,602.6416,552.3584,0.26666668,0.725,36772916.000000
2,613.4801,534.53986,0.26666668,0.7375,36773116.000000
1,619.5,525.75,0.26666668,0.6,36773320.000000
0,567.5,585.5,0.20000002,0.625,36783392.000000
2,569.0315,581.9685,0.20000002,0.71250004,36783592.000000
2,589.60406,555.39594,0.26666668,0.725,36783792.000000
2,599.4411,545.0589,0.26666668,0.725,36783992.000000
2,602.0,538.57983,0.26666668,0.725,36784196.000000
2,604.08484,534.41516,0.26666668,0.725,36784400.000000
1,606.5,529.36206,0.26666668,0.65000004,36784600.000000
0,554.5,594.5,0.26666668,0.65000004,36802524.000000
2,565.5195,574.9611,0.26666668,0.71250004,36802728.000000
2,578.34454,559.15546,0.26666668,0.725,36802928.000000
2,587.0,549.8167,0.26666668,0.725,36803136.000000
2,590.5,543.86896,0.26666668,0.725,36803336.000000
2,593.0,538.8232,0.26666668,0.7375,36803536.000000
2,597.0068,532.9932,0.26666668,0.725,36803736.000000
2,599.60724,527.89276,0.26666668,0.725,36803936.000000
1,601.0,524.7634,0.26666668,0.675,36804140.000000
0,602.5,517.5,0.20000002,0.6125,37366140.000000
2,608.7343,504.0313,0.26666668,0.625,37366340.000000
2,614.5,491.927,0.26666668,0.625,37366544.000000
2,618.05707,488.4429,0.26666668,0.6375,37366744.000000
2,622.0,482.7494,0.26666668,0.6375,37366944.000000
2,623.5,474.9147,0.26666668,0.625,37367144.000000
2,623.5,465.8035,0.26666668,0.625,37367348.000000
2,623.5,464.98035,0.26666668,0.625,37367552.000000
2,623.5,464.48877,0.26666668,0.6,37367752.000000
1,623.5,464.48877,0.26666668,0.6,37367952.000000
0,837.0,263.5,0.33333334,0.6625,79259472.000000
2,849.85,242.3,0.33333334,0.7875,79259672.000000
2,870.38666,200.67,0.33333334,0.825,79259872.000000
2,876.0,193.08589,0.33333334,0.8,79260080.000000
2,877.5936,192.0,0.33333334,0.825,79260280.000000
1,880.0,186.75,0.33333334,0.8125,79260688.000000
0,793.0,272.5,0.33333334,0.675,80101464.000000
2,820.942,251.55797,0.33333334,0.77500004,80101672.000000
1,830.0,239.75,0.33333334,0.7875,80101872.000000
0,537.0,978.5,0.20000002,0.625,64392344.000000
2,540.5325,972.95135,0.26666668,0.6625,64392552.000000
2,554.5,914.7991,0.26666668,0.6875,64392752.000000
2,554.5,904.13306,0.26666668,0.675,64392952.000000
2,554.5,902.46747,0.26666668,0.675,64393152.000000
2,554.5,901.46454,0.26666668,0.675,64393352.000000
2,554.5,899.96454,0.26666668,0.675,64393556.000000
2,554.5,896.8699,0.26666668,0.675,64393756.000000
2,554.5,890.75,0.26666668,0.675,64393960.000000
2,554.5,883.3064,0.26666668,0.675,64394160.000000
2,554.5,877.3727,0.26666668,0.6875,64394360.000000
2,555.54333,874.95667,0.26666668,0.6875,64394564.000000
2,556.0,870.7111,0.26666668,0.6875,64394764.000000
2,557.0,866.5002,0.26666668,0.6875,64394968.000000
2,557.5,863.96454,0.26666668,0.6875,64395168.000000
2,558.0,862.42194,0.26666668,0.6875,64395368.000000
2,560.0,858.8204,0.26666668,0.6875,64395568.000000
2,562.6257,856.3743,0.26666668,0.6875,64395768.000000
2,565.75,854.5,0.26666668,0.6875,64395972.000000
2,566.53253,853.0,0.26666668,0.675,64396172.000000
2,568.75,852.5,0.26666668,0.6875,64396376.000000
2,571.57806,852.5,0.26666668,0.6875,64396576.000000
2,573.0,850.9844,0.26666668,0.6875,64396780.000000
2,573.0,850.4851,0.26666668,0.6875,64396980.000000
2,573.0,847.9443,0.26666668,0.6875,64397180.000000
2,573.0,846.95667,0.26666668,0.6875,64397384.000000
2,573.0,845.94476,0.26666668,0.6875,64397584.000000
2,573.0,844.43494,0.26666668,0.675,64397784.000000
2,572.2844,844.7156,0.26666668,0.675,64397992.000000
2,570.92004,846.07996,0.26666668,0.6875,64398192.000000
2,545.8868,902.83966,0.26666668,0.675,64398388.000000
2,533.5,940.4071,0.26666668,0.6875,64398792.000000
2,537.5,920.75586,0.26666668,0.6875,64398992.000000
2,539.0,907.60596,0.26666668,0.6875,64399196.000000
2,539.0,903.4878,0.26666668,0.6875,64399396.000000
2,539.0,902.4369,0.26666668,0.6875,64399600.000000
1,539.0,902.4369,0.26666668,0.6875,64399800.000000
0,603.5,413.5,0.26666668,0.71250004,65891024.000000
2,498.67764,561.2039,0.33333334,0.7,65891228.000000
2,461.22464,620.163,0.33333334,0.71250004,65891424.000000
2,452.5,632.69604,0.33333334,0.7375,65891628.000000
2,463.25,614.5,0.33333334,0.75,65891824.000000
1,474.5,589.75,0.33333334,0.7,65892024.000000
0,451.0,1021.5,0.26666668,0.6,80885480.000000
2,453.49286,1014.5214,0.33333334,0.65000004,80885680.000000
2,461.0,986.8803,0.26666668,0.675,80885880.000000
2,461.0,974.37317,0.26666668,0.6875,80886080.000000
2,461.0,964.55475,0.26666668,0.6875,80886280.000000
2,463.75763,954.7424,0.26666668,0.6875,80886488.000000
2,470.0756,943.3488,0.26666668,0.6875,80886688.000000
2,473.8939,931.60614,0.26666668,0.6875,80886888.000000
2,481.2132,913.5736,0.26666668,0.71250004,80887088.000000
2,491.03168,894.93665,0.26666668,0.71250004,80887296.000000
2,501.59738,864.2078,0.26666668,0.725,80887496.000000
2,510.47833,844.52167,0.26666668,0.725,80887696.000000
2,519.7911,829.4178,0.26666668,0.7375,80887896.000000
2,529.61456,810.2709,0.26666668,0.7375,80888096.000000
2,538.4234,794.0766,0.26666668,0.75,80888296.000000
2,542.7748,786.7252,0.26666668,0.75,80888496.000000
2,548.5388,776.9612,0.26666668,0.7375,80888704.000000
2,554.0,767.0873,0.26666668,0.75,80888904.000000
2,559.5,756.10315,0.26666668,0.7625,80889104.000000
2,564.0,744.9542,0.26666668,0.7625,80889304.000000
1,565.5,742.95056,0.26666668,0.675,80889520.000000
0,515.5,923.0,0.20000002,0.575,80960208.000000
2,527.81714,897.5243,0.26666668,0.58750004,80960416.000000
2,538.5,883.1416,0.26666668,0.6,80960616.000000
2,547.17847,873.32153,0.26666668,0.58750004,80960816.000000
2,551.0,863.5122,0.26666668,0.58750004,80961016.000000
2,555.5,850.1972,0.26666668,0.58750004,80961216.000000
2,559.1122,837.8878,0.26666668,0.58750004,80961416.000000
2,561.0,828.05084,0.26666668,0.58750004,80961624.000000
2,562.1336,823.8664,0.26666668,0.58750004,80961824.000000
2,563.0,820.96265,0.26666668,0.58750004,80962024.000000
2,567.0752,816.4248,0.26666668,0.58750004,80962424.000000
2,570.0,809.95746,0.26666668,0.58750004,80962624.000000
2,571.0,804.3173,0.26666668,0.575,80962832.000000
2,579.0,795.8213,0.26666668,0.58750004,80963032.000000
2,587.49774,786.50226,0.26666668,0.58750004,80963240.000000
2,592.63794,776.36206,0.26666668,0.58750004,80963432.000000
2,593.383,772.5,0.26666668,0.6,80963632.000000
2,594.5,767.4127,0.26666668,0.58750004,80963840.000000
2,596.0,764.4023,0.26666668,0.58750004,80964040.000000
2,596.5,761.92145,0.26666668,0.58750004,80964240.000000
2,596.5,758.983,0.26666668,0.6,80964640.000000
2,597.0049,758.4951,0.26666668,0.6,80964840.000000
2,599.63,756.5,0.26666668,0.58750004,80965048.000000
2,602.0,753.40186,0.26666668,0.58750004,80965248.000000
2,603.97485,752.0,0.26666668,0.58750004,80965448.000000
2,605.0623,750.0,0.26666668,0.58750004,80965648.000000
2,607.5,743.7328,0.26666668,0.58750004,80965856.000000
2,611.0,734.9022,0.26666668,0.6,80966064.000000
2,613.0,730.59924,0.26666668,0.58750004,80966256.000000
2,615.0,726.07416,0.26666668,0.58750004,80966456.000000
2,615.549,724.5,0.26666668,0.6,80966656.000000
2,617.3566,722.6434,0.26666668,0.58750004,80966856.000000
2,619.0,719.3191,0.26666668,0.58750004,80967056.000000
2,619.0,718.47,0.26666668,0.58750004,80967264.000000
2,619.56506,716.93494,0.26666668,0.58750004,80967464.000000
2,620.0,714.48944,0.26666668,0.58750004,80967664.000000
2,620.0,710.25,0.26666668,0.58750004,80967864.000000
2,620.0,706.25,0.26666668,0.58750004,80968064.000000
2,620.0,701.402,0.26666668,0.58750004,80968264.000000
2,620.0,698.2503,0.26666668,0.58750004,80968472.000000
2,620.0,695.75,0.26666668,0.58750004,80968672.000000
2,620.50574,695.5,0.26666668,0.575,80969072.000000
1,621.00934,695.5,0.26666668,0.575,80969272.000000
0,532.5,895.0,0.33333334,0.58750004,80973304.000000
2,545.66156,866.1769,0.26666668,0.575,80973512.000000
2,551.5,855.5716,0.26666668,0.58750004,80973704.000000
2,557.0,838.0758,0.26666668,0.58750004,80973904.000000
2,562.49567,822.00433,0.26666668,0.58750004,80974112.000000
2,566.2659,809.2341,0.26666668,0.58750004,80974312.000000
2,576.54456,789.9109,0.26666668,0.58750004,80974520.000000
2,588.6402,766.71954,0.26666668,0.6,80974720.000000
2,598.417,756.583,0.26666668,0.58750004,80974920.000000
2,602.6956,747.3044,0.26666668,0.58750004,80975120.000000
2,604.97064,738.02936,0.26666668,0.6,80975320.000000
2,607.0,731.90247,0.26666668,0.6,80975520.000000
2,609.0,724.9766,0.26666668,0.58750004,80975720.000000
2,611.0,717.1973,0.26666668,0.6,80975920.000000
2,613.5,707.42065,0.26666668,0.58750004,80976120.000000
2,613.5,699.8839,0.26666668,0.58750004,80976328.000000
2,613.5,697.4512,0.26666668,0.58750004,80976528.000000
2,613.5,696.4023,0.26666668,0.58750004,80976728.000000
2,613.5,694.474,0.26666668,0.6,80976936.000000
2,613.5,692.3044,0.26666668,0.6,80977128.000000
2,613.5,688.9349,0.26666668,0.58750004,80977336.000000
2,614.0085,689.0,0.26666668,0.58750004,80977736.000000
2,615.38055,689.0,0.26666668,0.58750004,80977936.000000
2,617.0412,689.0,0.26666668,0.58750004,80978136.000000
2,617.52606,689.0,0.26666668,0.58750004,80978336.000000
2,619.71765,688.28235,0.26666668,0.6,80978544.000000
2,624.5,685.09515,0.26666668,0.6,80978744.000000
2,626.03375,683.46625,0.26666668,0.6,80978944.000000
2,628.5,680.45654,0.26666668,0.6,80979144.000000
2,629.0176,679.0,0.26666668,0.6,80979344.000000
2,630.0,677.96094,0.26666668,0.58750004,80979552.000000
2,630.0,677.4942,0.26666668,0.58750004,80979752.000000
2,631.0,676.25,0.26666668,0.6,80979968.000000
2,632.25,674.25,0.26666668,0.58750004,80980152.000000
2,632.5,672.9242,0.26666668,0.58750004,80980352.000000
1,633.0177,672.5,0.26666668,0.5625,80980560.000000
0,655.0,341.5,0.26666668,0.6875,82807360.000000
2,624.2943,381.30856,0.33333334,0.7375,82807568.000000
2,560.2,492.2499,0.33333334,0.75,82807768.000000
2,554.5,509.9797,0.33333334,0.75,82807968.000000
2,554.5,511.2061,0.33333334,0.7625,82808576.000000
2,554.5,510.75,0.33333334,0.7625,82808776.000000
2,561.9418,499.11642,0.33333334,0.77500004,82808976.000000
2,579.0298,466.70532,0.33333334,0.77500004,82809376.000000
2,582.5,458.99335,0.33333334,0.77500004,82809784.000000
1,582.5,458.99335,0.33333334,0.77500004,82810808.000000
0,724.5,236.5,0.33333334,0.6,83227552.000000
2,721.9029,235.40288,0.26666668,0.625,83227760.000000
2,745.0,55.190098,0.26666668,0.625,83227960.000000
1,745.0,40.83982,0.26666668,0.6375,83228160.000000
0,582.0,277.0,0.33333334,0.6875,55280284.000000
2,568.10284,379.7359,0.33333334,0.6875,55280476.000000
2,556.5,533.6907,0.33333334,0.6625,55280672.000000
2,556.5,544.0582,0.33333334,0.675,55280872.000000
1,556.5,544.6307,0.33333334,0.675,55281476.000000
