0,389.4591,1124.1218,0.05294118,1.0,41704740.000000
2,389.4591,1122.7657,0.060784318,1.0,41704776.000000
1,389.4591,1122.7657,0.060784318,1.0,41704840.000000
0,679.0569,626.51056,0.029411767,1.0,42082188.000000
2,679.0569,625.13416,0.027450982,1.0,42082208.000000
2,677.8364,616.6296,0.033333335,1.0,42082224.000000
2,676.41345,606.70215,0.029411767,1.0,42082248.000000
2,676.06104,593.766,0.03137255,1.0,42082268.000000
2,676.06104,571.52826,0.039215688,1.0,42082288.000000
2,675.06244,530.2398,0.04509804,1.0,42082308.000000
2,675.06244,517.552,0.043137256,1.0,42082328.000000
2,675.06244,508.33344,0.04509804,1.0,42082340.000000
2,676.31757,497.6982,0.04509804,1.0,42082356.000000
2,678.1057,483.14746,0.04117647,1.0,42082376.000000
2,682.5336,465.7097,0.039215688,1.0,42082388.000000
2,685.7721,445.84534,0.05294118,1.0,42082408.000000
2,690.7824,430.32578,0.023529414,1.0,42082424.000000
2,693.0375,420.17172,0.027450982,1.0,42082440.000000
1,693.0375,420.17172,0.027450982,1.0,42082484.000000
0,689.043,624.5121,0.023529414,1.0,42094060.000000
2,684.0499,611.33704,0.03529412,1.0,42094256.000000
2,683.05133,575.4918,0.03529412,1.0,42094464.000000
2,681.0541,549.9102,0.043137256,1.0,42094660.000000
2,681.0541,525.78174,0.039215688,1.0,42094864.000000
2,681.0541,504.78375,0.043137256,1.0,42095056.000000
2,684.0499,484.53656,0.04705883,1.0,42095264.000000
2,686.0472,467.30487,0.04509804,1.0,42095464.000000
2,692.6682,451.20215,0.03137255,1.0,42095668.000000
1,694.2882,444.39026,0.029411767,1.0,42095856.000000
0,650.0971,575.55035,0.037254903,1.0,43311600.000000
2,641.11383,552.5895,0.04509804,1.0,43311800.000000
1,681.0459,366.7217,0.04509804,1.0,43312008.000000
0,630.1248,757.40826,0.033333335,1.0,57311876.000000
2,637.092,809.275,0.04117647,1.0,57312072.000000
2,639.11237,855.54614,0.043137256,1.0,57312272.000000
2,642.1082,877.43695,0.037254903,1.0,57312472.000000
2,642.1082,896.10516,0.03137255,1.0,57312672.000000
2,643.1068,909.6342,0.037254903,1.0,57312872.000000
2,645.10406,921.90564,0.039215688,1.0,57313072.000000
2,647.10126,931.50183,0.039215688,1.0,57313272.000000
2,648.09985,941.313,0.04117647,1.0,57313472.000000
1,648.09985,946.40436,0.03529412,1.0,57313680.000000
0,418.41888,226.8228,0.03529412,1.0,48986700.000000
2,418.41888,224.66696,0.058823533,1.0,48986812.000000
2,419.51773,224.82436,0.05294118,1.0,48986832.000000
1,419.51773,224.82436,0.05294118,1.0,48986852.000000
0,449.3759,624.5121,0.049019612,1.0,48999188.000000
2,449.3759,621.71277,0.05686275,1.0,48999244.000000
2,449.3759,621.0149,0.058823533,1.0,48999264.000000
1,449.3759,621.0149,0.058823533,1.0,48999312.000000
0,679.0569,675.4723,0.027450982,1.0,49482188.000000
2,677.01697,674.4731,0.027450982,1.0,49482216.000000
2,672.6554,669.1266,0.029411767,1.0,49482236.000000
2,661.0819,629.00854,0.033333335,1.0,49482268.000000
2,663.51154,593.47363,0.03529412,1.0,49482284.000000
2,668.0642,544.62213,0.04117647,1.0,49482304.000000
2,676.47626,502.94385,0.04705883,1.0,49482320.000000
2,682.552,478.6261,0.03529412,1.0,49482336.000000
1,682.552,478.6261,0.03529412,1.0,49482368.000000
0,617.1429,638.50116,0.037254903,1.0,49895068.000000
2,615.75824,606.6349,0.037254903,1.0,49895088.000000
2,614.33044,562.7037,0.043137256,1.0,49895108.000000
2,616.6485,522.5235,0.04509804,1.0,49895128.000000
2,625.1835,485.13818,0.043137256,1.0,49895156.000000
1,637.01276,449.9561,0.060784318,1.0,49895172.000000
0,636.1165,448.6495,0.04117647,1.0,49989964.000000
2,634.9044,449.86234,0.05294118,1.0,49989984.000000
2,630.6168,456.40445,0.039215688,1.0,49990012.000000
2,621.6391,482.6147,0.03529412,1.0,49990028.000000
2,620.2217,501.61133,0.039215688,1.0,49990044.000000
2,617.42145,522.99915,0.037254903,1.0,49990064.000000
2,617.1429,546.9129,0.043137256,1.0,49990084.000000
2,618.3586,573.6825,0.04705883,1.0,49990108.000000
2,617.0552,620.83246,0.037254903,1.0,49990128.000000
2,616.1443,641.9295,0.03529412,1.0,49990144.000000
2,619.0303,660.08124,0.027450982,1.0,49990164.000000
2,623.2823,675.68134,0.04705883,1.0,49990188.000000
2,629.5781,682.0565,0.04705883,1.0,49990208.000000
1,635.0645,679.9955,0.003921569,1.0,49990240.000000
0,655.09015,665.4801,0.039215688,1.0,50003416.000000
2,653.99493,664.3842,0.033333335,1.0,50003436.000000
2,654.09155,662.9869,0.03529412,1.0,50003456.000000
2,651.7469,655.44434,0.049019612,1.0,50003480.000000
2,650.3106,650.34705,0.04117647,1.0,50003496.000000
2,648.8722,643.3642,0.04117647,1.0,50003516.000000
2,647.4526,636.6136,0.037254903,1.0,50003536.000000
2,648.1743,629.1357,0.04705883,1.0,50003560.000000
2,649.00995,611.7437,0.039215688,1.0,50003580.000000
2,650.47144,603.2796,0.043137256,1.0,50003596.000000
2,650.9092,598.09314,0.043137256,1.0,50003616.000000
2,651.0957,592.5509,0.043137256,1.0,50003644.000000
2,652.0943,584.275,0.050980397,1.0,50003660.000000
2,652.62305,578.4303,0.050980397,1.0,50003676.000000
2,653.09296,573.66907,0.05294118,1.0,50003696.000000
2,653.09296,569.0042,0.05294118,1.0,50003716.000000
2,653.09296,564.083,0.050980397,1.0,50003744.000000
2,653.09296,555.81506,0.050980397,1.0,50003760.000000
2,653.09296,553.45166,0.04705883,1.0,50003776.000000
2,653.09296,552.0687,0.04705883,1.0,50003796.000000
2,653.09296,548.5863,0.04509804,1.0,50003816.000000
2,653.09296,547.1488,0.04509804,1.0,50003840.000000
2,653.09296,544.302,0.049019612,1.0,50003860.000000
2,653.09296,542.85956,0.04705883,1.0,50003876.000000
2,653.09296,541.44037,0.04705883,1.0,50003896.000000
2,653.09296,540.46796,0.04705883,1.0,50003944.000000
2,653.09296,538.7234,0.050980397,1.0,50003960.000000
2,653.09296,536.017,0.050980397,1.0,50003976.000000
2,654.2598,534.41394,0.04509804,1.0,50004016.000000
2,655.09015,532.98096,0.043137256,1.0,50004040.000000
2,655.09015,530.1358,0.049019612,1.0,50004064.000000
2,655.98517,526.8998,0.05294118,1.0,50004088.000000
2,657.41284,523.93884,0.037254903,1.0,50004100.000000
2,658.8427,521.07733,0.04509804,1.0,50004116.000000
2,659.2728,518.2182,0.03529412,1.0,50004152.000000
2,662.1285,512.5034,0.04705883,1.0,50004168.000000
2,662.5593,509.16364,0.049019612,1.0,50004184.000000
2,663.9786,505.80334,0.049019612,1.0,50004200.000000
2,665.0763,503.26596,0.04705883,1.0,50004232.000000
2,666.0749,499.4115,0.058823533,1.0,50004264.000000
2,667.1395,494.4815,0.060784318,1.0,50004288.000000
2,667.07355,491.5989,0.04705883,1.0,50004308.000000
2,667.9653,487.93982,0.04509804,1.0,50004328.000000
2,668.07214,484.8346,0.04509804,1.0,50004352.000000
2,668.07214,483.3964,0.04509804,1.0,50004384.000000
2,668.07214,481.53336,0.04509804,1.0,50004396.000000
2,668.07214,480.10336,0.043137256,1.0,50004420.000000
2,668.07214,477.37262,0.04509804,1.0,50004476.000000
2,668.07214,475.9504,0.04509804,1.0,50004496.000000
2,668.07214,474.52643,0.04705883,1.0,50004516.000000
2,670.4651,472.23474,0.04117647,1.0,50004556.000000
2,670.06934,470.79834,0.04117647,1.0,50004576.000000
2,670.06934,470.13272,0.04117647,1.0,50004596.000000
2,670.06934,468.64658,0.04117647,1.0,50004656.000000
2,670.06934,468.13428,0.04117647,1.0,50004676.000000
2,671.1396,467.56305,0.043137256,1.0,50004756.000000
2,671.068,466.2876,0.04509804,1.0,50004804.000000
2,671.068,465.56113,0.04509804,1.0,50004816.000000
2,671.068,464.6325,0.04509804,1.0,50004896.000000
2,671.068,463.61493,0.04705883,1.0,50005136.000000
2,671.068,462.29745,0.04705883,1.0,50005304.000000
2,671.068,461.13974,0.04705883,1.0,50005320.000000
2,672.1005,460.60617,0.04509804,1.0,50005356.000000
2,672.0666,459.1413,0.049019612,1.0,50005376.000000
2,672.0666,458.5041,0.049019612,1.0,50005396.000000
2,673.904,456.8032,0.04705883,1.0,50005416.000000
2,674.06384,455.3712,0.04705883,1.0,50005436.000000
2,675.06244,454.08157,0.04705883,1.0,50005484.000000
2,675.06244,453.146,0.049019612,1.0,50005500.000000
2,676.06104,450.7855,0.049019612,1.0,50005568.000000
2,676.06104,450.3069,0.04705883,1.0,50005580.000000
2,676.06104,449.64328,0.04705883,1.0,50005616.000000
2,676.06104,448.30396,0.04705883,1.0,50005656.000000
2,677.09393,446.58237,0.05686275,1.0,50005696.000000
2,677.05963,445.0502,0.058823533,1.0,50005720.000000
2,677.05963,443.62122,0.05686275,1.0,50005736.000000
2,677.05963,442.18964,0.060784318,1.0,50005764.000000
2,677.05963,440.15613,0.058823533,1.0,50005780.000000
2,678.1224,438.59317,0.058823533,1.0,50005864.000000
2,679.0569,435.3164,0.05686275,1.0,50005896.000000
2,679.0569,433.1163,0.043137256,1.0,50005916.000000
2,679.0569,430.25015,0.04117647,1.0,50005936.000000
2,679.0569,428.38235,0.04509804,1.0,50005964.000000
2,681.55334,422.6698,0.043137256,1.0,50005984.000000
2,682.05273,420.72888,0.04705883,1.0,50006000.000000
2,683.42694,417.92126,0.037254903,1.0,50006016.000000
2,684.85785,416.05695,0.04705883,1.0,50006048.000000
2,687.8162,413.39117,0.027450982,1.0,50006056.000000
2,691.53955,407.1819,0.04509804,1.0,50006076.000000
1,691.53955,407.1819,0.04509804,1.0,50006116.000000
0,393.45355,680.4684,0.049019612,1.0,50170692.000000
2,393.45355,678.10956,0.054901965,1.0,50170736.000000
2,393.45355,677.3102,0.05686275,1.0,50170772.000000
1,393.45355,677.3102,0.05686275,1.0,50170816.000000
0,537.25385,487.61905,0.04509804,1.0,6008242.000000
2,537.25385,493.11978,0.060784318,1.0,6008448.000000
2,542.2469,545.2047,0.060784318,1.0,6008671.000000
2,540.2665,552.5683,0.05686275,1.0,6008838.000000
2,537.19855,553.5675,0.0627451,1.0,6009046.000000
1,537.19855,553.5675,0.0627451,1.0,6009246.000000
0,538.25244,492.61514,0.07450981,1.0,6092740.000000
2,540.2497,496.4534,0.078431375,1.0,6092943.000000
2,517.1886,632.8778,0.078431375,1.0,6093138.000000
1,519.77814,643.49725,0.07450981,1.0,6093340.000000
0,438.39114,396.6901,0.054901965,1.0,6304062.000000
1,438.39114,396.6901,0.054901965,1.0,6304276.000000
1,434.39667,395.69086,0.07058824,1.0,6304455.000000
0,444.3828,383.70023,0.05686275,1.0,6306468.000000
2,444.3828,384.73206,0.07647059,1.0,6306861.000000
2,445.4044,385.69867,0.0882353,1.0,6307266.000000
1,445.4044,385.69867,0.0882353,1.0,6307687.000000
0,35.95007,416.67447,0.092156865,1.0,49453888.000000
2,59.41748,669.477,0.21568629,1.0,49453928.000000
2,42.69697,969.8895,0.18235295,1.0,49453940.000000
2,29.958391,1051.6783,0.13137256,1.0,49453960.000000
1,29.958391,1051.6783,0.13137256,1.0,49453984.000000
