0,226.0,445.0,0.10980393,0.05,58774968.000000
2,222.79167,462.1111,0.10980393,0.075,58775128.000000
2,225.0,513.4361,0.10980393,0.05,58775288.000000
2,220.0,551.8682,0.10980393,0.0625,58775448.000000
2,220.0,578.02594,0.10980393,0.075,58775612.000000
2,221.0,609.3863,0.10980393,0.05,58775772.000000
1,223.0,619.40814,0.058823533,0.025,58775936.000000
0,251.0,678.0,0.10588236,0.0625,58971600.000000
2,253.0,662.2799,0.10588236,0.0625,58971912.000000
2,253.0,644.9197,0.10588236,0.075,58972072.000000
2,253.0,638.82074,0.10588236,0.075,58972232.000000
2,254.0,633.7026,0.10588236,0.05,58972400.000000
2,254.0,628.8036,0.10588236,0.05,58972560.000000
2,255.0,623.8565,0.10588236,0.05,58972716.000000
2,255.0,618.7041,0.10588236,0.0625,58972884.000000
2,255.0,612.5,0.10588236,0.0625,58973044.000000
2,256.0,607.5,0.10588236,0.075,58973204.000000
2,256.0,599.3141,0.10588236,0.075,58973364.000000
2,257.0,593.7131,0.10588236,0.075,58973524.000000
2,257.0,589.8012,0.10588236,0.075,58973688.000000
2,257.0,584.8508,0.10588236,0.05,58973848.000000
2,258.0,580.98883,0.10588236,0.05,58974016.000000
2,258.0,576.8808,0.10588236,0.05,58974172.000000
2,259.0,572.8506,0.10588236,0.0625,58974332.000000
2,260.0,568.70905,0.10588236,0.075,58974492.000000
2,262.5,560.5,0.10588236,0.075,58974656.000000
2,263.0,552.82166,0.10588236,0.075,58974816.000000
2,263.0,547.5623,0.10588236,0.075,58974980.000000
2,263.0,543.8504,0.10588236,0.05,58975136.000000
2,264.0,539.88104,0.10588236,0.05,58975304.000000
2,264.0,536.8817,0.10588236,0.05,58975464.000000
1,264.0,535.9825,0.10588236,0.05,58975648.000000
0,365.0,489.0,0.08235294,0.05,59001776.000000
2,359.99506,476.98813,0.1254902,0.075,59001940.000000
2,358.0,469.99484,0.1254902,0.0625,59002104.000000
2,357.0,457.93433,0.1254902,0.0625,59002264.000000
2,357.0,448.18497,0.1254902,0.05,59002432.000000
2,357.0,440.5,0.1254902,0.075,59002584.000000
2,356.0,434.70215,0.1254902,0.075,59002748.000000
2,357.0,427.70316,0.1254902,0.075,59002912.000000
2,357.0,421.70117,0.1254902,0.075,59003072.000000
2,357.0,416.871,0.1254902,0.0625,59003232.000000
2,357.0,412.8534,0.1254902,0.0625,59003400.000000
2,355.69928,407.69928,0.1254902,0.05,59003556.000000
2,354.7012,403.7012,0.1254902,0.05,59003720.000000
1,355.0,399.87933,0.1254902,0.05,59003880.000000
0,353.0,336.0,0.15294118,0.075,59012084.000000
2,350.0,373.2858,0.15294118,0.075,59012232.000000
2,351.22632,452.5842,0.15294118,0.075,59012392.000000
2,358.5,515.0,0.15294118,0.05,59012556.000000
2,364.0,561.33466,0.15294118,0.0875,59012728.000000
2,366.0,597.9331,0.15294118,0.075,59012880.000000
1,360.6305,625.10846,0.08235294,0.0125,59013048.000000
0,346.0,323.0,0.16862746,0.075,59013508.000000
2,335.57175,383.5696,0.16862746,0.0875,59013668.000000
2,337.0,462.3346,0.16862746,0.1,59013828.000000
2,343.2252,535.3512,0.16862746,0.075,59014008.000000
2,338.17133,618.1434,0.16862746,0.075,59014152.000000
1,335.0,640.0,0.078431375,0.0125,59014312.000000
0,320.0,632.0,0.10588236,0.05,59019840.000000
2,314.4008,599.0039,0.16078432,0.0875,59020164.000000
2,314.00885,523.97345,0.16078432,0.0875,59020312.000000
2,318.0,503.88116,0.16078432,0.1,59020476.000000
2,318.0,502.0,0.16078432,0.0875,59020636.000000
2,318.0,499.80118,0.16078432,0.0875,59020800.000000
2,324.1547,442.83984,0.16078432,0.1,59020968.000000
1,390.75952,276.77054,0.07058824,0.0375,59021120.000000
0,333.0,575.0,0.13333334,0.075,59026296.000000
2,331.0,490.6575,0.18039216,0.0875,59026440.000000
2,337.15817,414.73456,0.18039216,0.0875,59026604.000000
1,390.5,281.0,0.09019608,0.05,59026764.000000
0,324.0,340.0,0.21568629,0.1,59033352.000000
2,322.0248,559.14886,0.17254902,0.0875,59033480.000000
1,331.1705,611.5115,0.09411766,0.05,59033636.000000
0,306.0,416.0,0.18431373,0.075,59034280.000000
2,303.98474,447.23636,0.18431373,0.0875,59034456.000000
2,318.82773,592.48315,0.18431373,0.0875,59034608.000000
1,329.0,632.5,0.050980397,0.0125,59034768.000000
0,300.0,378.0,0.20784315,0.0875,59035744.000000
2,299.942,497.652,0.20784315,0.0875,59035904.000000
2,323.74908,634.24725,0.16078432,0.075,59036072.000000
1,330.0,679.4984,0.16078432,0.1,59036224.000000
0,296.0,390.0,0.20784315,0.1,59037520.000000
2,294.998,407.0345,0.20784315,0.112500004,59037680.000000
2,300.0,524.6695,0.20784315,0.0625,59037844.000000
2,310.0653,604.3265,0.16470589,0.0875,59038000.000000
2,316.09613,636.0961,0.16470589,0.0875,59038164.000000
2,317.0,640.0995,0.16470589,0.0875,59038328.000000
2,316.0,640.086,0.16470589,0.075,59038484.000000
1,364.0,299.0,0.054901965,0.025,59038648.000000
0,403.0,245.0,0.19215688,0.0875,59099648.000000
2,387.663,283.23203,0.19215688,0.1,59099808.000000
2,377.0,371.7702,0.19215688,0.0875,59099976.000000
2,378.0,414.57257,0.19215688,0.1,59100132.000000
2,378.0,417.19812,0.19215688,0.1,59100284.000000
2,379.0,445.5,0.19215688,0.0875,59100440.000000
1,378.0,448.089,0.19215688,0.0875,59100612.000000
0,391.0,265.0,0.19215688,0.0875,59100816.000000
2,377.61963,315.5976,0.19215688,0.112500004,59100960.000000
2,369.0,406.35507,0.19215688,0.1,59101096.000000
1,375.0,459.32297,0.07450981,0.025,59101260.000000
0,374.0,379.0,0.13725491,0.0625,59104204.000000
2,375.0,342.94855,0.18039216,0.0875,59104376.000000
2,381.0,304.0,0.18039216,0.1,59104552.000000
1,388.5,275.5,0.08235294,0.05,59104720.000000
0,358.0,390.0,0.16862746,0.0875,59161968.000000
2,359.7309,361.84497,0.16862746,0.075,59162128.000000
1,400.09793,200.96967,0.07058824,0.0375,59162312.000000
0,405.0,324.0,0.14509805,0.0625,59278232.000000
2,403.0,306.96924,0.19215688,0.1,59278376.000000
2,414.6433,247.07005,0.19215688,0.1,59278540.000000
1,438.5,202.0,0.054901965,0.025,59278708.000000
0,301.0,367.0,0.18431373,0.1,59442044.000000
2,301.0,379.02396,0.18431373,0.112500004,59442216.000000
2,305.11725,504.407,0.18431373,0.075,59442368.000000
1,309.975,574.07495,0.058823533,0.0375,59442588.000000
0,342.0,550.0,0.1764706,0.0875,59447036.000000
2,344.11447,534.65656,0.1764706,0.1,59447200.000000
2,344.0,530.83844,0.1764706,0.1,59447360.000000
2,343.0,530.0,0.1764706,0.0875,59447532.000000
2,341.0,532.29663,0.1764706,0.0875,59447804.000000
2,326.26895,631.78973,0.1764706,0.1,59447912.000000
2,323.79935,640.602,0.1764706,0.0875,59448112.000000
2,304.10306,706.8969,0.1764706,0.075,59448192.000000
2,301.8981,712.1019,0.1764706,0.075,59448352.000000
2,300.9406,714.0594,0.1764706,0.075,59448520.000000
1,300.9406,714.0594,0.1764706,0.075,59448824.000000
0,309.0,386.0,0.18431373,0.0875,59454408.000000
2,305.28275,416.02084,0.18431373,0.0875,59454572.000000
2,303.0,491.09567,0.18431373,0.075,59454720.000000
2,303.0,545.0,0.18431373,0.0875,59454880.000000
2,304.28726,554.2873,0.18431373,0.075,59455056.000000
2,304.0,561.29987,0.18431373,0.075,59455204.000000
2,303.0,568.4292,0.18431373,0.075,59455372.000000
2,305.7962,586.5924,0.18431373,0.075,59455540.000000
2,303.0,629.0,0.18431373,0.075,59455692.000000
1,302.0,633.5,0.050980397,0.0125,59455856.000000
0,363.0,681.0,0.14509805,0.075,59517536.000000
2,358.63992,650.1195,0.18823531,0.0875,59517704.000000
2,354.0,623.3353,0.18823531,0.1,59517860.000000
2,349.23523,602.47046,0.18823531,0.1,59518024.000000
2,345.90097,591.901,0.18823531,0.112500004,59518200.000000
2,341.0,548.6524,0.18823531,0.112500004,59518356.000000
2,340.0,529.45825,0.18823531,0.112500004,59518508.000000
2,340.0,517.7926,0.18823531,0.1,59518672.000000
1,341.0,513.80133,0.07450981,0.0125,59518828.000000
0,375.0,366.0,0.16862746,0.1,59631328.000000
2,375.63214,347.31085,0.16862746,0.1,59631500.000000
2,388.38464,296.2307,0.21176472,0.112500004,59631656.000000
1,398.5,280.5,0.1137255,0.05,59631812.000000
0,344.0,568.0,0.07058824,0.0375,49029572.000000
2,341.97147,553.8003,0.07058824,0.05,49029732.000000
2,341.0,536.53,0.07058824,0.05,49029896.000000
2,338.0,502.03336,0.07058824,0.05,49030056.000000
2,338.0,496.88568,0.07058824,0.05,49030216.000000
2,336.0,476.9485,0.07058824,0.05,49030384.000000
2,336.0,456.82104,0.1137255,0.05,49030552.000000
2,337.0,439.65646,0.1137255,0.0625,49030704.000000
2,338.0,416.13235,0.1137255,0.05,49030868.000000
2,339.0,407.7832,0.1137255,0.05,49031032.000000
2,340.0,399.0873,0.1137255,0.0625,49031188.000000
2,340.0,391.96652,0.1137255,0.0625,49031348.000000
2,341.0,386.72717,0.1137255,0.0625,49031520.000000
1,342.1503,383.8497,0.1137255,0.05,49031668.000000
0,401.0,290.0,0.15294118,0.075,49214084.000000
2,391.57242,318.35165,0.15294118,0.075,49214248.000000
2,381.67993,355.94025,0.15294118,0.1,49214396.000000
2,373.14728,406.70544,0.15294118,0.1,49214548.000000
2,372.0,417.02698,0.15294118,0.1,49214708.000000
2,372.0,428.5,0.15294118,0.0875,49214856.000000
2,372.0,432.14966,0.15294118,0.0875,49215012.000000
2,370.70053,435.29947,0.15294118,0.0875,49215168.000000
2,371.0,436.0,0.15294118,0.1,49215328.000000
2,371.0,434.8307,0.15294118,0.1,49215476.000000
2,370.0,431.92593,0.15294118,0.1,49215632.000000
2,370.0,430.90024,0.15294118,0.1,49215780.000000
2,370.0,428.9018,0.15294118,0.1,49215932.000000
2,370.0,427.95743,0.15294118,0.1,49216088.000000
2,369.0,425.9702,0.15294118,0.1,49216412.000000
2,368.0,422.93402,0.15294118,0.0875,49216568.000000
2,366.5,420.5,0.15294118,0.075,49216720.000000
2,366.0,419.0,0.15294118,0.0875,49216872.000000
2,366.0,415.9783,0.15294118,0.075,49217032.000000
2,365.0,413.9365,0.15294118,0.075,49217196.000000
2,365.0,410.85062,0.15294118,0.075,49217352.000000
2,365.0,406.7999,0.15294118,0.0875,49217516.000000
2,365.0,402.85013,0.15294118,0.1,49217676.000000
2,365.0,400.85303,0.15294118,0.1,49217836.000000
2,365.0,397.85712,0.15294118,0.1,49218004.000000
2,365.0,394.92072,0.15294118,0.1,49218164.000000
2,365.0,392.91452,0.15294118,0.1,49218320.000000
2,365.0,388.79977,0.15294118,0.1,49218488.000000
2,365.0,384.0,0.15294118,0.075,49218644.000000
1,365.0,381.9871,0.15294118,0.075,49218808.000000
0,390.0,378.0,0.09411766,0.0625,49224612.000000
2,415.1331,308.8783,0.13725491,0.0625,49224768.000000
1,438.5,280.5,0.08235294,0.025,49224916.000000
0,382.0,410.0,0.09019608,0.0375,49491580.000000
2,384.0768,398.57745,0.13333334,0.0625,49491748.000000
2,388.0,369.76218,0.13333334,0.05,49491908.000000
2,401.93027,315.20917,0.13333334,0.0875,49492072.000000
1,411.0,296.5,0.06666667,0.0125,49492232.000000
0,373.0,375.0,0.10196079,0.0375,49521728.000000
2,378.186,361.51636,0.10196079,0.0625,49522056.000000
2,385.5,344.5,0.10196079,0.0625,49522224.000000
2,392.0,334.7807,0.10196079,0.0625,49522376.000000
2,399.0,313.9061,0.10196079,0.0875,49522544.000000
1,425.36813,282.5274,0.09411766,0.0375,49522704.000000
0,354.0,395.0,0.09019608,0.05,49556104.000000
2,352.5862,421.13788,0.09019608,0.0625,49556264.000000
2,347.0,470.2083,0.09019608,0.05,49556424.000000
2,347.0,480.19916,0.09019608,0.05,49556584.000000
2,348.02835,481.0,0.09019608,0.0625,49556904.000000
2,349.0,471.1428,0.09019608,0.0625,49557064.000000
2,351.18564,456.81436,0.09019608,0.05,49557232.000000
2,351.0,445.91275,0.09019608,0.05,49557388.000000
2,352.0,441.9856,0.09019608,0.0625,49557552.000000
2,355.0,425.55484,0.09019608,0.0625,49557712.000000
1,356.45282,420.54718,0.04705883,0.0125,49557872.000000
0,353.0,654.0,0.08235294,0.05,49558840.000000
2,351.97775,640.711,0.08235294,0.0625,49559172.000000
2,349.0,614.3494,0.08235294,0.075,49559324.000000
2,349.0,603.7025,0.1254902,0.075,49559488.000000
2,349.0,598.7122,0.1254902,0.075,49559656.000000
2,350.37717,589.6228,0.1254902,0.05,49559808.000000
2,350.0,581.1628,0.1254902,0.05,49559968.000000
2,351.0,575.8008,0.1254902,0.05,49560144.000000
2,351.0,567.52716,0.1254902,0.075,49560296.000000
2,351.0,549.69806,0.1254902,0.05,49560460.000000
2,351.0,535.94476,0.1254902,0.05,49560616.000000
2,351.0,528.3826,0.1254902,0.0625,49560776.000000
2,366.61917,410.12875,0.1254902,0.075,49560936.000000
1,427.0,275.0,0.078431375,0.0125,49561112.000000
0,435.0,341.0,0.11764707,0.0625,49607444.000000
2,426.81128,283.792,0.11764707,0.0625,49607604.000000
2,425.1193,251.40356,0.11764707,0.075,49607764.000000
1,434.0,214.0,0.0627451,0.025,49607924.000000
0,413.0,389.0,0.10980393,0.05,49627864.000000
2,413.0,357.07813,0.10980393,0.05,49628032.000000
2,414.0,312.8838,0.10980393,0.0875,49628180.000000
1,445.0,225.0,0.058823533,0.0375,49628344.000000
0,406.0,410.0,0.09019608,0.05,49703792.000000
2,408.82642,388.9094,0.13725491,0.0625,49703936.000000
2,411.16556,378.33774,0.13725491,0.075,49704096.000000
2,412.06717,370.93283,0.13725491,0.075,49704264.000000
2,412.0,368.0217,0.13725491,0.075,49704424.000000
2,413.0,363.38373,0.13725491,0.075,49704584.000000
2,414.0,354.56396,0.13725491,0.1,49704748.000000
1,415.0,348.6988,0.13725491,0.05,49704908.000000
0,369.0,530.0,0.098039225,0.05,44848656.000000
2,370.01053,518.88403,0.14117648,0.075,44848776.000000
2,369.0,508.44437,0.14117648,0.075,44848936.000000
2,370.0,490.49582,0.14117648,0.0875,44849096.000000
2,372.0,477.87973,0.14117648,0.075,44849280.000000
2,373.0,471.80008,0.14117648,0.0625,44849420.000000
2,373.0,467.96695,0.14117648,0.075,44849584.000000
2,373.0,463.88797,0.14117648,0.075,44849744.000000
2,371.85248,460.85248,0.14117648,0.075,44849908.000000
2,372.0,456.98734,0.14117648,0.0875,44850072.000000
2,370.0,450.51437,0.14117648,0.0875,44850228.000000
2,369.0,439.09985,0.14117648,0.0875,44850388.000000
2,366.0,423.8981,0.14117648,0.075,44850556.000000
2,363.0,404.9516,0.14117648,0.1,44850712.000000
2,363.0,385.28625,0.14117648,0.0875,44850872.000000
2,364.0,368.77344,0.18431373,0.1,44851032.000000
1,365.06335,356.93665,0.09019608,0.0375,44851196.000000
0,342.0,537.0,0.098039225,0.05,44852036.000000
2,344.0,521.83167,0.14117648,0.075,44852200.000000
2,344.0,508.07947,0.14117648,0.075,44852360.000000
2,346.0,476.87668,0.14117648,0.075,44852528.000000
2,347.0,456.00052,0.14117648,0.0625,44852684.000000
2,347.0,431.1691,0.14117648,0.075,44852844.000000
2,349.0,415.8111,0.14117648,0.075,44853012.000000
2,353.0,383.26358,0.14117648,0.075,44853168.000000
1,357.5,367.0,0.07450981,0.025,44853328.000000
0,50.0,656.0,0.078431375,0.0375,44869368.000000
2,51.82883,638.6847,0.078431375,0.0625,44869536.000000
2,51.956543,634.0869,0.078431375,0.05,44869692.000000
2,52.0,622.8075,0.078431375,0.05,44869848.000000
2,53.0,619.8005,0.078431375,0.05,44870012.000000
2,53.0,617.95026,0.078431375,0.05,44870176.000000
2,54.0,609.25433,0.078431375,0.05,44870340.000000
2,55.06894,600.9311,0.078431375,0.0625,44870504.000000
2,55.0,596.85223,0.078431375,0.05,44870660.000000
2,55.0,592.85016,0.078431375,0.0625,44870820.000000
2,56.0,589.9227,0.078431375,0.0625,44871000.000000
2,56.0,587.9764,0.078431375,0.0625,44871144.000000
2,56.0,585.90686,0.078431375,0.0625,44871312.000000
1,56.0,583.98413,0.078431375,0.025,44871468.000000
0,96.0,366.0,0.11764707,0.0625,44952260.000000
2,90.62671,345.58148,0.11764707,0.075,44952416.000000
2,80.91302,299.11578,0.11764707,0.075,44952572.000000
1,33.330708,205.32756,0.0627451,0.0375,44952728.000000
0,88.0,386.0,0.10980393,0.0625,44975040.000000
2,85.996185,374.97903,0.10980393,0.0625,44975360.000000
2,84.0,353.02396,0.10980393,0.075,44975524.000000
2,80.5291,340.52908,0.15294118,0.075,44975700.000000
2,80.0,332.7076,0.15294118,0.0625,44975848.000000
2,77.55668,327.55667,0.15294118,0.0625,44976008.000000
2,77.0,322.70108,0.15294118,0.075,44976168.000000
2,76.0,315.7009,0.15294118,0.0625,44976332.000000
1,76.0,311.97046,0.10196079,0.025,44976492.000000
0,60.0,409.0,0.11764707,0.075,45154968.000000
2,60.0,395.58508,0.11764707,0.0875,45155124.000000
2,59.430782,374.4308,0.11764707,0.1,45155292.000000
2,57.0,358.94904,0.11764707,0.075,45155456.000000
2,56.0,351.82562,0.16078432,0.075,45155608.000000
2,55.196556,346.19656,0.16078432,0.0875,45155772.000000
2,55.0,336.85574,0.16078432,0.1,45155932.000000
2,53.0,328.7003,0.16078432,0.0875,45156092.000000
1,51.70279,322.7028,0.1137255,0.05,45156252.000000
0,64.0,299.0,0.121568635,0.05,45181068.000000
2,80.820915,345.46277,0.121568635,0.075,45181224.000000
2,86.0,450.34842,0.121568635,0.075,45181384.000000
1,83.0,524.0,0.121568635,0.05,45181548.000000
0,49.0,300.0,0.13725491,0.0625,45182180.000000
2,58.08053,340.3579,0.13725491,0.075,45182352.000000
2,71.0,406.52695,0.13725491,0.0875,45182500.000000
2,71.0,416.18222,0.13725491,0.1,45182664.000000
2,71.0,417.0,0.13725491,0.075,45182832.000000
1,74.0,415.0,0.08235294,0.05,45183012.000000
0,360.0,399.0,0.14901961,0.05,45367436.000000
2,353.69714,341.9086,0.19215688,0.075,45367596.000000
2,364.5,289.5,0.19215688,0.112500004,45367760.000000
1,366.0,283.73297,0.07450981,0.0125,45367920.000000
0,404.0,257.0,0.18039216,0.0875,45393816.000000
2,379.8043,316.58716,0.18039216,0.1,45393984.000000
2,370.45172,371.45172,0.18039216,0.1,45394144.000000
2,370.07867,376.07867,0.18039216,0.1,45394304.000000
2,371.0,389.1502,0.18039216,0.0875,45394472.000000
2,368.4352,377.87045,0.18039216,0.0875,45394636.000000
2,372.0,339.87775,0.18039216,0.0875,45394788.000000
1,372.0,338.9446,0.18039216,0.0875,45394952.000000
0,365.0,386.0,0.15294118,0.1,45515552.000000
2,363.0,371.83472,0.19607845,0.1,45515880.000000
2,361.0,348.5,0.19607845,0.1,45516032.000000
1,360.0,344.8001,0.19607845,0.075,45516192.000000
0,412.0,266.0,0.14901961,0.1,45584456.000000
2,395.0,307.17932,0.14901961,0.075,45584616.000000
2,383.0,396.67728,0.14901961,0.1,45584780.000000
1,381.0,435.3481,0.14901961,0.05,45584944.000000
0,410.0,294.0,0.15686275,0.0875,45597704.000000
2,401.90942,320.31705,0.15686275,0.075,45597868.000000
2,394.0,341.5,0.15686275,0.0625,45598032.000000
2,393.0,345.08533,0.15686275,0.075,45598192.000000
1,393.0,345.08533,0.15686275,0.075,45598360.000000
0,379.0,396.0,0.1137255,0.0625,45614408.000000
2,376.98596,384.9228,0.15686275,0.0875,45614728.000000
2,374.0,377.8233,0.15686275,0.1,45614892.000000
2,372.0,373.80548,0.15686275,0.1,45615048.000000
2,371.0,369.91113,0.15686275,0.112500004,45615216.000000
2,372.0,361.7023,0.15686275,0.125,45615380.000000
2,372.0,357.90085,0.15686275,0.125,45615536.000000
2,372.0,356.95148,0.15686275,0.125,45615688.000000
2,372.0,355.96707,0.15686275,0.1,45615848.000000
1,372.0,355.96707,0.15686275,0.1,45616112.000000
0,408.0,308.0,0.15686275,0.1,45617896.000000
2,389.63828,334.52246,0.15686275,0.0875,45618056.000000
2,379.49063,369.0563,0.15686275,0.0875,45618208.000000
2,379.0,389.04227,0.15686275,0.0875,45618376.000000
2,376.0,407.5553,0.15686275,0.0875,45618540.000000
2,375.0,443.5,0.15686275,0.0875,45618692.000000
2,375.0,447.10648,0.15686275,0.0875,45618856.000000
2,374.0,449.09863,0.15686275,0.0875,45619016.000000
1,374.0,449.09863,0.15686275,0.0875,45619176.000000
0,427.0,315.0,0.15686275,0.112500004,45715436.000000
2,409.46667,364.34067,0.15686275,0.1,45715600.000000
1,403.53888,482.6838,0.058823533,0.025,45715768.000000
0,428.0,408.0,0.10588236,0.05,45719080.000000
2,423.91614,396.76935,0.14901961,0.075,45719396.000000
2,424.0,393.91284,0.14901961,0.0875,45719560.000000
2,424.0,391.88025,0.14901961,0.075,45719728.000000
2,424.0,388.97595,0.14901961,0.075,45719892.000000
2,424.0,387.97018,0.14901961,0.0875,45720048.000000
2,424.0,386.96866,0.14901961,0.0875,45720216.000000
2,422.97534,385.97534,0.14901961,0.075,45720532.000000
1,423.0,386.0,0.08627451,0.0125,45720808.000000
0,368.0,408.0,0.13333334,0.075,45725068.000000
2,376.57187,343.49734,0.13333334,0.075,45725376.000000
1,418.0,271.0,0.07058824,0.025,45725392.000000
0,392.0,420.0,0.14901961,0.075,45728924.000000
2,398.50302,376.49094,0.14901961,0.075,45729088.000000
2,408.0,329.5,0.19215688,0.112500004,45729252.000000
1,441.0,286.5,0.039215688,0.0125,45729408.000000
0,298.0,554.0,0.078431375,0.05,58091448.000000
2,302.14435,542.6031,0.121568635,0.05,58091608.000000
2,308.20468,526.59064,0.121568635,0.0625,58091768.000000
2,310.20624,517.79376,0.121568635,0.075,58091928.000000
2,311.0,507.9348,0.121568635,0.0625,58092096.000000
2,311.0,501.87256,0.121568635,0.05,58092252.000000
2,312.0,496.80005,0.121568635,0.05,58092412.000000
2,312.0,493.70703,0.121568635,0.05,58092580.000000
2,312.0,489.91852,0.121568635,0.05,58092744.000000
2,313.0,487.98123,0.121568635,0.05,58092896.000000
2,313.0,485.96066,0.121568635,0.05,58093072.000000
1,313.0,484.9339,0.078431375,0.05,58093220.000000
0,298.0,555.0,0.08235294,0.05,58094548.000000
2,303.7353,541.2647,0.08235294,0.05,58094712.000000
2,309.0,529.02167,0.1254902,0.0625,58094880.000000
2,311.57452,522.4255,0.1254902,0.0625,58095040.000000
2,314.0,512.4101,0.1254902,0.0625,58095208.000000
2,315.0,502.01837,0.1254902,0.05,58095360.000000
2,315.0,494.80457,0.1254902,0.05,58095524.000000
1,315.0,490.6993,0.1254902,0.05,58095696.000000
0,297.0,562.0,0.0627451,0.0375,58107968.000000
2,297.0,549.3574,0.0627451,0.05,58108132.000000
2,297.0,544.41,0.0627451,0.05,58108292.000000
2,297.0,530.00494,0.0627451,0.0375,58108456.000000
2,297.0,523.82996,0.0627451,0.0375,58108616.000000
2,297.0,518.80054,0.0627451,0.0375,58108776.000000
2,297.0,513.70123,0.0627451,0.05,58108936.000000
2,297.0,510.89804,0.0627451,0.05,58109096.000000
2,295.0,505.8506,0.0627451,0.0375,58109264.000000
2,295.0,504.93365,0.0627451,0.05,58109420.000000
2,294.0,500.92883,0.0627451,0.0375,58109580.000000
2,294.0,496.97174,0.0627451,0.05,58109748.000000
2,292.95544,493.95544,0.0627451,0.0375,58109908.000000
1,293.0,492.99448,0.0627451,0.025,58110064.000000
0,394.0,350.0,0.14117648,0.0625,58176884.000000
2,396.05264,330.49985,0.14117648,0.075,58177068.000000
2,404.88245,282.47028,0.14117648,0.0875,58177208.000000
2,410.5,263.0,0.14117648,0.1,58177364.000000
1,412.0,261.0,0.07450981,0.0125,58177528.000000
0,399.0,433.0,0.10196079,0.05,58210372.000000
2,401.89075,411.31094,0.10196079,0.05,58210536.000000
2,411.68906,334.2438,0.14509805,0.075,58210692.000000
1,419.72397,307.82813,0.054901965,0.0125,58210852.000000
0,347.0,431.0,0.16078432,0.075,58375536.000000
2,360.34833,437.16077,0.16078432,0.075,58375704.000000
2,404.0264,457.51318,0.16078432,0.0875,58375856.000000
2,430.67947,462.0,0.16078432,0.075,58376020.000000
2,434.8578,462.0,0.16078432,0.075,58376180.000000
1,436.1474,462.0,0.16078432,0.075,58376344.000000
0,426.0,398.0,0.1137255,0.05,58498392.000000
2,428.12814,367.84662,0.1137255,0.0625,58498560.000000
2,427.30753,310.76987,0.1137255,0.075,58498712.000000
1,439.6751,239.97472,0.058823533,0.05,58498860.000000
0,392.0,364.0,0.078431375,0.05,58590720.000000
2,402.90637,341.18726,0.1254902,0.075,58590880.000000
2,420.7816,309.43686,0.1254902,0.0625,58591028.000000
1,431.0,295.0,0.08235294,0.0125,58591192.000000
0,386.0,365.0,0.121568635,0.0625,58593176.000000
2,398.02667,341.96,0.121568635,0.0625,58593348.000000
2,399.08237,339.37646,0.121568635,0.0625,58593488.000000
2,407.67584,326.32416,0.121568635,0.075,58593648.000000
1,414.0,315.0,0.121568635,0.025,58593808.000000
0,372.0,401.0,0.078431375,0.025,58594304.000000
2,381.09964,385.7011,0.121568635,0.075,58594644.000000
2,385.0,369.26736,0.121568635,0.05,58594800.000000
2,387.2985,359.7015,0.121568635,0.0625,58594956.000000
2,387.0,355.85312,0.121568635,0.0625,58595120.000000
2,389.0,351.9014,0.121568635,0.0625,58595288.000000
2,390.0,349.9146,0.121568635,0.0625,58595444.000000
2,392.5,346.5,0.121568635,0.0625,58595608.000000
2,394.0,343.96222,0.121568635,0.075,58595772.000000
2,396.5,340.5,0.121568635,0.0625,58595928.000000
2,398.1473,338.8527,0.121568635,0.0625,58596088.000000
2,400.07993,335.92007,0.121568635,0.0625,58596244.000000
2,403.8681,332.0,0.121568635,0.0625,58596396.000000
1,406.19492,328.80508,0.078431375,0.0125,58596552.000000
0,366.0,400.0,0.08627451,0.0375,58599616.000000
2,372.0,386.92355,0.12941177,0.0875,58599932.000000
2,377.0,374.29492,0.12941177,0.0625,58600088.000000
2,380.0,366.8003,0.12941177,0.05,58600256.000000
2,382.0,356.7303,0.12941177,0.0625,58600416.000000
2,389.7263,342.2737,0.12941177,0.0625,58600576.000000
1,397.22403,335.77597,0.08235294,0.05,58600736.000000
0,371.0,397.0,0.08235294,0.025,58613456.000000
2,378.55063,384.34808,0.1254902,0.0625,58613620.000000
2,389.43137,359.13727,0.1254902,0.0625,58613784.000000
2,402.842,339.158,0.1254902,0.0625,58613940.000000
2,409.00015,332.99985,0.1254902,0.0625,58614100.000000
1,416.01965,323.98035,0.08235294,0.025,58614260.000000
0,378.0,378.0,0.1137255,0.0625,58618004.000000
2,387.99582,360.01044,0.1137255,0.075,58618164.000000
2,389.0,355.08017,0.1137255,0.0625,58618328.000000
2,392.07574,350.92426,0.1137255,0.0625,58618488.000000
2,394.0,346.9954,0.1137255,0.0625,58618652.000000
2,397.09924,343.90076,0.1137255,0.075,58618816.000000
2,398.0,342.0,0.1137255,0.0625,58618972.000000
2,403.0,336.49036,0.1137255,0.075,58619136.000000
2,413.19046,324.80954,0.1137255,0.0625,58619300.000000
1,416.0,319.93277,0.07058824,0.0125,58619456.000000
0,367.0,389.0,0.08235294,0.025,58638024.000000
2,376.18082,376.75894,0.1254902,0.075,58638184.000000
2,378.12994,372.87006,0.1254902,0.0625,58638368.000000
2,385.0,357.1137,0.1254902,0.0625,58638512.000000
2,391.04745,345.95255,0.1254902,0.0625,58638672.000000
2,394.06738,341.93262,0.1254902,0.075,58638832.000000
1,396.5,339.5,0.078431375,0.0375,58638996.000000
0,400.0,338.0,0.1254902,0.075,58727664.000000
2,421.2048,302.05374,0.1254902,0.0875,58727848.000000
2,435.2426,277.0754,0.1254902,0.0875,58727976.000000
1,451.27017,256.0,0.07450981,0.0125,58728268.000000
0,390.0,425.0,0.121568635,0.075,58897396.000000
2,387.83356,348.49805,0.121568635,0.05,58897576.000000
2,390.06906,293.3095,0.121568635,0.0625,58897704.000000
1,406.0,251.5,0.04705883,0.0125,58897868.000000
0,423.0,401.0,0.10980393,0.025,2744592.000000
2,417.2866,378.8659,0.15686275,0.075,2744766.000000
2,417.23557,328.35107,0.15686275,0.075,2744915.000000
1,422.0,301.83368,0.09411766,0.025,2745076.000000
0,400.0,403.0,0.1137255,0.05,2882477.000000
2,405.60016,378.54944,0.16078432,0.05,2882646.000000
2,419.40317,340.59683,0.16078432,0.0375,2882805.000000
1,441.9794,295.69415,0.07058824,0.025,2882966.000000
0,433.0,287.0,0.14117648,0.0625,2887966.000000
2,415.0794,374.16608,0.14117648,0.05,2888124.000000
1,413.0,423.5947,0.09411766,0.0125,2888290.000000
0,390.0,351.0,0.16862746,0.0625,2892793.000000
2,390.0,362.81702,0.16862746,0.075,2893115.000000
2,390.0,367.72174,0.16862746,0.075,2893277.000000
2,391.0,371.02573,0.16862746,0.075,2893536.000000
2,391.0,374.11884,0.16862746,0.075,2893615.000000
2,391.0,375.07465,0.16862746,0.075,2893760.000000
2,392.03128,376.0,0.16862746,0.075,2894083.000000
2,394.03104,373.96896,0.16862746,0.075,2894244.000000
1,394.03104,373.96896,0.16862746,0.075,2894404.000000
0,379.0,304.0,0.16862746,0.075,2896201.000000
2,374.7129,324.36377,0.16862746,0.0875,2896360.000000
2,371.0,363.22086,0.16862746,0.075,2896509.000000
2,371.0,370.19867,0.16862746,0.075,2896672.000000
2,371.0,373.11926,0.16862746,0.0875,2896846.000000
2,376.53946,399.15784,0.16862746,0.05,2896995.000000
2,378.0,409.1992,0.16862746,0.1,2897160.000000
2,380.0,408.88297,0.16862746,0.075,2897319.000000
1,422.55872,278.32953,0.11764707,0.0125,2897480.000000
0,356.0,441.0,0.14509805,0.05,2903630.000000
2,374.81833,401.36334,0.14509805,0.075,2903789.000000
1,413.014,299.04355,0.10196079,0.025,2903959.000000
0,363.0,420.0,0.13725491,0.0625,2962950.000000
2,363.0,408.61212,0.13725491,0.0625,2963113.000000
2,365.0,397.88022,0.18039216,0.075,2963272.000000
2,367.0,387.62756,0.18039216,0.075,2963439.000000
2,368.0,377.23285,0.18039216,0.075,2963601.000000
2,369.0,367.91034,0.18039216,0.075,2963757.000000
2,370.0,358.67038,0.18039216,0.0875,2963920.000000
2,372.0,350.70297,0.18039216,0.075,2964085.000000
2,373.0,344.87527,0.18039216,0.075,2964242.000000
2,373.0,341.0,0.18039216,0.05,2964403.000000
1,374.0,337.0,0.08627451,0.0125,2964563.000000
0,362.0,424.0,0.16078432,0.0625,3024948.000000
2,364.04575,406.6112,0.16078432,0.075,3025108.000000
2,366.0,383.34378,0.16078432,0.075,3025256.000000
2,369.0,365.20364,0.16078432,0.0875,3025414.000000
1,373.0,345.6224,0.20392159,0.075,3025566.000000
0,382.0,337.0,0.1764706,0.075,3101904.000000
2,379.39322,351.82037,0.1764706,0.0625,3102228.000000
2,374.0,450.31158,0.13333334,0.025,3102394.000000
1,376.0,488.0386,0.07058824,0.025,3102552.000000
0,381.0,436.0,0.12941177,0.0375,3105135.000000
2,398.75693,378.9039,0.12941177,0.05,3105307.000000
1,427.12433,304.2177,0.08627451,0.025,3105459.000000
0,390.0,312.0,0.16862746,0.0625,3106595.000000
2,381.74884,367.00458,0.16862746,0.0625,3106757.000000
2,380.69037,447.07108,0.1254902,0.0375,3106913.000000
2,382.0,474.88977,0.1254902,0.05,3107073.000000
1,382.0,480.02402,0.07058824,0.025,3107233.000000
0,399.0,437.0,0.10980393,0.05,3162949.000000
2,399.0,424.9901,0.15294118,0.05,3163156.000000
2,421.66006,335.34985,0.15294118,0.0625,3163273.000000
1,439.5,297.5,0.08235294,0.025,3163443.000000
0,394.0,403.0,0.13725491,0.05,3163598.000000
2,423.28357,326.14816,0.18431373,0.0875,3163755.000000
1,454.73495,271.5301,0.04705883,0.0125,3163923.000000
0,366.0,680.0,0.10588236,0.05,55081668.000000
2,355.07745,632.3872,0.10588236,0.075,55081832.000000
2,352.60825,556.5569,0.10588236,0.075,55081980.000000
2,368.5,484.5,0.14901961,0.0875,55082136.000000
2,375.0,461.6815,0.14901961,0.0875,55082312.000000
2,378.0,429.64954,0.14901961,0.1,55082488.000000
2,380.83243,393.3351,0.14901961,0.0875,55082656.000000
2,382.23004,377.53995,0.14901961,0.1,55082808.000000
2,384.0,356.22305,0.14901961,0.075,55082956.000000
1,384.0,347.34595,0.08627451,0.0125,55083116.000000
0,321.0,633.0,0.10588236,0.05,55088880.000000
2,320.0,617.20154,0.14901961,0.075,55089208.000000
2,321.6217,601.3783,0.14901961,0.0875,55089356.000000
2,321.0,583.9474,0.14901961,0.075,55089512.000000
2,321.0,578.4495,0.14901961,0.075,55089668.000000
1,321.0,577.5,0.14901961,0.075,55089828.000000
0,338.0,398.0,0.098039225,0.05,55111628.000000
2,343.79077,383.31384,0.14117648,0.075,55111800.000000
2,347.0,369.5,0.14117648,0.0625,55111952.000000
2,349.0,362.048,0.14117648,0.0625,55112116.000000
2,349.0,355.70062,0.14117648,0.0625,55112284.000000
2,351.78,347.22,0.14117648,0.075,55112436.000000
2,354.0,340.80103,0.14117648,0.075,55112600.000000
2,356.0,335.85022,0.14117648,0.0625,55112760.000000
2,357.0,332.9149,0.14117648,0.0625,55112920.000000
2,358.0,330.95053,0.14117648,0.0625,55113084.000000
2,359.0066,329.9934,0.14117648,0.0625,55113244.000000
2,359.0,327.96628,0.14117648,0.0625,55113408.000000
2,360.09946,326.90054,0.14117648,0.0625,55113572.000000
2,360.0,323.85165,0.14117648,0.0625,55113728.000000
1,361.0,321.90887,0.07058824,0.0375,55113888.000000
0,374.0,533.0,0.08235294,0.025,55132520.000000
2,368.9715,517.9145,0.12941177,0.0625,55132684.000000
2,366.238,511.714,0.12941177,0.0625,55132840.000000
2,365.0,498.05743,0.12941177,0.05,55133004.000000
2,364.0,488.80493,0.12941177,0.05,55133168.000000
2,364.0,482.7092,0.12941177,0.0625,55133328.000000
2,364.0,474.88138,0.12941177,0.0625,55133492.000000
2,364.0,468.7011,0.12941177,0.0625,55133656.000000
1,364.0,464.86075,0.08235294,0.0125,55133816.000000
0,361.0,486.0,0.09019608,0.05,55140520.000000
2,359.0,471.9034,0.13333334,0.0625,55140680.000000
2,359.0,468.9283,0.13333334,0.0625,55140844.000000
2,358.97775,454.02225,0.13333334,0.05,55141008.000000
2,358.0,447.5,0.13333334,0.05,55141168.000000
2,359.0,441.5897,0.13333334,0.075,55141328.000000
2,359.0,432.6996,0.13333334,0.075,55141496.000000
2,359.0,426.8845,0.13333334,0.0625,55141648.000000
2,360.1996,420.8004,0.13333334,0.0625,55141812.000000
2,360.0,416.80374,0.13333334,0.0625,55141976.000000
2,360.0,411.8442,0.13333334,0.05,55142136.000000
2,360.0,407.7997,0.13333334,0.05,55142296.000000
2,360.0,403.80063,0.13333334,0.05,55142464.000000
2,359.0,398.80026,0.13333334,0.05,55142620.000000
2,359.0,396.0,0.13333334,0.075,55142780.000000
2,359.0,389.7114,0.13333334,0.075,55142940.000000
2,360.0,384.80173,0.13333334,0.075,55143104.000000
1,360.0,382.0,0.07058824,0.025,55143356.000000
0,380.0,385.0,0.17254902,0.075,55204580.000000
2,380.0,364.99722,0.17254902,0.0875,55204748.000000
1,426.5,245.0,0.10196079,0.0625,55204904.000000
0,397.0,293.0,0.19215688,0.075,55325640.000000
2,383.19598,340.21606,0.19215688,0.0875,55325788.000000
2,365.0,404.89838,0.19215688,0.075,55325948.000000
2,362.98694,407.0,0.19215688,0.075,55326112.000000
2,363.0,408.0313,0.19215688,0.075,55326272.000000
1,363.0,408.0313,0.19215688,0.075,55326432.000000
0,336.0,375.0,0.10196079,0.05,55332520.000000
2,343.17978,356.5505,0.15686275,0.075,55332816.000000
2,345.0,348.66434,0.15686275,0.075,55332976.000000
2,352.0,331.2873,0.15686275,0.0875,55333144.000000
1,355.0,321.5,0.10588236,0.05,55333300.000000
0,347.0,376.0,0.14509805,0.075,55345108.000000
2,348.02744,361.6161,0.14509805,0.0875,55345280.000000
2,353.46973,334.06055,0.18823531,0.1,55345444.000000
1,356.0,312.5,0.050980397,0.025,55345596.000000
0,320.0,386.0,0.11764707,0.0625,55346240.000000
2,322.0666,369.46716,0.16078432,0.1,55346416.000000
2,330.0,344.93387,0.16078432,0.1,55346564.000000
1,341.0,311.5,0.04705883,0.0125,55346728.000000
0,375.0,410.0,0.13725491,0.075,55444736.000000
2,372.90875,389.0874,0.18431373,0.1,55444908.000000
1,436.92932,244.30301,0.08627451,0.0125,55445056.000000
0,360.0,405.0,0.15294118,0.0625,55445988.000000
2,359.0,380.98987,0.15294118,0.0875,55446144.000000
2,359.0,371.40936,0.19607845,0.0875,55446312.000000
2,359.0,361.0,0.19607845,0.1,55446504.000000
1,362.0,341.70114,0.19607845,0.1,55446628.000000
0,336.0,373.0,0.13333334,0.0625,55557560.000000
2,339.0,359.73355,0.1764706,0.0875,55557724.000000
2,339.88843,356.33475,0.1764706,0.0875,55557880.000000
2,341.0,348.5,0.1764706,0.0875,55558044.000000
2,343.0,341.76453,0.1764706,0.0875,55558200.000000
2,346.0,334.0,0.1764706,0.112500004,55558368.000000
2,348.29614,326.70386,0.1764706,0.1,55558524.000000
1,347.0,321.93835,0.054901965,0.0125,55558688.000000
0,425.0,212.0,0.23137257,0.1375,55603248.000000
2,379.66895,291.9897,0.23137257,0.112500004,55603416.000000
1,354.5,444.5,0.09019608,0.05,55603572.000000
0,365.0,407.0,0.17254902,0.0875,55780828.000000
2,362.98654,395.92603,0.17254902,0.0875,55780968.000000
2,360.50916,278.4359,0.17254902,0.112500004,55781128.000000
1,387.5962,208.7019,0.058823533,0.0125,55781292.000000
0,371.0,382.0,0.14509805,0.05,43846796.000000
2,374.1319,336.06567,0.14509805,0.075,43846960.000000
1,443.5,186.5,0.07450981,0.025,43847156.000000
0,319.0,708.0,0.1137255,0.05,43851584.000000
2,318.0,667.0807,0.15686275,0.0625,43851748.000000
2,340.0904,527.0962,0.15686275,0.0625,43851916.000000
2,352.5,446.5,0.15686275,0.075,43852068.000000
2,357.0,417.10068,0.15686275,0.05,43852232.000000
1,358.0,406.703,0.15686275,0.05,43852392.000000
0,369.0,367.0,0.16078432,0.0625,43927124.000000
2,363.67078,352.07816,0.16078432,0.075,43927336.000000
2,374.10483,287.6855,0.20392159,0.112500004,43927452.000000
1,380.0,265.0,0.14117648,0.0625,43927616.000000
0,389.0,370.0,0.1254902,0.0375,43957688.000000
2,389.0,358.77,0.16862746,0.075,43957852.000000
2,390.37372,335.74744,0.16862746,0.0625,43958016.000000
2,387.0,292.9724,0.16862746,0.075,43958176.000000
1,388.5,256.5,0.10196079,0.0375,43958336.000000
0,354.0,341.0,0.18823531,0.075,44181248.000000
2,355.0831,326.91953,0.18823531,0.075,44181404.000000
1,398.51587,241.01323,0.09411766,0.05,44181552.000000
0,384.0,281.0,0.20784315,0.1,44189900.000000
2,376.81522,292.29034,0.20784315,0.075,44190056.000000
2,355.16785,382.98572,0.20784315,0.0625,44190224.000000
1,360.0,504.5,0.09411766,0.025,44190376.000000
0,333.0,395.0,0.14117648,0.05,44193300.000000
2,334.0,381.2017,0.18823531,0.0875,44193456.000000
2,334.0,376.73206,0.18823531,0.0875,44193616.000000
2,336.0,361.18933,0.18823531,0.075,44193784.000000
2,334.0,343.40863,0.18823531,0.1,44193944.000000
1,332.0,329.9005,0.14509805,0.0375,44194104.000000
0,348.0,377.0,0.14901961,0.075,44214928.000000
2,349.0,363.41376,0.14901961,0.0625,44215112.000000
2,349.0,357.5,0.14901961,0.0625,44215264.000000
2,349.0,370.65158,0.14901961,0.0625,44215412.000000
2,348.0,387.40643,0.14901961,0.05,44215576.000000
2,350.0,405.0572,0.14901961,0.075,44215748.000000
2,351.0,414.2191,0.14901961,0.0625,44215900.000000
2,351.42426,429.42426,0.14901961,0.05,44216060.000000
2,353.2997,437.2997,0.14901961,0.05,44216224.000000
1,352.5,453.5,0.098039225,0.0125,44216384.000000
0,363.0,387.0,0.121568635,0.0375,44702676.000000
2,362.11646,358.48605,0.16862746,0.075,44702828.000000
2,363.21747,322.8689,0.21176472,0.1,44702988.000000
1,390.5,252.5,0.07450981,0.0125,44703152.000000
0,362.0,396.0,0.16470589,0.05,44703472.000000
2,362.0,382.32486,0.16470589,0.075,44703640.000000
2,362.0,371.36383,0.16470589,0.1,44703796.000000
2,361.0,353.98495,0.21568629,0.1,44703956.000000
2,361.0,342.35312,0.21568629,0.0875,44704120.000000
1,361.0,336.8156,0.21568629,0.0625,44704280.000000
0,442.0,374.0,0.121568635,0.0625,44754544.000000
2,430.33566,341.67838,0.16862746,0.0875,44754720.000000
2,425.0,277.74384,0.21176472,0.0875,44754868.000000
1,425.0,259.97296,0.1254902,0.0375,44755020.000000
0,330.0,359.0,0.16470589,0.075,44782704.000000
2,332.02332,345.8485,0.21568629,0.1,44782856.000000
2,333.0,333.3278,0.21568629,0.075,44783020.000000
2,341.0,294.52118,0.21568629,0.1,44783176.000000
1,343.0,282.0,0.121568635,0.0375,44783336.000000
