0,855.0,843.0,0.07058824,1.0,44308032.000000
2,855.0,843.0,0.10588236,1.0,44308052.000000
2,854.1375,839.55005,0.10588236,1.0,44308072.000000
2,852.5944,831.9721,0.12352942,1.0,44308092.000000
2,853.90356,802.10913,0.12352942,1.0,44308112.000000
2,864.39465,763.8763,0.12352942,1.0,44308124.000000
2,888.6069,707.5261,0.12352942,1.0,44308140.000000
1,888.6069,707.5261,0.12352942,1.0,44308156.000000
0,910.0,572.0,0.05294118,1.0,44335480.000000
2,908.1256,575.12396,0.0882353,1.0,44335496.000000
2,898.8919,593.2161,0.10588236,1.0,44335520.000000
2,882.3344,639.2998,0.10588236,1.0,44335536.000000
2,861.3512,695.6433,0.12352942,1.0,44335552.000000
2,834.5347,755.47504,0.10588236,1.0,44335568.000000
2,816.23376,812.32587,0.10588236,1.0,44335584.000000
2,803.8293,864.3274,0.12352942,1.0,44335600.000000
2,792.98535,910.9199,0.10588236,1.0,44335616.000000
2,786.1255,935.5733,0.10588236,1.0,44335640.000000
2,782.4825,957.728,0.0882353,1.0,44335648.000000
2,782.0,969.34546,0.10588236,1.0,44335668.000000
1,782.0,969.34546,0.10588236,1.0,44335680.000000
0,854.0,707.0,0.07058824,1.0,44525220.000000
2,854.0,707.0,0.0882353,1.0,44525240.000000
2,854.0,707.0,0.10588236,1.0,44525260.000000
2,848.7912,710.9066,0.10588236,1.0,44525272.000000
2,838.00806,723.704,0.12352942,1.0,44525288.000000
2,827.17267,739.039,0.14117648,1.0,44525300.000000
2,815.39185,759.32825,0.14117648,1.0,44525324.000000
2,804.5859,776.36505,0.12352942,1.0,44525340.000000
2,797.9134,788.1443,0.14117648,1.0,44525360.000000
2,793.2818,794.7182,0.14117648,1.0,44525372.000000
2,789.7604,799.35944,0.14117648,1.0,44525392.000000
2,788.3366,802.3268,0.14117648,1.0,44525408.000000
2,786.79553,804.20447,0.14117648,1.0,44525424.000000
2,785.2488,805.0,0.14117648,1.0,44525440.000000
2,783.7012,805.0,0.14117648,1.0,44525460.000000
2,782.5,805.0,0.14117648,1.0,44525468.000000
2,783.0,805.0,0.14117648,1.0,44525488.000000
2,783.9268,799.3659,0.14117648,1.0,44525504.000000
2,789.88837,781.33496,0.14117648,1.0,44525524.000000
2,806.1292,744.72986,0.14117648,1.0,44525544.000000
2,822.5107,711.5297,0.14117648,1.0,44525564.000000
2,842.451,677.6163,0.15882353,1.0,44525576.000000
2,869.0995,645.5947,0.12352942,1.0,44525588.000000
2,894.3451,614.81866,0.12352942,1.0,44525608.000000
1,894.3451,614.81866,0.12352942,1.0,44525624.000000
0,724.0,986.0,0.07058824,1.0,44534416.000000
2,724.0,986.0,0.10588236,1.0,44534432.000000
2,730.4442,970.8245,0.10588236,1.0,44534452.000000
2,753.1039,924.7922,0.14117648,1.0,44534468.000000
2,784.9675,854.1679,0.12352942,1.0,44534480.000000
2,814.29083,781.3136,0.12352942,1.0,44534504.000000
2,842.39404,702.2169,0.14117648,1.0,44534512.000000
2,854.1249,651.3577,0.10588236,1.0,44534528.000000
1,854.1249,651.3577,0.10588236,1.0,44534536.000000
0,783.0,789.0,0.03529412,1.0,44809872.000000
2,783.0,789.0,0.07058824,1.0,44809884.000000
2,783.0,789.0,0.10588236,1.0,44809896.000000
2,783.0,789.0,0.10588236,1.0,44809916.000000
2,782.8624,789.04584,0.10588236,1.0,44809932.000000
2,778.82056,790.0,0.10588236,1.0,44809940.000000
2,775.7326,790.0,0.10588236,1.0,44809952.000000
2,773.32806,790.0,0.10588236,1.0,44809972.000000
2,771.7808,790.0,0.10588236,1.0,44809992.000000
2,770.2879,790.0,0.10588236,1.0,44810012.000000
2,768.6691,790.0,0.10588236,1.0,44810020.000000
2,767.14966,790.0,0.10588236,1.0,44810032.000000
2,765.59894,790.0,0.10588236,1.0,44810060.000000
2,764.0618,790.0,0.10588236,1.0,44810072.000000
2,762.5151,790.0,0.10588236,1.0,44810096.000000
2,760.97406,790.0,0.10588236,1.0,44810112.000000
2,760.0,790.0,0.12352942,1.0,44810140.000000
2,760.0,790.0,0.10588236,1.0,44810216.000000
2,760.0,790.0,0.12352942,1.0,44810220.000000
2,758.9409,790.0,0.12352942,1.0,44810344.000000
2,757.9995,790.0,0.12352942,1.0,44810472.000000
2,758.0,790.0,0.12352942,1.0,44810500.000000
2,758.0,790.0,0.12352942,1.0,44810532.000000
2,757.0,790.0,0.12352942,1.0,44810680.000000
2,757.0,790.0,0.12352942,1.0,44810856.000000
2,755.95984,790.0,0.12352942,1.0,44810876.000000
2,756.0,790.0,0.12352942,1.0,44810912.000000
2,756.0,790.0,0.12352942,1.0,44810936.000000
2,756.0,790.0,0.12352942,1.0,44810976.000000
2,756.0,790.0,0.12352942,1.0,44810996.000000
2,756.0,790.0,0.12352942,1.0,44811016.000000
2,756.0,790.0,0.12352942,1.0,44811036.000000
2,756.0,790.0,0.12352942,1.0,44811048.000000
2,756.0,790.0,0.12352942,1.0,44811176.000000
2,756.0,790.0,0.12352942,1.0,44811188.000000
2,756.0,789.4811,0.12352942,1.0,44811224.000000
2,756.0,787.9281,0.10588236,1.0,44811240.000000
1,756.0,787.9281,0.10588236,1.0,44811256.000000
0,982.0,604.0,0.03529412,1.0,45010592.000000
2,982.0,604.0,0.10588236,1.0,45010648.000000
1,982.0,604.0,0.10588236,1.0,45010664.000000
0,885.0,912.0,0.0882353,1.0,45184392.000000
2,885.0,912.0,0.12352942,1.0,45184416.000000
2,885.0,912.0,0.12352942,1.0,45184432.000000
2,885.0,912.0,0.12352942,1.0,45184468.000000
2,885.0,912.0,0.10588236,1.0,45184480.000000
1,885.0,912.0,0.10588236,1.0,45184492.000000
0,666.0,908.0,0.07058824,1.0,45341072.000000
2,666.0,906.9786,0.10588236,1.0,45341100.000000
2,666.8869,897.01794,0.10588236,1.0,45341108.000000
2,671.2848,863.72186,0.12352942,1.0,45341128.000000
2,677.88873,817.73425,0.12352942,1.0,45341144.000000
2,684.0,764.5,0.12352942,1.0,45341160.000000
2,698.4813,710.0746,0.12352942,1.0,45341180.000000
2,716.6934,658.35376,0.12352942,1.0,45341200.000000
2,732.667,618.99927,0.0882353,1.0,45341212.000000
1,732.667,618.99927,0.0882353,1.0,45341220.000000
0,521.0,952.0,0.05294118,1.0,45362080.000000
2,521.0,952.0,0.12352942,1.0,45362144.000000
2,521.0,952.0,0.12352942,1.0,45362152.000000
2,521.0,952.0,0.12352942,1.0,45362168.000000
2,521.0,952.0,0.12352942,1.0,45362184.000000
1,521.0,952.0,0.12352942,1.0,45362200.000000
0,785.0,32.0,0.05294118,1.0,45774856.000000
2,755.62897,45.68552,0.10588236,1.0,45774896.000000
2,557.2747,764.37714,0.0882353,1.0,45775000.000000
2,558.3535,889.0189,0.0882353,1.0,45775020.000000
2,567.61896,984.87665,0.0882353,1.0,45775036.000000
1,567.61896,984.87665,0.0882353,1.0,45775052.000000
0,572.0,339.0,0.07058824,1.0,57027000.000000
2,572.0,339.0,0.12352942,1.0,57027028.000000
2,572.0,339.0,0.0882353,1.0,57027060.000000
1,572.0,339.0,0.0882353,1.0,57027068.000000
0,524.0,870.0,0.07058824,1.0,57087304.000000
2,524.0,870.0,0.0882353,1.0,57087344.000000
1,524.0,870.0,0.0882353,1.0,57087376.000000
0,738.0,1003.0,0.03529412,1.0,57313400.000000
2,738.0,1003.0,0.07058824,1.0,57313424.000000
2,738.0,1003.0,0.12352942,1.0,57313440.000000
2,741.77814,982.5821,0.12352942,1.0,57313464.000000
2,750.4563,943.20404,0.12352942,1.0,57313476.000000
2,758.9259,900.5852,0.12352942,1.0,57313496.000000
2,765.30145,855.2392,0.12352942,1.0,57313512.000000
2,767.74036,832.9473,0.12352942,1.0,57313528.000000
2,770.8525,811.03284,0.10588236,1.0,57313544.000000
2,775.883,794.4291,0.10588236,1.0,57313560.000000
2,780.5142,781.46674,0.10588236,1.0,57313576.000000
2,785.146,771.708,0.12352942,1.0,57313592.000000
2,789.1908,764.61835,0.14117648,1.0,57313616.000000
2,791.1364,760.7271,0.12352942,1.0,57313624.000000
2,792.0,758.31683,0.12352942,1.0,57313640.000000
2,792.0,756.7797,0.0882353,1.0,57313660.000000
2,792.0,755.23114,0.0882353,1.0,57313680.000000
2,792.0,753.69073,0.0882353,1.0,57313704.000000
1,792.0,753.69073,0.0882353,1.0,57313720.000000
0,541.0,339.0,0.03529412,1.0,77722664.000000
2,541.0,339.0,0.0882353,1.0,77722680.000000
1,541.0,339.0,0.0882353,1.0,77722688.000000
0,794.0,883.0,0.0882353,1.0,78199416.000000
2,799.637,858.50665,0.12352942,1.0,78199464.000000
2,807.37286,825.28485,0.14117648,1.0,78199472.000000
2,814.4821,775.143,0.12352942,1.0,78199488.000000
2,817.1777,725.3137,0.10588236,1.0,78199504.000000
1,817.1777,725.3137,0.10588236,1.0,78199504.000000
0,791.0,934.0,0.05294118,1.0,78276368.000000
2,791.0,934.0,0.10588236,1.0,78276392.000000
2,791.0,934.0,0.10588236,1.0,78276416.000000
2,791.0,929.1387,0.10588236,1.0,78276432.000000
2,800.6714,902.5049,0.12352942,1.0,78276448.000000
2,818.81476,852.8064,0.12352942,1.0,78276464.000000
2,837.9527,804.03595,0.12352942,1.0,78276480.000000
2,853.5006,758.16473,0.0882353,1.0,78276496.000000
1,853.5006,758.16473,0.0882353,1.0,78276496.000000
0,517.0,696.0,0.05294118,1.0,78294472.000000
2,517.0,696.0,0.10588236,1.0,78294512.000000
2,517.0,696.0,0.10588236,1.0,78294528.000000
2,517.0,696.0,0.10588236,1.0,78294552.000000
2,517.0,696.0,0.10588236,1.0,78294560.000000
1,517.0,696.0,0.10588236,1.0,78294568.000000
0,83.0,584.0,0.0882353,1.0,78443456.000000
2,83.0,584.0,0.10588236,1.0,78443520.000000
2,83.0,584.0,0.10588236,1.0,78443544.000000
1,83.0,584.0,0.10588236,1.0,78443552.000000
0,406.0,551.0,0.05294118,1.0,78445872.000000
2,406.0,551.0,0.10588236,1.0,78445896.000000
1,406.0,551.0,0.10588236,1.0,78445904.000000
0,738.0,974.0,0.05294118,1.0,78451568.000000
2,738.0,974.0,0.12352942,1.0,78451608.000000
2,740.5024,958.7394,0.14117648,1.0,78451616.000000
2,745.38116,928.1258,0.12352942,1.0,78451640.000000
2,749.9901,897.39905,0.14117648,1.0,78451664.000000
2,753.763,866.8962,0.12352942,1.0,78451680.000000
2,756.85645,846.8612,0.10588236,1.0,78451696.000000
2,761.9219,828.23444,0.0882353,1.0,78451712.000000
2,766.5823,814.308,0.10588236,1.0,78451728.000000
2,770.1488,805.62805,0.10588236,1.0,78451744.000000
2,772.6181,800.14575,0.10588236,1.0,78451760.000000
2,774.0,796.66943,0.10588236,1.0,78451792.000000
2,773.73773,792.73773,0.10588236,1.0,78451824.000000
2,772.1978,791.1978,0.10588236,1.0,78451840.000000
2,772.0,789.6501,0.10588236,1.0,78451856.000000
2,772.0,788.1046,0.10588236,1.0,78451872.000000
2,772.0,786.56445,0.10588236,1.0,78451888.000000
2,772.0,787.0,0.10588236,1.0,78451912.000000
2,772.0,785.95996,0.10588236,1.0,78451928.000000
1,772.0,785.95996,0.10588236,1.0,78451936.000000
0,725.0,978.0,0.05294118,1.0,78481288.000000
2,725.0,978.0,0.10588236,1.0,78481304.000000
2,739.7105,957.8268,0.12352942,1.0,78481328.000000
2,766.8609,914.3352,0.10588236,1.0,78481344.000000
2,786.78564,859.61017,0.10588236,1.0,78481360.000000
2,797.5,808.0,0.12352942,1.0,78481376.000000
2,795.0864,752.8888,0.0882353,1.0,78481392.000000
1,795.0864,752.8888,0.0882353,1.0,78481408.000000
0,955.0,906.0,0.07058824,1.0,78821952.000000
2,955.0,906.0,0.12352942,1.0,78821976.000000
1,955.0,906.0,0.12352942,1.0,78822032.000000
0,854.0,677.0,0.05294118,1.0,78856208.000000
2,854.0,677.0,0.07058824,1.0,78856224.000000
2,852.4674,679.2989,0.0882353,1.0,78856232.000000
2,844.9453,692.69836,0.10588236,1.0,78856256.000000
2,828.4827,723.13104,0.10588236,1.0,78856272.000000
2,811.24414,760.6377,0.14117648,1.0,78856288.000000
2,797.4836,789.88446,0.12352942,1.0,78856312.000000
2,784.9656,819.2314,0.10588236,1.0,78856328.000000
2,774.6849,848.1554,0.10588236,1.0,78856352.000000
2,770.5711,861.8104,0.10588236,1.0,78856368.000000
2,766.0,880.37506,0.10588236,1.0,78856400.000000
2,766.0,887.67346,0.10588236,1.0,78856416.000000
2,766.0,889.4079,0.10588236,1.0,78856432.000000
2,766.0,891.16174,0.10588236,1.0,78856456.000000
2,764.5,892.5,0.10588236,1.0,78856464.000000
2,765.0,893.10364,0.10588236,1.0,78856480.000000
2,765.0,896.043,0.10588236,1.0,78856504.000000
2,765.0,899.8249,0.10588236,1.0,78856520.000000
2,765.0,906.7841,0.10588236,1.0,78856544.000000
2,763.1856,921.07196,0.10588236,1.0,78856568.000000
2,761.6274,928.8632,0.10588236,1.0,78856584.000000
2,756.0408,952.3164,0.0882353,1.0,78856624.000000
2,752.99335,965.0266,0.10588236,1.0,78856632.000000
2,749.8854,975.90125,0.10588236,1.0,78856648.000000
2,747.9006,984.497,0.10588236,1.0,78856664.000000
2,746.34894,990.6041,0.10588236,1.0,78856680.000000
2,743.6148,996.7703,0.07058824,1.0,78856696.000000
1,743.6148,996.7703,0.07058824,1.0,78856704.000000
0,783.0,929.0,0.07058824,1.0,78911648.000000
2,783.0,929.0,0.10588236,1.0,78911664.000000
1,783.0,929.0,0.10588236,1.0,78911680.000000
0,905.0,1198.0,0.10588236,1.0,79033712.000000
2,905.0,1198.0,0.10588236,1.0,79033744.000000
2,905.0,1198.0,0.10588236,1.0,79033752.000000
1,905.0,1198.0,0.10588236,1.0,79033760.000000
0,859.0,894.0,0.03529412,1.0,79078040.000000
2,859.0,894.0,0.12352942,1.0,79078064.000000
2,859.0,894.0,0.12352942,1.0,79078080.000000
2,859.0,894.0,0.12352942,1.0,79078104.000000
2,859.0,894.0,0.10588236,1.0,79078112.000000
1,859.0,894.0,0.10588236,1.0,79078120.000000
0,774.0,596.0,0.0882353,1.0,39304192.000000
2,760.4291,614.38025,0.10588236,1.0,39304224.000000
2,742.0956,641.8567,0.12352942,1.0,39304240.000000
2,726.71545,672.6007,0.14117648,1.0,39304256.000000
2,714.971,706.08704,0.14117648,1.0,39304272.000000
2,705.319,733.92957,0.14117648,1.0,39304288.000000
2,697.3653,752.58673,0.14117648,1.0,39304312.000000
2,692.4035,765.5907,0.12352942,1.0,39304324.000000
2,689.5132,774.7171,0.12352942,1.0,39304340.000000
2,687.71704,779.84894,0.12352942,1.0,39304356.000000
2,686.1775,782.645,0.12352942,1.0,39304372.000000
2,684.634,784.366,0.12352942,1.0,39304388.000000
2,683.0978,785.9022,0.12352942,1.0,39304412.000000
2,681.55756,787.44244,0.14117648,1.0,39304432.000000
2,678.9506,794.6234,0.14117648,1.0,39304456.000000
2,675.863,801.27405,0.14117648,1.0,39304472.000000
2,672.77527,808.0619,0.14117648,1.0,39304488.000000
2,670.847,815.91815,0.14117648,1.0,39304520.000000
2,669.0,835.6723,0.12352942,1.0,39304544.000000
2,669.0,849.9849,0.12352942,1.0,39304556.000000
2,669.0,863.86005,0.14117648,1.0,39304572.000000
2,668.0,874.0543,0.14117648,1.0,39304592.000000
2,666.5944,885.65045,0.12352942,1.0,39304612.000000
2,665.0587,900.41315,0.12352942,1.0,39304624.000000
2,665.0,916.83453,0.12352942,1.0,39304648.000000
2,665.0,930.2076,0.12352942,1.0,39304660.000000
2,663.4273,938.8636,0.14117648,1.0,39304672.000000
2,663.0,945.4539,0.12352942,1.0,39304692.000000
2,662.3423,950.9732,0.10588236,1.0,39304716.000000
2,660.8012,955.99396,0.10588236,1.0,39304736.000000
2,657.7227,976.21826,0.10588236,1.0,39304756.000000
2,658.0,987.5759,0.10588236,1.0,39304772.000000
2,658.0,998.48096,0.10588236,1.0,39304788.000000
2,658.0,1007.4249,0.10588236,1.0,39304808.000000
2,658.0,1016.6471,0.10588236,1.0,39304824.000000
2,658.0,1023.90436,0.10588236,1.0,39304840.000000
2,658.0,1030.121,0.10588236,1.0,39304856.000000
2,658.0,1035.2048,0.10588236,1.0,39304872.000000
2,658.0,1037.6152,0.10588236,1.0,39304888.000000
2,658.0,1039.1587,0.10588236,1.0,39304912.000000
2,658.0,1040.5,0.10588236,1.0,39304932.000000
2,658.0,1040.0,0.10588236,1.0,39304972.000000
2,658.0,1040.0,0.10588236,1.0,39305048.000000
2,658.0,1040.0,0.10588236,1.0,39305068.000000
2,658.0,1040.0,0.10588236,1.0,39305088.000000
2,658.0,1040.0,0.10588236,1.0,39305100.000000
2,658.0,1040.0,0.10588236,1.0,39305120.000000
2,658.0,1040.0,0.10588236,1.0,39305140.000000
2,658.0,1040.0,0.10588236,1.0,39305188.000000
2,658.0,1040.0,0.10588236,1.0,39305216.000000
2,656.5,1040.0,0.10588236,1.0,39305236.000000
2,655.7338,1041.2661,0.10588236,1.0,39305260.000000
2,655.0,1041.6918,0.10588236,1.0,39305324.000000
2,655.0,1042.5,0.10588236,1.0,39305344.000000
2,653.8764,1042.0,0.10588236,1.0,39305404.000000
2,654.0,1043.0114,0.10588236,1.0,39305496.000000
2,652.92584,1043.0,0.10588236,1.0,39305616.000000
2,651.81396,1043.0,0.10588236,1.0,39305648.000000
2,652.0,1044.0242,0.10588236,1.0,39305720.000000
2,650.9915,1044.0,0.10588236,1.0,39305940.000000
2,649.0,1043.1945,0.10588236,1.0,39305976.000000
2,648.6539,1041.6539,0.10588236,1.0,39305992.000000
2,648.0,1040.12,0.10588236,1.0,39306012.000000
2,648.0,1038.573,0.10588236,1.0,39306028.000000
2,648.0,1036.0613,0.12352942,1.0,39306048.000000
2,648.0,1032.4817,0.12352942,1.0,39306080.000000
2,649.5904,1011.0959,0.12352942,1.0,39306096.000000
2,652.2672,994.6639,0.12352942,1.0,39306112.000000
2,655.35126,979.24384,0.12352942,1.0,39306128.000000
2,659.6493,959.3206,0.14117648,1.0,39306148.000000
2,665.0415,931.553,0.12352942,1.0,39306168.000000
2,709.4237,794.5367,0.14117648,1.0,39306224.000000
2,728.9338,759.36816,0.14117648,1.0,39306236.000000
2,753.28314,724.6107,0.10588236,1.0,39306252.000000
1,753.28314,724.6107,0.10588236,1.0,39306256.000000
0,575.0,486.0,0.05294118,1.0,39345520.000000
2,575.0,486.0,0.0882353,1.0,39345548.000000
2,575.0,486.0,0.10588236,1.0,39345568.000000
2,575.0,486.0,0.10588236,1.0,39345576.000000
2,575.0,486.0,0.10588236,1.0,39345612.000000
1,575.0,486.0,0.10588236,1.0,39345648.000000
0,682.0,756.0,0.03529412,1.0,39580944.000000
2,682.0,756.0,0.14117648,1.0,39580992.000000
2,682.0,756.0,0.14117648,1.0,39581012.000000
2,682.0,756.0,0.14117648,1.0,39581032.000000
2,682.0,756.0,0.12352942,1.0,39581040.000000
1,682.0,756.0,0.12352942,1.0,39581052.000000
0,885.0,916.0,0.07058824,1.0,39663552.000000
2,885.0,916.0,0.10588236,1.0,39663560.000000
2,885.0,916.0,0.12352942,1.0,39663572.000000
2,888.6827,897.58655,0.14117648,1.0,39663608.000000
2,897.4234,862.6524,0.14117648,1.0,39663624.000000
2,903.2848,825.0085,0.14117648,1.0,39663640.000000
2,906.9443,787.61304,0.12352942,1.0,39663656.000000
2,908.5,763.0,0.12352942,1.0,39663672.000000
2,911.12,728.73987,0.10588236,1.0,39663692.000000
2,915.4363,703.8639,0.10588236,1.0,39663704.000000
2,921.5878,681.9426,0.10588236,1.0,39663724.000000
2,929.49243,658.8242,0.10588236,1.0,39663740.000000
2,937.30994,638.8562,0.07058824,1.0,39663756.000000
1,937.30994,638.8562,0.07058824,1.0,39663776.000000
0,857.0,752.0,0.03529412,1.0,39683128.000000
2,844.54205,774.9813,0.10588236,1.0,39683144.000000
2,828.2878,812.0857,0.10588236,1.0,39683160.000000
2,811.3522,858.64386,0.12352942,1.0,39683172.000000
2,793.01385,900.7373,0.14117648,1.0,39683192.000000
2,777.0408,936.65314,0.10588236,1.0,39683212.000000
2,767.13184,963.37805,0.10588236,1.0,39683224.000000
2,761.0184,981.27216,0.10588236,1.0,39683244.000000
2,757.2491,994.1283,0.10588236,1.0,39683256.000000
2,753.03033,1007.909,0.0882353,1.0,39683304.000000
2,751.0,1014.0577,0.0882353,1.0,39683328.000000
2,751.0,1015.5954,0.0882353,1.0,39683340.000000
2,749.8575,1017.1425,0.07058824,1.0,39683352.000000
1,749.8575,1017.1425,0.07058824,1.0,39683360.000000
0,896.0,726.0,0.05294118,1.0,39749396.000000
2,896.0,726.0,0.10588236,1.0,39749412.000000
2,887.6415,731.1132,0.12352942,1.0,39749424.000000
2,872.2232,742.29224,0.14117648,1.0,39749440.000000
2,846.55023,768.15765,0.12352942,1.0,39749464.000000
2,817.1461,800.1312,0.14117648,1.0,39749484.000000
2,790.3277,837.8004,0.14117648,1.0,39749496.000000
2,774.30634,866.724,0.14117648,1.0,39749512.000000
2,763.6787,893.07697,0.14117648,1.0,39749528.000000
2,757.70667,917.03564,0.12352942,1.0,39749544.000000
2,753.0832,937.6396,0.12352942,1.0,39749560.000000
2,749.4348,958.8259,0.14117648,1.0,39749580.000000
2,745.86835,983.0533,0.12352942,1.0,39749604.000000
2,743.39496,1001.0504,0.12352942,1.0,39749624.000000
2,741.8522,1016.4781,0.14117648,1.0,39749644.000000
2,738.7549,1048.4514,0.12352942,1.0,39749660.000000
2,735.6715,1073.2996,0.12352942,1.0,39749696.000000
2,734.1248,1085.0012,0.14117648,1.0,39749708.000000
2,732.5762,1095.9668,0.10588236,1.0,39749728.000000
2,731.0307,1105.8158,0.10588236,1.0,39749744.000000
2,729.5,1113.5,0.10588236,1.0,39749760.000000
2,728.9517,1120.1931,0.10588236,1.0,39749776.000000
2,729.0,1124.8031,0.10588236,1.0,39749792.000000
2,727.84845,1129.4546,0.10588236,1.0,39749808.000000
2,727.0,1133.3795,0.10588236,1.0,39749824.000000
2,727.0,1136.6984,0.10588236,1.0,39749844.000000
2,726.22327,1140.5535,0.10588236,1.0,39749864.000000
2,726.0,1143.6373,0.10588236,1.0,39749880.000000
2,725.1379,1146.7242,0.10588236,1.0,39749896.000000
2,725.0,1151.2286,0.10588236,1.0,39749908.000000
2,725.0,1154.857,0.10588236,1.0,39749924.000000
2,724.49664,1161.5166,0.10588236,1.0,39749940.000000
2,722.9571,1169.2145,0.10588236,1.0,39749960.000000
2,722.0,1177.977,0.10588236,1.0,39749976.000000
2,722.0,1184.5458,0.10588236,1.0,39749992.000000
2,722.0,1190.044,0.10588236,1.0,39750008.000000
2,722.0,1193.4486,0.10588236,1.0,39750024.000000
2,722.0,1196.5364,0.10588236,1.0,39750044.000000
2,722.0,1198.3083,0.0882353,1.0,39750060.000000
2,722.0,1200.8589,0.0882353,1.0,39750080.000000
2,722.0,1202.4027,0.07058824,1.0,39750096.000000
1,722.0,1202.4027,0.07058824,1.0,39750104.000000
0,811.0,372.0,0.03529412,1.0,39956604.000000
2,811.0,372.0,0.12352942,1.0,39956640.000000
2,811.0,372.0,0.12352942,1.0,39956660.000000
2,811.0,372.0,0.12352942,1.0,39956684.000000
1,811.0,372.0,0.12352942,1.0,39956700.000000
0,810.0,930.0,0.07058824,1.0,39984616.000000
2,810.0,930.0,0.10588236,1.0,39984640.000000
2,810.0,921.08997,0.12352942,1.0,39984656.000000
2,824.47614,877.65814,0.14117648,1.0,39984680.000000
2,840.4168,830.1662,0.10588236,1.0,39984692.000000
2,855.1233,781.131,0.10588236,1.0,39984712.000000
2,862.03265,740.7385,0.12352942,1.0,39984728.000000
2,861.7495,706.73914,0.0882353,1.0,39984744.000000
1,861.7495,706.73914,0.0882353,1.0,39984748.000000
0,854.0,856.0,0.07058824,1.0,40039560.000000
2,894.26685,668.5449,0.10588236,1.0,40039648.000000
1,894.26685,668.5449,0.10588236,1.0,40039652.000000
0,853.0,556.0,0.07058824,1.0,40063176.000000
2,853.0,556.0,0.10588236,1.0,40063212.000000
2,853.0,556.0,0.10588236,1.0,40063232.000000
2,853.0,560.376,0.12352942,1.0,40063240.000000
2,851.361,572.11163,0.12352942,1.0,40063264.000000
2,846.8048,605.9758,0.14117648,1.0,40063304.000000
2,839.60126,631.7557,0.12352942,1.0,40063320.000000
2,830.08496,659.74506,0.12352942,1.0,40063336.000000
2,819.4312,691.70636,0.14117648,1.0,40063348.000000
2,811.4367,722.42786,0.12352942,1.0,40063364.000000
2,803.69635,751.75385,0.14117648,1.0,40063384.000000
2,796.98676,782.063,0.12352942,1.0,40063400.000000
2,792.90295,803.0339,0.14117648,1.0,40063424.000000
2,790.91376,819.86255,0.12352942,1.0,40063448.000000
2,789.0,849.66986,0.12352942,1.0,40063472.000000
2,789.0,860.38385,0.12352942,1.0,40063492.000000
2,789.0,866.8197,0.14117648,1.0,40063508.000000
2,789.0,870.6384,0.12352942,1.0,40063524.000000
2,789.0,873.72833,0.12352942,1.0,40063540.000000
2,789.0,878.6394,0.12352942,1.0,40063560.000000
2,787.545,887.64026,0.12352942,1.0,40063576.000000
2,785.9995,900.0041,0.10588236,1.0,40063592.000000
2,784.45404,911.2757,0.10588236,1.0,40063612.000000
2,782.9114,918.1772,0.10588236,1.0,40063628.000000
2,782.0,921.26086,0.10588236,1.0,40063648.000000
2,782.0,925.719,0.10588236,1.0,40063668.000000
2,782.0,927.26965,0.10588236,1.0,40063692.000000
2,782.0,927.0,0.10588236,1.0,40063736.000000
2,782.0,928.0,0.10588236,1.0,40063788.000000
2,782.0,928.0,0.10588236,1.0,40063796.000000
2,782.0,928.0,0.10588236,1.0,40063816.000000
2,782.0,928.0,0.10588236,1.0,40063976.000000
2,782.0,928.0,0.10588236,1.0,40064016.000000
2,782.0,928.0,0.10588236,1.0,40064024.000000
2,782.0,928.0,0.10588236,1.0,40064044.000000
2,782.0,928.0,0.10588236,1.0,40064064.000000
2,782.0,928.0,0.10588236,1.0,40064076.000000
2,782.0,928.0,0.10588236,1.0,40064144.000000
2,782.0,928.0,0.12352942,1.0,40064176.000000
2,782.0,928.0,0.10588236,1.0,40064244.000000
2,782.0,928.0,0.12352942,1.0,40064264.000000
2,847.6401,716.6083,0.12352942,1.0,40064384.000000
2,899.2525,660.7475,0.14117648,1.0,40064396.000000
2,946.19495,613.80505,0.0882353,1.0,40064416.000000
1,946.19495,613.80505,0.0882353,1.0,40064428.000000
0,566.0,176.0,0.0882353,1.0,40112352.000000
2,566.0,185.14873,0.12352942,1.0,40112368.000000
2,566.0,218.49225,0.14117648,1.0,40112380.000000
2,567.11383,266.6418,0.14117648,1.0,40112404.000000
2,570.9902,320.89212,0.14117648,1.0,40112436.000000
2,577.5017,437.0344,0.14117648,1.0,40112452.000000
2,580.6102,496.59436,0.12352942,1.0,40112464.000000
2,582.85236,555.9465,0.12352942,1.0,40112480.000000
2,584.3932,617.0861,0.10588236,1.0,40112504.000000
2,585.0,675.18243,0.10588236,1.0,40112512.000000
2,586.4753,727.1585,0.10588236,1.0,40112532.000000
2,586.0,766.88684,0.10588236,1.0,40112548.000000
2,587.14056,802.6866,0.10588236,1.0,40112564.000000
2,590.23334,837.5669,0.10588236,1.0,40112584.000000
2,595.9958,866.6442,0.0882353,1.0,40112604.000000
2,600.68463,887.9667,0.07058824,1.0,40112616.000000
1,600.68463,887.9667,0.07058824,1.0,40112632.000000
0,836.0,690.0,0.05294118,1.0,77799296.000000
2,836.0,690.0,0.10588236,1.0,77799320.000000
2,836.0,690.0,0.10588236,1.0,77799336.000000
2,836.0,690.0,0.10588236,1.0,77799360.000000
2,836.0,690.0,0.0882353,1.0,77799368.000000
1,836.0,690.0,0.0882353,1.0,77799384.000000
0,938.0,545.0,0.03529412,1.0,78051296.000000
2,769.95703,774.56445,0.10588236,1.0,78051384.000000
2,742.17926,846.3798,0.10588236,1.0,78051400.000000
2,717.7271,923.61096,0.0882353,1.0,78051416.000000
2,699.8499,992.6454,0.07058824,1.0,78051432.000000
1,699.8499,992.6454,0.07058824,1.0,78051440.000000
0,798.0,888.0,0.07058824,1.0,78311368.000000
2,798.0,888.0,0.12352942,1.0,78311392.000000
2,798.9863,880.10925,0.14117648,1.0,78311408.000000
2,805.0,848.5,0.12352942,1.0,78311424.000000
2,815.44855,789.4581,0.12352942,1.0,78311456.000000
2,826.0267,737.2649,0.12352942,1.0,78311464.000000
2,839.5644,693.3069,0.0882353,1.0,78311488.000000
1,839.5644,693.3069,0.0882353,1.0,78311504.000000
0,725.0,984.0,0.07058824,1.0,78454728.000000
2,725.0,984.0,0.10588236,1.0,78454744.000000
2,725.0,984.0,0.10588236,1.0,78454760.000000
2,725.0,984.0,0.10588236,1.0,78454776.000000
2,725.0,984.0,0.10588236,1.0,78454792.000000
2,725.0,984.0,0.10588236,1.0,78454808.000000
2,725.0,984.0,0.10588236,1.0,78454824.000000
1,725.0,984.0,0.10588236,1.0,78454832.000000
0,202.0,1317.0,0.10588236,1.0,78534984.000000
2,202.0,1317.0,0.10588236,1.0,78535024.000000
2,202.0,1317.0,0.12352942,1.0,78535056.000000
2,202.0,1317.0,0.0882353,1.0,78535088.000000
1,202.0,1317.0,0.0882353,1.0,78535104.000000
0,800.0,938.0,0.07058824,1.0,32819388.000000
2,800.0,938.0,0.12352942,1.0,32819406.000000
2,802.8049,916.34143,0.12352942,1.0,32819418.000000
2,816.24725,868.0097,0.14117648,1.0,32819432.000000
2,830.0828,828.6908,0.12352942,1.0,32819452.000000
2,846.5157,789.0539,0.10588236,1.0,32819468.000000
1,846.5157,789.0539,0.10588236,1.0,32819472.000000
0,787.0,1161.0,0.03529412,1.0,33057478.000000
2,759.47144,1258.3163,0.10588236,1.0,33057510.000000
2,736.3073,1348.8301,0.10588236,1.0,33057528.000000
2,723.5867,1414.48,0.0882353,1.0,33057542.000000
1,723.5867,1414.48,0.0882353,1.0,33057560.000000
0,802.0,492.0,0.07058824,1.0,33281592.000000
2,802.0,492.0,0.12352942,1.0,33281620.000000
2,802.0,492.0,0.12352942,1.0,33281630.000000
2,802.0,492.0,0.12352942,1.0,33281648.000000
2,802.0,492.0,0.0882353,1.0,33281664.000000
1,802.0,492.0,0.0882353,1.0,33281668.000000
0,794.0,964.0,0.05294118,1.0,33290372.000000
2,794.0,964.0,0.0882353,1.0,33290402.000000
2,799.9426,948.153,0.10588236,1.0,33290430.000000
2,830.21454,892.0799,0.12352942,1.0,33290450.000000
2,864.275,824.44995,0.12352942,1.0,33290460.000000
2,890.6223,753.7489,0.12352942,1.0,33290478.000000
2,907.71967,704.01294,0.10588236,1.0,33290496.000000
1,907.71967,704.01294,0.10588236,1.0,33290512.000000
0,779.0,845.0,0.0882353,1.0,33504386.000000
2,779.0,842.5325,0.10588236,1.0,33504416.000000
2,783.121,825.516,0.12352942,1.0,33504432.000000
2,793.4088,764.0403,0.10588236,1.0,33504454.000000
2,809.59424,694.4877,0.12352942,1.0,33504472.000000
2,826.2347,632.1082,0.10588236,1.0,33504484.000000
1,826.2347,632.1082,0.10588236,1.0,33504492.000000
0,704.0,554.0,0.07058824,1.0,33509204.000000
2,704.0,554.0,0.10588236,1.0,33509228.000000
2,704.0,554.0,0.10588236,1.0,33509236.000000
2,704.0,554.0,0.10588236,1.0,33509284.000000
1,704.0,554.0,0.10588236,1.0,33509296.000000
0,501.0,838.0,0.03529412,1.0,33514424.000000
2,501.0,838.0,0.10588236,1.0,33514452.000000
2,501.0,838.0,0.10588236,1.0,33514490.000000
2,501.0,838.0,0.10588236,1.0,33514504.000000
1,501.0,838.0,0.10588236,1.0,33514510.000000
0,690.0,908.0,0.07058824,1.0,33622392.000000
2,690.0,908.0,0.12352942,1.0,33622412.000000
2,690.0,908.0,0.12352942,1.0,33622432.000000
2,690.0,908.0,0.12352942,1.0,33622452.000000
2,690.0,908.0,0.12352942,1.0,33622460.000000
1,690.0,908.0,0.12352942,1.0,33622472.000000
0,693.0,1233.0,0.10588236,1.0,33631260.000000
2,693.0,1233.0,0.12352942,1.0,33631288.000000
2,693.0,1233.0,0.0882353,1.0,33631324.000000
1,693.0,1233.0,0.0882353,1.0,33631340.000000
0,602.0,337.0,0.0882353,1.0,74416176.000000
2,602.0,337.0,0.0882353,1.0,74416192.000000
2,602.0,337.0,0.07058824,1.0,74416208.000000
1,602.0,337.0,0.07058824,1.0,74416224.000000
0,627.0,931.0,0.07058824,1.0,74527544.000000
2,627.0,931.0,0.12352942,1.0,74527576.000000
2,627.0,931.0,0.10588236,1.0,74527608.000000
1,627.0,931.0,0.10588236,1.0,74527632.000000
0,762.0,985.0,0.05294118,1.0,74560240.000000
2,762.0,985.0,0.10588236,1.0,74560264.000000
2,760.5695,982.1391,0.10588236,1.0,74560272.000000
2,756.2359,973.47186,0.12352942,1.0,74560288.000000
2,754.19324,947.25183,0.12352942,1.0,74560312.000000
2,756.6828,912.14795,0.12352942,1.0,74560328.000000
2,765.3249,866.3754,0.14117648,1.0,74560344.000000
2,775.03503,828.727,0.10588236,1.0,74560368.000000
2,787.80035,790.53235,0.10588236,1.0,74560384.000000
2,809.4408,745.75616,0.12352942,1.0,74560392.000000
2,832.21094,706.9241,0.0882353,1.0,74560408.000000
1,832.21094,706.9241,0.0882353,1.0,74560424.000000
0,794.0,902.0,0.03529412,1.0,74745816.000000
2,796.4125,845.10126,0.12352942,1.0,74745864.000000
2,800.8658,795.52124,0.14117648,1.0,74745880.000000
2,806.9965,747.5268,0.14117648,1.0,74745896.000000
2,815.28796,698.3297,0.0882353,1.0,74745912.000000
1,815.28796,698.3297,0.0882353,1.0,74745928.000000
0,730.0,782.0,0.07058824,1.0,74895144.000000
2,729.0307,786.8464,0.12352942,1.0,74895176.000000
2,723.9284,809.2625,0.12352942,1.0,74895200.000000
2,708.3514,853.7297,0.10588236,1.0,74895208.000000
2,684.9243,906.1148,0.12352942,1.0,74895232.000000
2,659.5944,965.7132,0.14117648,1.0,74895240.000000
2,640.338,1017.9859,0.10588236,1.0,74895256.000000
2,627.1763,1058.6991,0.10588236,1.0,74895280.000000
2,621.65283,1087.6478,0.10588236,1.0,74895304.000000
2,618.67474,1113.2285,0.10588236,1.0,74895320.000000
2,617.1273,1131.5997,0.10588236,1.0,74895328.000000
2,617.0,1150.0032,0.0882353,1.0,74895344.000000
2,615.0363,1165.6368,0.0882353,1.0,74895360.000000
2,613.5,1181.0,0.10588236,1.0,74895376.000000
2,610.9484,1192.3612,0.10588236,1.0,74895392.000000
2,608.4075,1201.5553,0.10588236,1.0,74895408.000000
2,606.8603,1211.9778,0.07058824,1.0,74895424.000000
2,606.0,1222.7823,0.07058824,1.0,74895448.000000
2,606.0,1231.514,0.0882353,1.0,74895456.000000
2,606.0,1237.2982,0.0882353,1.0,74895480.000000
2,606.0,1240.6334,0.0882353,1.0,74895496.000000
2,606.0,1241.8617,0.0882353,1.0,74895504.000000
2,606.0,1243.4067,0.0882353,1.0,74895536.000000
2,606.0,1243.8115,0.0882353,1.0,74895544.000000
2,606.0,1244.5,0.0882353,1.0,74895560.000000
2,606.0,1244.0,0.0882353,1.0,74895616.000000
2,607.8829,1233.88,0.07058824,1.0,74895680.000000
2,640.88837,1069.3907,0.10588236,1.0,74895744.000000
2,653.16345,1028.4688,0.10588236,1.0,74895768.000000
2,662.7646,992.94165,0.12352942,1.0,74895784.000000
2,670.61847,965.04156,0.12352942,1.0,74895800.000000
2,679.8901,936.3297,0.12352942,1.0,74895808.000000
2,687.9856,912.0433,0.12352942,1.0,74895832.000000
2,695.6957,888.17377,0.12352942,1.0,74895856.000000
2,701.5659,865.6044,0.10588236,1.0,74895872.000000
2,707.75604,834.5978,0.12352942,1.0,74895904.000000
2,713.67163,820.7389,0.10588236,1.0,74895920.000000
2,719.84094,806.3976,0.10588236,1.0,74895928.000000
2,728.1588,787.6559,0.07058824,1.0,74895952.000000
1,728.1588,787.6559,0.07058824,1.0,74895968.000000
0,647.0,568.0,0.0882353,1.0,74916720.000000
2,647.0,568.0,0.10588236,1.0,74916744.000000
1,647.0,568.0,0.10588236,1.0,74916800.000000
0,879.0,654.0,0.07058824,1.0,74988736.000000
2,876.1015,658.5548,0.0882353,1.0,74988752.000000
2,858.6656,685.0016,0.10588236,1.0,74988760.000000
2,834.0,729.5,0.10588236,1.0,74988784.000000
2,807.35675,783.4243,0.12352942,1.0,74988800.000000
2,767.90796,876.0951,0.10588236,1.0,74988832.000000
2,757.6071,916.2502,0.12352942,1.0,74988848.000000
2,752.3461,941.2694,0.14117648,1.0,74988864.000000
2,751.22894,964.566,0.12352942,1.0,74988880.000000
2,751.0,983.7342,0.12352942,1.0,74988896.000000
2,750.14404,998.70386,0.12352942,1.0,74988912.000000
2,750.0,1014.8059,0.14117648,1.0,74988928.000000
2,750.0,1037.2781,0.12352942,1.0,74988944.000000
2,748.51636,1061.7383,0.12352942,1.0,74988960.000000
2,744.91974,1084.6421,0.12352942,1.0,74988976.000000
2,739.6571,1109.2002,0.12352942,1.0,74988992.000000
2,733.50085,1127.3726,0.10588236,1.0,74989008.000000
2,728.9729,1144.4327,0.0882353,1.0,74989032.000000
2,725.53613,1157.8553,0.0882353,1.0,74989040.000000
1,725.53613,1157.8553,0.0882353,1.0,74989048.000000
0,604.0,847.0,0.05294118,1.0,75114768.000000
2,604.0,847.0,0.10588236,1.0,75114816.000000
2,600.3117,762.57153,0.14117648,1.0,75114880.000000
2,601.83954,746.60486,0.12352942,1.0,75114904.000000
2,605.8541,722.4377,0.12352942,1.0,75114920.000000
2,608.9442,714.6394,0.12352942,1.0,75114936.000000
2,615.1283,704.80756,0.0882353,1.0,75114952.000000
1,615.1283,704.80756,0.0882353,1.0,75114960.000000
0,839.0,662.0,0.05294118,1.0,75157856.000000
2,834.6375,666.3625,0.10588236,1.0,75157888.000000
2,819.3209,702.11743,0.10588236,1.0,75157904.000000
2,799.54834,756.78925,0.12352942,1.0,75157920.000000
2,773.56635,831.0324,0.10588236,1.0,75157944.000000
2,751.0962,911.5,0.10588236,1.0,75157952.000000
2,734.86914,978.3731,0.10588236,1.0,75157968.000000
2,720.691,1046.545,0.07058824,1.0,75157992.000000
2,714.40826,1076.9587,0.0882353,1.0,75158000.000000
2,706.68225,1106.9532,0.0882353,1.0,75158024.000000
2,700.9644,1123.0948,0.03529412,1.0,75158040.000000
1,700.9644,1123.0948,0.03529412,1.0,75158048.000000
0,763.0,930.0,0.05294118,1.0,75174336.000000
2,776.39307,907.11127,0.10588236,1.0,75174376.000000
2,806.0571,855.9564,0.10588236,1.0,75174392.000000
2,833.8125,803.7625,0.10588236,1.0,75174416.000000
2,853.1687,767.5115,0.10588236,1.0,75174432.000000
2,869.75995,739.86005,0.12352942,1.0,75174448.000000
2,884.31335,715.44293,0.10588236,1.0,75174456.000000
1,884.31335,715.44293,0.10588236,1.0,75174464.000000
0,846.0,755.0,0.05294118,1.0,75175568.000000
2,837.5652,765.5435,0.10588236,1.0,75175584.000000
2,813.9371,802.98236,0.12352942,1.0,75175608.000000
2,783.2096,852.51776,0.10588236,1.0,75175632.000000
2,759.11163,894.77673,0.10588236,1.0,75175656.000000
2,730.3567,975.0255,0.10588236,1.0,75175688.000000
2,722.7213,1008.35236,0.0882353,1.0,75175712.000000
2,709.357,1061.3398,0.10588236,1.0,75175728.000000
2,703.20026,1083.249,0.0882353,1.0,75175736.000000
2,699.00183,1101.4918,0.0882353,1.0,75175760.000000
2,695.9022,1113.3423,0.05294118,1.0,75175776.000000
1,695.9022,1113.3423,0.05294118,1.0,75175792.000000
0,857.0,933.0,0.07058824,1.0,75578744.000000
2,857.0,933.0,0.10588236,1.0,75578768.000000
2,857.0,933.0,0.10588236,1.0,75578792.000000
1,857.0,933.0,0.10588236,1.0,75578816.000000
0,520.0,1265.0,0.07058824,1.0,75631632.000000
2,520.0,1265.0,0.10588236,1.0,75631664.000000
2,520.0,1265.0,0.12352942,1.0,75631680.000000
2,520.0,1265.0,0.12352942,1.0,75631688.000000
2,520.0,1265.0,0.12352942,1.0,75631712.000000
2,522.0631,1261.9054,0.10588236,1.0,75631720.000000
1,522.0631,1261.9054,0.10588236,1.0,75631728.000000
0,684.0,965.0,0.03529412,1.0,75666016.000000
2,684.0,965.0,0.0882353,1.0,75666032.000000
2,684.0,965.0,0.12352942,1.0,75666056.000000
2,684.0,958.03876,0.14117648,1.0,75666064.000000
2,686.8202,925.97784,0.12352942,1.0,75666088.000000
2,692.8109,872.8439,0.12352942,1.0,75666104.000000
2,700.5,818.5,0.12352942,1.0,75666120.000000
2,710.27594,765.6663,0.10588236,1.0,75666136.000000
2,722.7537,727.5214,0.10588236,1.0,75666160.000000
2,738.6083,694.9296,0.07058824,1.0,75666168.000000
1,738.6083,694.9296,0.07058824,1.0,75666176.000000
0,798.0,787.0,0.07058824,1.0,75719624.000000
2,795.4963,792.00745,0.12352942,1.0,75719656.000000
2,784.85144,811.70856,0.14117648,1.0,75719672.000000
2,765.51245,854.0106,0.12352942,1.0,75719696.000000
2,734.4216,916.811,0.14117648,1.0,75719712.000000
2,706.6294,980.77625,0.14117648,1.0,75719736.000000
2,684.28705,1048.0063,0.10588236,1.0,75719752.000000
2,673.8777,1102.2952,0.12352942,1.0,75719768.000000
2,667.86255,1149.9926,0.12352942,1.0,75719792.000000
2,666.0,1188.6564,0.10588236,1.0,75719808.000000
2,665.0,1214.6798,0.12352942,1.0,75719816.000000
2,665.0,1240.9801,0.10588236,1.0,75719840.000000
2,665.0,1262.7245,0.10588236,1.0,75719856.000000
2,665.0,1278.8862,0.10588236,1.0,75719872.000000
2,666.33575,1292.6859,0.10588236,1.0,75719888.000000
2,667.0,1305.0923,0.10588236,1.0,75719904.000000
2,667.0,1339.1604,0.0882353,1.0,75719984.000000
2,667.0,1346.1534,0.10588236,1.0,75720008.000000
2,667.0,1348.5,0.10588236,1.0,75720024.000000
2,667.0,1349.7881,0.10588236,1.0,75720040.000000
2,667.0,1351.3254,0.10588236,1.0,75720064.000000
2,667.0,1351.0,0.10588236,1.0,75720088.000000
2,667.0,1351.0,0.10588236,1.0,75720128.000000
2,667.0,1352.0487,0.0882353,1.0,75720144.000000
2,667.0,1353.5972,0.07058824,1.0,75720160.000000
2,667.0,1354.5,0.07058824,1.0,75720176.000000
1,667.0,1354.5,0.07058824,1.0,75720208.000000
0,715.0,858.0,0.05294118,1.0,75750240.000000
2,715.0,858.0,0.10588236,1.0,75750280.000000
2,715.0,858.0,0.10588236,1.0,75750296.000000
2,715.0,858.0,0.10588236,1.0,75750320.000000
2,715.0,858.0,0.10588236,1.0,75750336.000000
1,715.0,858.0,0.10588236,1.0,75750344.000000
0,591.0,63.0,0.07058824,1.0,77490080.000000
2,569.70844,248.37364,0.12352942,1.0,77490096.000000
2,569.0,439.51685,0.14117648,1.0,77490112.000000
2,595.93945,576.8889,0.14117648,1.0,77490136.000000
2,627.81256,735.45624,0.14117648,1.0,77490152.000000
2,661.09174,881.11456,0.14117648,1.0,77490160.000000
2,693.4433,1017.7505,0.12352942,1.0,77490192.000000
2,721.9785,1128.6205,0.10588236,1.0,77490192.000000
1,721.9785,1128.6205,0.10588236,1.0,77490216.000000
