0,451.59763,460.24472,0.07058824,0.07058824,53380452.000000
2,451.59763,460.24472,0.11764707,0.11764707,53380656.000000
2,395.14792,605.4728,0.17254902,0.17254902,53380856.000000
2,377.0414,700.5117,0.17254902,0.17254902,53381076.000000
2,373.3136,753.90436,0.17254902,0.17254902,53381092.000000
2,372.2485,758.1758,0.17254902,0.17254902,53381108.000000
2,371.71597,759.24365,0.17254902,0.17254902,53381124.000000
2,371.18344,762.4472,0.17254902,0.17254902,53381160.000000
2,371.18344,764.5829,0.17254902,0.17254902,53381192.000000
2,370.65088,767.78644,0.17254902,0.17254902,53381208.000000
2,370.65088,768.8543,0.17254902,0.17254902,53381244.000000
2,370.11835,770.99,0.17254902,0.17254902,53381272.000000
2,370.11835,773.12573,0.17254902,0.17254902,53381296.000000
2,370.11835,774.1936,0.17254902,0.17254902,53381308.000000
2,370.11835,775.2614,0.17254902,0.17254902,53381352.000000
2,370.11835,776.3293,0.17254902,0.17254902,53381364.000000
2,370.11835,777.39716,0.17254902,0.17254902,53381392.000000
2,370.11835,778.46497,0.17254902,0.17254902,53381428.000000
2,370.11835,779.53284,0.17254902,0.17254902,53381476.000000
2,370.11835,780.6007,0.17254902,0.17254902,53381492.000000
2,370.11835,781.6686,0.17254902,0.17254902,53381528.000000
2,370.11835,782.7364,0.17254902,0.17254902,53381560.000000
2,371.71597,783.80426,0.17254902,0.17254902,53381576.000000
2,371.71597,784.87213,0.17254902,0.17254902,53381612.000000
2,372.2485,784.87213,0.17254902,0.17254902,53381628.000000
2,372.2485,785.93994,0.17254902,0.17254902,53381664.000000
2,372.2485,787.0078,0.17254902,0.17254902,53381696.000000
2,372.78107,787.0078,0.17254902,0.17254902,53381712.000000
2,372.78107,789.1435,0.17254902,0.17254902,53381760.000000
2,372.78107,790.21136,0.17254902,0.17254902,53381812.000000
2,373.3136,791.27924,0.17254902,0.17254902,53381880.000000
2,373.84616,791.27924,0.17254902,0.17254902,53381936.000000
2,374.3787,791.27924,0.17254902,0.17254902,53381992.000000
2,374.3787,788.0757,0.17254902,0.17254902,53382048.000000
2,374.91125,788.0757,0.17254902,0.17254902,53382064.000000
2,374.91125,785.93994,0.17254902,0.17254902,53382116.000000
2,374.91125,783.80426,0.17254902,0.17254902,53382132.000000
2,374.91125,782.7364,0.17254902,0.17254902,53382152.000000
2,374.91125,781.6686,0.17254902,0.17254902,53382168.000000
2,374.91125,780.6007,0.17254902,0.17254902,53382200.000000
2,375.4438,779.53284,0.17254902,0.17254902,53382216.000000
2,375.4438,778.46497,0.17254902,0.17254902,53382232.000000
2,376.50888,776.3293,0.17254902,0.17254902,53382268.000000
2,377.0414,775.2614,0.17254902,0.17254902,53382288.000000
2,378.1065,772.05786,0.17254902,0.17254902,53382316.000000
2,378.1065,770.99,0.17254902,0.17254902,53382320.000000
2,378.63904,769.9222,0.17254902,0.17254902,53382352.000000
2,379.1716,767.78644,0.17254902,0.17254902,53382368.000000
2,379.70413,766.7186,0.17254902,0.17254902,53382388.000000
2,379.70413,764.5829,0.17254902,0.17254902,53382416.000000
2,380.2367,762.4472,0.17254902,0.17254902,53382468.000000
2,380.2367,759.24365,0.17254902,0.17254902,53382488.000000
2,380.76923,754.9722,0.17254902,0.17254902,53382512.000000
2,380.76923,752.8365,0.17254902,0.17254902,53382528.000000
2,380.76923,748.5651,0.17254902,0.17254902,53382540.000000
2,380.76923,746.4294,0.17254902,0.17254902,53382576.000000
2,380.76923,741.09015,0.17254902,0.17254902,53382604.000000
2,380.76923,736.8187,0.17254902,0.17254902,53382616.000000
2,380.76923,735.75085,0.17254902,0.17254902,53382644.000000
2,380.76923,732.5473,0.17254902,0.17254902,53382664.000000
2,380.76923,729.34375,0.17254902,0.17254902,53382688.000000
2,380.76923,727.208,0.17254902,0.17254902,53382704.000000
2,381.30176,725.0723,0.17254902,0.17254902,53382744.000000
2,381.83432,721.8688,0.17254902,0.17254902,53382760.000000
2,381.83432,720.8009,0.17254902,0.17254902,53382788.000000
2,382.36685,719.7331,0.17254902,0.17254902,53382804.000000
2,382.36685,718.6652,0.17254902,0.17254902,53382824.000000
2,382.36685,717.59735,0.17254902,0.17254902,53382888.000000
2,380.76923,717.59735,0.17254902,0.17254902,53382936.000000
2,380.2367,717.59735,0.17254902,0.17254902,53382972.000000
2,380.2367,720.8009,0.17254902,0.17254902,53383020.000000
2,379.70413,722.93665,0.17254902,0.17254902,53383040.000000
2,379.70413,728.2759,0.17254902,0.17254902,53383056.000000
2,379.1716,730.4116,0.17254902,0.17254902,53383064.000000
2,378.63904,734.683,0.17254902,0.17254902,53383080.000000
2,377.57397,741.09015,0.17254902,0.17254902,53383092.000000
2,375.97632,749.63293,0.17254902,0.17254902,53383124.000000
2,374.3787,766.7186,0.17254902,0.17254902,53383160.000000
2,373.84616,778.46497,0.17254902,0.17254902,53383176.000000
2,373.3136,779.53284,0.17254902,0.17254902,53383216.000000
2,372.78107,784.87213,0.17254902,0.17254902,53383240.000000
2,372.2485,789.1435,0.17254902,0.17254902,53383244.000000
2,371.71597,790.21136,0.17254902,0.17254902,53383256.000000
2,371.71597,791.27924,0.17254902,0.17254902,53383296.000000
2,370.65088,794.4828,0.1254902,0.1254902,53383308.000000
2,370.11835,795.55066,0.1254902,0.1254902,53383320.000000
2,370.11835,795.55066,0.07450981,0.07450981,53383340.000000
1,370.11835,795.55066,0.07450981,0.07450981,53383392.000000
0,404.73373,671.6797,0.13725491,0.13725491,53383732.000000
2,402.071,671.6797,0.13725491,0.13725491,53383776.000000
2,359.46744,674.88324,0.18431373,0.18431373,53383792.000000
2,338.16568,677.0189,0.18431373,0.18431373,53383812.000000
2,280.65088,674.88324,0.18431373,0.18431373,53383828.000000
2,241.77515,671.6797,0.18431373,0.18431373,53383844.000000
2,221.00592,669.54395,0.18431373,0.18431373,53383876.000000
2,178.40236,668.47614,0.18431373,0.18431373,53383936.000000
1,137.39645,681.29034,0.08627451,0.08627451,53383952.000000
0,471.30176,445.2948,0.10980393,0.10980393,53724588.000000
2,469.70413,447.43048,0.15686275,0.15686275,53724636.000000
2,468.63904,449.5662,0.15686275,0.15686275,53724656.000000
2,451.0651,493.34818,0.15686275,0.15686275,53724688.000000
2,422.84024,584.1157,0.15686275,0.15686275,53724720.000000
2,408.46155,631.10126,0.15686275,0.15686275,53724736.000000
2,397.2781,688.7653,0.15686275,0.15686275,53724772.000000
2,394.08282,725.0723,0.10196079,0.10196079,53724812.000000
1,393.01776,735.75085,0.050980397,0.050980397,53724824.000000
0,53.254436,86.49611,0.15294118,0.15294118,53727432.000000
2,53.254436,86.49611,0.10196079,0.10196079,53727512.000000
2,53.254436,86.49611,0.058823533,0.058823533,53727524.000000
1,53.254436,86.49611,0.058823533,0.058823533,53727584.000000
0,497.39645,378.02005,0.043137256,0.043137256,53845284.000000
2,495.26627,382.29144,0.08627451,0.08627451,53845504.000000
2,481.4201,418.59845,0.12941177,0.12941177,53845704.000000
2,477.6923,436.75195,0.12941177,0.12941177,53845908.000000
2,473.9645,451.7019,0.12941177,0.12941177,53846108.000000
2,472.8994,461.3126,0.12941177,0.12941177,53846308.000000
2,472.8994,473.05896,0.12941177,0.12941177,53846512.000000
2,471.30176,485.8732,0.12941177,0.12941177,53846712.000000
2,467.57397,498.68744,0.12941177,0.12941177,53846912.000000
2,463.3136,514.70526,0.12941177,0.12941177,53847112.000000
2,459.05325,531.7909,0.12941177,0.12941177,53847296.000000
2,454.26035,546.74084,0.12941177,0.12941177,53847496.000000
2,447.8698,567.03,0.12941177,0.12941177,53847700.000000
2,445.2071,583.04785,0.12941177,0.12941177,53847900.000000
1,443.0769,597.9978,0.07450981,0.07450981,53848116.000000
0,427.1006,523.24805,0.07058824,0.07058824,53862896.000000
2,424.9704,543.5373,0.1137255,0.1137255,53863100.000000
2,419.11243,576.64075,0.1137255,0.1137255,53863296.000000
2,413.787,536.0623,0.15686275,0.15686275,53863488.000000
2,427.1006,465.584,0.15686275,0.15686275,53863684.000000
2,431.8935,450.63406,0.15686275,0.15686275,53863892.000000
1,416.98224,814.772,0.0627451,0.0627451,53864120.000000
0,236.4497,404.71637,0.13333334,0.13333334,55495712.000000
2,236.4497,404.71637,0.08627451,0.08627451,55495784.000000
1,234.31952,404.71637,0.08627451,0.08627451,55495824.000000
0,203.9645,464.51614,0.11764707,0.11764707,55504920.000000
2,203.9645,464.51614,0.054901965,0.054901965,55505000.000000
1,203.9645,464.51614,0.054901965,0.054901965,55505040.000000
0,340.29587,830.7898,0.09019608,0.09019608,60725468.000000
2,332.30768,754.9722,0.09019608,0.09019608,60725676.000000
1,423.37277,457.04117,0.10980393,0.10980393,60725892.000000
0,430.8284,460.24472,0.13333334,0.13333334,60743868.000000
2,431.8935,459.17688,0.1764706,0.1764706,60744076.000000
2,426.0355,490.14462,0.1764706,0.1764706,60744264.000000
2,422.30768,502.95886,0.1764706,0.1764706,60744472.000000
2,422.30768,500.82315,0.1764706,0.1764706,60744680.000000
1,494.73373,348.12015,0.0627451,0.0627451,60744888.000000
0,458.52072,425.00558,0.1137255,0.1137255,60771276.000000
2,447.33728,429.27698,0.15686275,0.15686275,60771488.000000
2,436.6864,459.17688,0.15686275,0.15686275,60771696.000000
1,515.5029,304.33817,0.03137255,0.03137255,60771904.000000
0,411.6568,879.9111,0.098039225,0.098039225,60800740.000000
2,411.6568,876.70746,0.098039225,0.098039225,60800824.000000
2,389.28995,634.3048,0.14509805,0.14509805,60800840.000000
2,413.25443,486.94107,0.18823531,0.18823531,60800852.000000
2,430.29587,451.7019,0.18823531,0.18823531,60800880.000000
2,460.11835,405.7842,0.043137256,0.043137256,60800892.000000
1,460.11835,405.7842,0.043137256,0.043137256,60800928.000000
0,380.2367,663.13684,0.13333334,0.13333334,60801060.000000
2,381.83432,663.13684,0.13333334,0.13333334,60801272.000000
2,382.36685,663.13684,0.13333334,0.13333334,60801396.000000
2,382.8994,663.13684,0.13333334,0.13333334,60801528.000000
2,383.43195,663.13684,0.13333334,0.13333334,60801580.000000
2,383.9645,670.6118,0.13333334,0.13333334,60801584.000000
2,384.49704,681.29034,0.13333334,0.13333334,60801608.000000
2,386.09467,711.19025,0.13333334,0.13333334,60801620.000000
2,387.6923,757.1079,0.13333334,0.13333334,60801632.000000
2,390.88757,784.87213,0.13333334,0.13333334,60801668.000000
2,402.60355,854.2826,0.13333334,0.13333334,60801688.000000
2,408.99408,886.3182,0.13333334,0.13333334,60801700.000000
2,411.12427,899.1324,0.13333334,0.13333334,60801716.000000
2,412.18933,903.4038,0.13333334,0.13333334,60801740.000000
1,412.7219,906.60736,0.07450981,0.07450981,60801792.000000
0,477.15976,352.39157,0.10588236,0.10588236,60808320.000000
2,477.15976,352.39157,0.15294118,0.15294118,60808508.000000
2,424.9704,442.09122,0.20000002,0.20000002,60808724.000000
1,388.22485,841.4683,0.0627451,0.0627451,60808928.000000
0,358.40237,794.4828,0.09019608,0.09019608,60809716.000000
2,358.40237,791.27924,0.09019608,0.09019608,60809900.000000
2,350.41418,610.812,0.18039216,0.18039216,60809916.000000
2,362.1302,564.89435,0.18039216,0.18039216,60809928.000000
2,376.50888,520.0445,0.18039216,0.18039216,60809944.000000
2,385.02957,500.82315,0.18039216,0.18039216,60809972.000000
2,411.12427,454.90546,0.18039216,0.18039216,60809984.000000
2,415.91714,446.36264,0.18039216,0.18039216,60810020.000000
2,419.64496,442.09122,0.18039216,0.18039216,60810056.000000
2,421.77515,438.88766,0.13725491,0.13725491,60810072.000000
1,422.30768,438.88766,0.08627451,0.08627451,60810120.000000
0,340.8284,730.4116,0.10588236,0.10588236,60811564.000000
2,340.8284,730.4116,0.14901961,0.14901961,60811628.000000
2,342.42603,730.4116,0.14901961,0.14901961,60811768.000000
2,342.9586,727.208,0.14901961,0.14901961,60811808.000000
2,343.49112,725.0723,0.14901961,0.14901961,60811816.000000
2,343.49112,724.00446,0.14901961,0.14901961,60811868.000000
2,344.5562,720.8009,0.14901961,0.14901961,60811896.000000
2,345.08875,717.59735,0.14901961,0.14901961,60811912.000000
2,345.6213,715.4617,0.14901961,0.14901961,60811932.000000
2,345.6213,714.3938,0.14901961,0.14901961,60811948.000000
2,346.15384,714.3938,0.14901961,0.14901961,60811980.000000
2,346.6864,711.19025,0.14901961,0.14901961,60811992.000000
2,347.21893,710.1224,0.14901961,0.14901961,60812032.000000
2,347.75146,709.0545,0.14901961,0.14901961,60812064.000000
2,347.75146,706.9188,0.14901961,0.14901961,60812088.000000
2,347.75146,705.85095,0.14901961,0.14901961,60812100.000000
2,348.28403,704.78314,0.14901961,0.14901961,60812136.000000
2,348.28403,702.6474,0.14901961,0.14901961,60812152.000000
2,348.28403,701.5796,0.14901961,0.14901961,60812156.000000
2,348.28403,700.5117,0.14901961,0.14901961,60812200.000000
2,348.28403,698.376,0.14901961,0.14901961,60812220.000000
2,348.28403,695.1724,0.14901961,0.14901961,60812240.000000
2,348.28403,694.1046,0.14901961,0.14901961,60812240.000000
2,348.28403,693.03674,0.14901961,0.14901961,60812280.000000
2,348.28403,689.8332,0.14901961,0.14901961,60812300.000000
2,348.81656,686.62964,0.14901961,0.14901961,60812312.000000
2,348.81656,685.56177,0.14901961,0.14901961,60812324.000000
2,348.81656,684.4939,0.14901961,0.14901961,60812352.000000
2,348.81656,679.15466,0.14901961,0.14901961,60812364.000000
2,348.81656,678.0868,0.14901961,0.14901961,60812392.000000
2,348.81656,674.88324,0.14901961,0.14901961,60812400.000000
2,348.81656,673.81537,0.14901961,0.14901961,60812428.000000
2,348.81656,671.6797,0.14901961,0.14901961,60812444.000000
2,348.81656,668.47614,0.14901961,0.14901961,60812472.000000
2,348.81656,666.3404,0.14901961,0.14901961,60812480.000000
2,348.81656,664.2047,0.14901961,0.14901961,60812508.000000
2,348.81656,662.069,0.14901961,0.14901961,60812540.000000
2,349.34912,656.72974,0.14901961,0.14901961,60812568.000000
2,349.34912,651.39044,0.14901961,0.14901961,60812592.000000
2,349.34912,647.119,0.14901961,0.14901961,60812608.000000
2,349.34912,646.0512,0.14901961,0.14901961,60812640.000000
2,349.34912,641.7798,0.14901961,0.14901961,60812660.000000
2,349.88165,637.50836,0.14901961,0.14901961,60812692.000000
2,349.88165,635.3727,0.14901961,0.14901961,60812704.000000
2,349.88165,634.3048,0.14901961,0.14901961,60812744.000000
2,350.41418,631.10126,0.14901961,0.14901961,60812744.000000
2,350.41418,630.0334,0.14901961,0.14901961,60812776.000000
2,350.41418,626.82983,0.14901961,0.14901961,60812808.000000
1,350.94675,625.76196,0.07450981,0.07450981,60812824.000000
0,369.5858,745.3616,0.08627451,0.08627451,60969948.000000
2,369.5858,745.3616,0.13333334,0.13333334,60970156.000000
1,482.4852,386.56287,0.058823533,0.058823533,60970368.000000
0,88.40237,463.4483,0.1254902,0.1254902,60994288.000000
2,88.40237,381.2236,0.17254902,0.17254902,60994312.000000
2,83.60947,360.9344,0.17254902,0.17254902,60994320.000000
2,78.81657,343.84872,0.17254902,0.17254902,60994340.000000
2,75.08876,329.96664,0.17254902,0.17254902,60994368.000000
2,71.36095,315.0167,0.17254902,0.17254902,60994388.000000
2,69.76331,308.6096,0.17254902,0.17254902,60994416.000000
2,65.50296,295.79535,0.17254902,0.17254902,60994440.000000
2,63.37278,287.2525,0.17254902,0.17254902,60994452.000000
2,62.307693,282.9811,0.17254902,0.17254902,60994472.000000
2,61.242603,277.64185,0.17254902,0.17254902,60994504.000000
2,59.112427,270.16687,0.17254902,0.17254902,60994508.000000
2,58.047337,268.03116,0.17254902,0.17254902,60994540.000000
2,56.982246,264.8276,0.17254902,0.17254902,60994552.000000
2,56.982246,263.75974,0.17254902,0.17254902,60994576.000000
2,54.85207,259.48834,0.121568635,0.121568635,60994592.000000
2,51.656803,256.28476,0.078431375,0.078431375,60994624.000000
1,51.12426,254.14906,0.078431375,0.078431375,60994672.000000
0,370.11835,396.17355,0.16862746,0.16862746,60995296.000000
2,370.11835,396.17355,0.08627451,0.08627451,60995408.000000
1,370.11835,396.17355,0.08627451,0.08627451,60995464.000000
0,495.26627,76.88543,0.11764707,0.11764707,61154900.000000
2,495.26627,76.88543,0.16078432,0.16078432,61154936.000000
2,493.66864,76.88543,0.16078432,0.16078432,61154976.000000
2,493.66864,76.88543,0.08627451,0.08627451,61155020.000000
1,493.66864,76.88543,0.08627451,0.08627451,61155032.000000
0,413.25443,746.4294,0.06666667,0.06666667,34185136.000000
2,413.25443,746.4294,0.10980393,0.10980393,34185336.000000
2,420.17752,632.1691,0.10980393,0.10980393,34185540.000000
2,423.90533,602.2692,0.15294118,0.15294118,34185752.000000
2,423.37277,624.69415,0.15294118,0.15294118,34185948.000000
2,415.91714,677.0189,0.15294118,0.15294118,34186148.000000
2,413.25443,695.1724,0.15294118,0.15294118,34186336.000000
2,412.18933,702.6474,0.15294118,0.15294118,34186536.000000
2,411.6568,706.9188,0.15294118,0.15294118,34186736.000000
2,411.12427,709.0545,0.15294118,0.15294118,34186936.000000
2,410.5917,709.0545,0.15294118,0.15294118,34187140.000000
2,410.05917,710.1224,0.15294118,0.15294118,34187616.000000
2,408.99408,710.1224,0.15294118,0.15294118,34187700.000000
2,408.46155,710.1224,0.15294118,0.15294118,34187796.000000
2,408.46155,706.9188,0.15294118,0.15294118,34187860.000000
2,407.929,706.9188,0.15294118,0.15294118,34187896.000000
2,407.929,705.85095,0.15294118,0.15294118,34187980.000000
2,407.39645,705.85095,0.15294118,0.15294118,34188016.000000
2,407.39645,704.78314,0.15294118,0.15294118,34188060.000000
2,406.8639,704.78314,0.15294118,0.15294118,34188096.000000
2,406.8639,703.7153,0.15294118,0.15294118,34188140.000000
2,406.33136,703.7153,0.15294118,0.15294118,34188188.000000
2,406.33136,702.6474,0.15294118,0.15294118,34188216.000000
2,405.79883,702.6474,0.15294118,0.15294118,34188260.000000
2,405.79883,701.5796,0.15294118,0.15294118,34188280.000000
2,405.26627,701.5796,0.15294118,0.15294118,34188320.000000
2,404.73373,700.5117,0.15294118,0.15294118,34188368.000000
2,404.20117,699.44385,0.15294118,0.15294118,34188396.000000
2,404.20117,698.376,0.15294118,0.15294118,34188416.000000
2,403.66864,696.2403,0.15294118,0.15294118,34188460.000000
2,403.13608,694.1046,0.15294118,0.15294118,34188472.000000
2,402.60355,693.03674,0.15294118,0.15294118,34188500.000000
2,402.071,689.8332,0.15294118,0.15294118,34188544.000000
2,401.00592,685.56177,0.15294118,0.15294118,34188564.000000
2,400.47336,682.3582,0.15294118,0.15294118,34188576.000000
2,400.47336,681.29034,0.15294118,0.15294118,34188604.000000
2,399.4083,678.0868,0.15294118,0.15294118,34188648.000000
2,398.87573,673.81537,0.15294118,0.15294118,34188664.000000
2,398.3432,672.7475,0.15294118,0.15294118,34188676.000000
2,398.3432,671.6797,0.15294118,0.15294118,34188696.000000
2,397.81064,669.54395,0.15294118,0.15294118,34188720.000000
2,397.81064,667.40826,0.15294118,0.15294118,34188732.000000
2,397.2781,667.40826,0.15294118,0.15294118,34188756.000000
2,397.2781,664.2047,0.15294118,0.15294118,34188800.000000
2,396.74554,662.069,0.15294118,0.15294118,34188828.000000
2,396.213,659.9333,0.15294118,0.15294118,34188836.000000
2,396.213,658.8654,0.15294118,0.15294118,34188864.000000
2,395.68048,656.72974,0.15294118,0.15294118,34188872.000000
2,395.68048,655.66187,0.15294118,0.15294118,34188896.000000
2,395.68048,652.4583,0.15294118,0.15294118,34188920.000000
2,395.14792,650.32263,0.15294118,0.15294118,34188936.000000
2,395.14792,647.119,0.15294118,0.15294118,34188964.000000
2,394.6154,640.7119,0.15294118,0.15294118,34189000.000000
2,394.08282,636.4405,0.15294118,0.15294118,34189024.000000
2,393.5503,632.1691,0.15294118,0.15294118,34189032.000000
2,393.01776,624.69415,0.15294118,0.15294118,34189044.000000
2,393.01776,621.49054,0.15294118,0.15294118,34189056.000000
2,392.4852,616.1513,0.15294118,0.15294118,34189076.000000
2,391.95267,607.60846,0.15294118,0.15294118,34189096.000000
2,391.95267,604.4049,0.15294118,0.15294118,34189108.000000
2,391.4201,597.9978,0.15294118,0.15294118,34189140.000000
2,391.4201,587.3193,0.15294118,0.15294118,34189164.000000
2,391.4201,577.7086,0.15294118,0.15294118,34189176.000000
2,391.4201,572.3693,0.15294118,0.15294118,34189196.000000
2,391.95267,565.9622,0.15294118,0.15294118,34189216.000000
2,392.4852,560.6229,0.15294118,0.15294118,34189248.000000
2,395.14792,546.74084,0.15294118,0.15294118,34189280.000000
2,404.73373,518.9767,0.15294118,0.15294118,34189296.000000
2,411.6568,501.89102,0.15294118,0.15294118,34189348.000000
2,467.57397,352.39157,0.07450981,0.07450981,34189368.000000
1,467.57397,352.39157,0.07450981,0.07450981,34189396.000000
0,369.5858,580.9122,0.098039225,0.098039225,34189732.000000
2,369.5858,580.9122,0.14509805,0.14509805,34189744.000000
2,371.18344,580.9122,0.14509805,0.14509805,34189796.000000
2,371.71597,580.9122,0.14509805,0.14509805,34189836.000000
2,372.2485,580.9122,0.14509805,0.14509805,34189848.000000
2,372.78107,580.9122,0.14509805,0.14509805,34189880.000000
2,373.3136,580.9122,0.14509805,0.14509805,34189896.000000
2,373.3136,580.9122,0.08235294,0.08235294,34189936.000000
1,373.3136,580.9122,0.08235294,0.08235294,34189980.000000
0,337.1006,488.0089,0.121568635,0.121568635,34190128.000000
2,337.1006,488.0089,0.07058824,0.07058824,34190156.000000
1,337.1006,488.0089,0.07058824,0.07058824,34190184.000000
0,405.79883,556.3515,0.1254902,0.1254902,38437548.000000
2,403.13608,560.6229,0.1254902,0.1254902,38437776.000000
2,309.94083,761.37933,0.16862746,0.16862746,38437968.000000
2,288.1065,825.45056,0.16862746,0.16862746,38438112.000000
2,284.3787,836.1291,0.16862746,0.16862746,38438128.000000
2,283.84616,837.1969,0.16862746,0.16862746,38438144.000000
2,283.84616,839.33264,0.16862746,0.16862746,38438168.000000
2,283.3136,841.4683,0.16862746,0.16862746,38438184.000000
2,282.78107,842.5362,0.16862746,0.16862746,38438220.000000
2,281.18344,847.8754,0.16862746,0.16862746,38438236.000000
2,280.65088,848.9433,0.16862746,0.16862746,38438260.000000
2,277.98816,855.3504,0.16862746,0.16862746,38438288.000000
2,276.39053,861.75757,0.16862746,0.16862746,38438320.000000
2,273.7278,870.30035,0.16862746,0.16862746,38438356.000000
2,270.53253,884.18243,0.16862746,0.16862746,38438372.000000
2,268.40237,892.7253,0.16862746,0.16862746,38438384.000000
2,267.8698,894.86096,0.16862746,0.16862746,38438416.000000
2,265.73965,898.0646,0.16862746,0.16862746,38438428.000000
2,265.2071,898.0646,0.16862746,0.16862746,38438452.000000
2,261.47928,901.2681,0.16862746,0.16862746,38438464.000000
2,260.94675,902.33594,0.16862746,0.16862746,38438500.000000
2,258.81656,903.4038,0.16862746,0.16862746,38438532.000000
2,257.21893,904.4717,0.16862746,0.16862746,38438568.000000
2,255.6213,904.4717,0.16862746,0.16862746,38438588.000000
2,254.02367,902.33594,0.16862746,0.16862746,38438600.000000
2,253.49112,900.20026,0.16862746,0.16862746,38438636.000000
2,251.36095,887.38605,0.16862746,0.16862746,38438644.000000
2,250.29585,883.1146,0.16862746,0.16862746,38438668.000000
2,248.69823,871.3682,0.16862746,0.16862746,38438704.000000
2,245.50296,858.55396,0.16862746,0.16862746,38438744.000000
2,243.90532,852.14685,0.16862746,0.16862746,38438776.000000
2,242.84024,846.8076,0.16862746,0.16862746,38438792.000000
2,242.84024,844.6719,0.16862746,0.16862746,38438816.000000
2,242.84024,843.60406,0.10588236,0.10588236,38438832.000000
1,242.84024,843.60406,0.0627451,0.0627451,38438856.000000
0,394.6154,749.63293,0.10980393,0.10980393,38441648.000000
2,394.6154,749.63293,0.15294118,0.15294118,38441696.000000
2,394.6154,744.2937,0.15294118,0.15294118,38441760.000000
2,391.95267,707.9867,0.15294118,0.15294118,38441860.000000
2,390.88757,586.2514,0.19607845,0.19607845,38441984.000000
2,416.98224,525.3838,0.19607845,0.19607845,38442184.000000
1,482.4852,458.10904,0.058823533,0.058823533,38442384.000000
0,417.5148,458.10904,0.10588236,0.10588236,38525968.000000
2,417.5148,453.83762,0.14901961,0.14901961,38526040.000000
2,418.04733,450.63406,0.14901961,0.14901961,38526096.000000
2,421.77515,431.4127,0.14901961,0.14901961,38526144.000000
2,427.63312,407.91992,0.14901961,0.14901961,38526204.000000
2,430.29587,399.3771,0.14901961,0.14901961,38526264.000000
2,432.9586,391.90213,0.14901961,0.14901961,38526304.000000
2,433.49112,388.69858,0.14901961,0.14901961,38526348.000000
2,435.6213,384.42715,0.14901961,0.14901961,38526372.000000
2,436.15384,382.29144,0.14901961,0.14901961,38526376.000000
2,436.6864,381.2236,0.14901961,0.14901961,38526392.000000
2,436.6864,380.15573,0.14901961,0.14901961,38526400.000000
2,437.21893,380.15573,0.14901961,0.14901961,38526460.000000
2,438.81656,376.95218,0.14901961,0.14901961,38526516.000000
1,439.88165,375.88434,0.09019608,0.09019608,38526592.000000
0,378.63904,427.1413,0.15686275,0.15686275,38527068.000000
2,378.63904,427.1413,0.10588236,0.10588236,38527168.000000
1,378.63904,427.1413,0.10588236,0.10588236,38527220.000000
0,418.04733,445.2948,0.10980393,0.10980393,38530416.000000
2,419.64496,491.21246,0.10980393,0.10980393,38530592.000000
2,415.91714,536.0623,0.10980393,0.10980393,38530820.000000
2,410.05917,562.75867,0.10980393,0.10980393,38530992.000000
2,407.39645,574.505,0.10980393,0.10980393,38531180.000000
2,405.79883,579.8443,0.10980393,0.10980393,38531400.000000
1,501.6568,331.0345,0.08627451,0.08627451,38531616.000000
0,460.65088,514.70526,0.078431375,0.078431375,38595696.000000
2,460.65088,511.50168,0.078431375,0.078431375,38595780.000000
2,460.65088,509.366,0.078431375,0.078431375,38595808.000000
2,461.18344,502.95886,0.121568635,0.121568635,38595812.000000
2,461.71597,496.55176,0.121568635,0.121568635,38595840.000000
2,462.2485,489.07678,0.121568635,0.121568635,38595852.000000
2,462.78107,483.73752,0.121568635,0.121568635,38595924.000000
2,465.97632,459.17688,0.121568635,0.121568635,38595936.000000
2,466.50888,455.97333,0.121568635,0.121568635,38595944.000000
2,466.50888,454.90546,0.121568635,0.121568635,38595964.000000
2,466.50888,450.63406,0.121568635,0.121568635,38595996.000000
2,466.50888,446.36264,0.121568635,0.121568635,38596028.000000
2,466.50888,441.02338,0.121568635,0.121568635,38596060.000000
2,466.50888,437.81982,0.121568635,0.121568635,38596088.000000
2,466.50888,435.6841,0.121568635,0.121568635,38596112.000000
2,466.50888,432.48056,0.121568635,0.121568635,38596132.000000
2,466.50888,430.34485,0.121568635,0.121568635,38596180.000000
2,467.0414,427.1413,0.121568635,0.121568635,38596208.000000
2,467.0414,425.00558,0.121568635,0.121568635,38596220.000000
2,468.1065,421.80203,0.121568635,0.121568635,38596240.000000
2,468.1065,420.73416,0.121568635,0.121568635,38596256.000000
2,469.70413,413.2592,0.121568635,0.121568635,38596280.000000
2,469.70413,412.19135,0.121568635,0.121568635,38596300.000000
2,471.30176,406.85208,0.121568635,0.121568635,38596332.000000
2,472.8994,398.30923,0.121568635,0.121568635,38596364.000000
2,473.43195,392.96997,0.121568635,0.121568635,38596368.000000
2,473.43195,391.90213,0.121568635,0.121568635,38596408.000000
2,473.9645,387.6307,0.121568635,0.121568635,38596424.000000
2,474.49704,385.495,0.121568635,0.121568635,38596440.000000
2,475.02957,382.29144,0.121568635,0.121568635,38596476.000000
2,475.56213,378.02005,0.121568635,0.121568635,38596496.000000
2,476.62723,373.74863,0.121568635,0.121568635,38596512.000000
2,476.62723,372.6808,0.121568635,0.121568635,38596540.000000
2,477.15976,369.4772,0.121568635,0.121568635,38596564.000000
2,477.6923,368.40936,0.121568635,0.121568635,38596584.000000
2,477.6923,366.27365,0.121568635,0.121568635,38596604.000000
2,478.22485,364.13794,0.16470589,0.16470589,38596624.000000
2,478.22485,363.0701,0.16470589,0.16470589,38596660.000000
2,478.7574,360.9344,0.16470589,0.16470589,38596700.000000
2,479.28995,357.73083,0.16470589,0.16470589,38596740.000000
2,480.355,355.59512,0.10196079,0.10196079,38596772.000000
1,480.355,355.59512,0.050980397,0.050980397,38596820.000000
0,398.3432,378.02005,0.098039225,0.098039225,38597100.000000
2,398.3432,378.02005,0.14509805,0.14509805,38597144.000000
2,396.74554,378.02005,0.14509805,0.14509805,38597184.000000
2,396.74554,378.02005,0.07450981,0.07450981,38597240.000000
1,396.74554,378.02005,0.07450981,0.07450981,38597368.000000
0,416.4497,521.11237,0.09019608,0.09019608,38833060.000000
2,416.4497,521.11237,0.13725491,0.13725491,38833080.000000
2,418.04733,517.9088,0.13725491,0.13725491,38833168.000000
2,418.57986,517.9088,0.13725491,0.13725491,38833200.000000
2,419.64496,515.7731,0.13725491,0.13725491,38833220.000000
2,420.17752,514.70526,0.13725491,0.13725491,38833248.000000
2,420.71005,513.6374,0.13725491,0.13725491,38833264.000000
2,421.77515,511.50168,0.18039216,0.18039216,38833296.000000
2,422.84024,509.366,0.18039216,0.18039216,38833336.000000
2,423.37277,508.29813,0.18039216,0.18039216,38833364.000000
2,424.43787,504.0267,0.18039216,0.18039216,38833380.000000
2,424.9704,502.95886,0.18039216,0.18039216,38833400.000000
2,424.9704,501.89102,0.18039216,0.18039216,38833404.000000
2,425.50296,499.7553,0.18039216,0.18039216,38833436.000000
2,426.0355,498.68744,0.18039216,0.18039216,38833456.000000
2,426.0355,496.55176,0.18039216,0.18039216,38833496.000000
2,426.56805,494.41605,0.18039216,0.18039216,38833540.000000
2,427.63312,492.28033,0.18039216,0.18039216,38833576.000000
2,428.16568,491.21246,0.18039216,0.18039216,38833600.000000
2,428.16568,490.14462,0.18039216,0.18039216,38833640.000000
2,429.23077,488.0089,0.18039216,0.18039216,38833660.000000
2,429.23077,486.94107,0.18039216,0.18039216,38833704.000000
2,430.29587,484.80536,0.18039216,0.18039216,38833744.000000
2,430.8284,481.6018,0.18039216,0.18039216,38833792.000000
2,431.36093,479.4661,0.18039216,0.18039216,38833848.000000
2,431.8935,478.39825,0.18039216,0.18039216,38833876.000000
2,432.42603,476.26254,0.18039216,0.18039216,38833900.000000
2,432.9586,475.19467,0.18039216,0.18039216,38833948.000000
2,433.49112,475.19467,0.18039216,0.18039216,38833976.000000
2,434.02365,473.05896,0.18039216,0.18039216,38834016.000000
2,434.02365,471.99112,0.18039216,0.18039216,38834056.000000
2,435.08875,470.92328,0.18039216,0.18039216,38834096.000000
2,435.08875,469.8554,0.18039216,0.18039216,38834160.000000
2,435.6213,468.78757,0.18039216,0.18039216,38834260.000000
2,436.15384,467.7197,0.18039216,0.18039216,38834296.000000
2,437.21893,466.65186,0.18039216,0.18039216,38834364.000000
2,437.75146,466.65186,0.18039216,0.18039216,38834480.000000
2,438.28403,465.584,0.18039216,0.18039216,38834520.000000
2,438.28403,464.51614,0.18039216,0.18039216,38834560.000000
2,438.81656,464.51614,0.18039216,0.18039216,38834596.000000
2,438.81656,463.4483,0.18039216,0.18039216,38834680.000000
2,439.34912,462.38043,0.18039216,0.18039216,38834720.000000
2,439.34912,460.24472,0.18039216,0.18039216,38834776.000000
2,442.54437,448.49835,0.18039216,0.18039216,38834836.000000
2,467.0414,402.58066,0.18039216,0.18039216,38834876.000000
2,481.4201,382.29144,0.12941177,0.12941177,38834904.000000
1,492.071,375.88434,0.08235294,0.08235294,38834940.000000
0,438.81656,459.17688,0.14117648,0.14117648,38835148.000000
2,438.81656,454.90546,0.14117648,0.14117648,38835200.000000
2,487.2781,303.27032,0.13725491,0.13725491,38835244.000000
2,496.33136,294.72748,0.13725491,0.13725491,38835248.000000
1,510.71005,271.2347,0.043137256,0.043137256,38835296.000000
0,444.142,449.5662,0.08235294,0.08235294,38917248.000000
2,446.80472,439.95554,0.16862746,0.16862746,38917456.000000
2,468.63904,386.56287,0.16862746,0.16862746,38917680.000000
2,479.82248,313.94885,0.16862746,0.16862746,38917852.000000
2,480.88757,293.65964,0.16862746,0.16862746,38918068.000000
2,472.36685,352.39157,0.16862746,0.16862746,38918260.000000
2,469.70413,369.4772,0.16862746,0.16862746,38918440.000000
2,472.36685,366.27365,0.16862746,0.16862746,38918664.000000
2,475.02957,367.3415,0.16862746,0.16862746,38918868.000000
2,472.8994,439.95554,0.16862746,0.16862746,38919060.000000
2,471.30176,463.4483,0.16862746,0.16862746,38919248.000000
2,469.70413,476.26254,0.16862746,0.16862746,38919448.000000
2,468.63904,480.53394,0.16862746,0.16862746,38919672.000000
2,467.57397,481.6018,0.16862746,0.16862746,38919848.000000
2,467.57397,476.26254,0.16862746,0.16862746,38920060.000000
2,467.57397,469.8554,0.16862746,0.16862746,38920264.000000
2,469.1716,463.4483,0.16862746,0.16862746,38920448.000000
2,470.2367,455.97333,0.16862746,0.16862746,38920680.000000
1,471.83432,450.63406,0.098039225,0.098039225,38920868.000000
0,50.05917,623.6263,0.09411766,0.09411766,41222128.000000
2,51.656803,619.35486,0.09411766,0.09411766,41222332.000000
2,57.514793,559.55505,0.09411766,0.09411766,41222528.000000
2,57.514793,540.33374,0.09411766,0.09411766,41222728.000000
1,58.047337,537.1302,0.09411766,0.09411766,41223136.000000
0,318.46155,239.19913,0.15294118,0.15294118,62754824.000000
2,318.46155,239.19913,0.0627451,0.0627451,62754904.000000
1,318.46155,239.19913,0.0627451,0.0627451,62754932.000000
0,291.30176,365.2058,0.11764707,0.11764707,62756436.000000
2,291.30176,365.2058,0.16078432,0.16078432,62756472.000000
2,291.30176,365.2058,0.08627451,0.08627451,62756512.000000
1,291.30176,365.2058,0.08627451,0.08627451,62756544.000000
0,362.66272,774.1936,0.07450981,0.07450981,62764264.000000
2,364.26035,772.05786,0.121568635,0.121568635,62764456.000000
2,375.4438,747.49725,0.121568635,0.121568635,62764652.000000
1,382.36685,720.8009,0.0627451,0.0627451,62764852.000000
0,472.8994,497.6196,0.039215688,0.039215688,62816456.000000
2,472.8994,497.6196,0.1254902,0.1254902,62816664.000000
2,477.15976,480.53394,0.1254902,0.1254902,62816864.000000
2,478.7574,450.63406,0.16862746,0.16862746,62817076.000000
2,479.28995,430.34485,0.16862746,0.16862746,62817264.000000
2,479.82248,422.86987,0.16862746,0.16862746,62817464.000000
2,479.82248,426.07343,0.16862746,0.16862746,62817660.000000
2,479.82248,428.20914,0.16862746,0.16862746,62817864.000000
2,477.15976,431.4127,0.16862746,0.16862746,62818064.000000
1,464.91122,745.3616,0.06666667,0.06666667,62818304.000000
0,476.09467,443.1591,0.08627451,0.08627451,62818460.000000
2,477.6923,446.36264,0.13333334,0.13333334,62818660.000000
2,478.7574,452.76978,0.13333334,0.13333334,62818884.000000
2,475.56213,547.8087,0.13333334,0.13333334,62819064.000000
2,470.76923,583.04785,0.13333334,0.13333334,62819280.000000
1,469.1716,605.4728,0.06666667,0.06666667,62819460.000000
0,457.45563,451.7019,0.098039225,0.098039225,62828660.000000
2,457.45563,451.7019,0.18823531,0.18823531,62828880.000000
1,497.929,305.406,0.09019608,0.09019608,62829084.000000
0,74.02367,385.495,0.11764707,0.11764707,62958856.000000
2,72.95858,388.69858,0.11764707,0.11764707,62959064.000000
2,76.15385,434.61627,0.11764707,0.11764707,62959252.000000
2,76.686386,443.1591,0.16078432,0.16078432,62959472.000000
2,79.34911,465.584,0.16078432,0.16078432,62959652.000000
2,83.60947,482.66965,0.16078432,0.16078432,62959872.000000
1,84.14201,705.85095,0.058823533,0.058823533,62960080.000000
0,418.04733,476.26254,0.09411766,0.09411766,63264072.000000
2,419.64496,476.26254,0.13725491,0.13725491,63264264.000000
2,418.57986,518.9767,0.13725491,0.13725491,63264480.000000
2,417.5148,554.2158,0.13725491,0.13725491,63264660.000000
2,412.18933,585.18353,0.13725491,0.13725491,63264852.000000
2,406.33136,615.08344,0.13725491,0.13725491,63265084.000000
2,402.071,626.82983,0.13725491,0.13725491,63265248.000000
2,400.47336,631.10126,0.13725491,0.13725491,63265404.000000
2,400.47336,628.9655,0.13725491,0.13725491,63265536.000000
2,401.53845,627.8977,0.13725491,0.13725491,63265564.000000
2,402.60355,624.69415,0.13725491,0.13725491,63265576.000000
2,403.13608,623.6263,0.13725491,0.13725491,63265592.000000
2,403.66864,622.5584,0.13725491,0.13725491,63265604.000000
2,403.66864,621.49054,0.13725491,0.13725491,63265632.000000
2,404.73373,619.35486,0.13725491,0.13725491,63265672.000000
2,404.73373,618.287,0.13725491,0.13725491,63265712.000000
2,405.26627,618.287,0.08627451,0.08627451,63265752.000000
1,405.26627,618.287,0.08627451,0.08627451,63265788.000000
0,424.9704,518.9767,0.078431375,0.078431375,63266192.000000
2,424.9704,518.9767,0.12941177,0.12941177,63266220.000000
2,426.56805,518.9767,0.12941177,0.12941177,63266280.000000
2,427.1006,516.84094,0.12941177,0.12941177,63266312.000000
2,427.1006,515.7731,0.17254902,0.17254902,63266328.000000
2,428.16568,514.70526,0.17254902,0.17254902,63266348.000000
2,428.6982,512.5695,0.17254902,0.17254902,63266376.000000
2,428.6982,511.50168,0.17254902,0.17254902,63266388.000000
2,429.23077,510.43384,0.17254902,0.17254902,63266432.000000
2,429.7633,507.2303,0.17254902,0.17254902,63266464.000000
2,429.7633,506.1624,0.17254902,0.17254902,63266508.000000
2,430.29587,502.95886,0.17254902,0.17254902,63266536.000000
2,430.29587,501.89102,0.17254902,0.17254902,63266556.000000
2,430.29587,500.82315,0.17254902,0.17254902,63266576.000000
2,430.29587,499.7553,0.17254902,0.17254902,63266576.000000
2,430.29587,498.68744,0.17254902,0.17254902,63266584.000000
2,430.29587,497.6196,0.17254902,0.17254902,63266612.000000
2,430.29587,496.55176,0.17254902,0.17254902,63266624.000000
2,430.8284,495.4839,0.17254902,0.17254902,63266656.000000
2,431.36093,491.21246,0.17254902,0.17254902,63266668.000000
2,431.36093,489.07678,0.17254902,0.17254902,63266692.000000
2,432.42603,478.39825,0.17254902,0.17254902,63266704.000000
2,432.9586,471.99112,0.17254902,0.17254902,63266736.000000
2,437.75146,439.95554,0.21568629,0.21568629,63266752.000000
2,442.54437,425.00558,0.21568629,0.21568629,63266784.000000
2,451.59763,402.58066,0.08627451,0.08627451,63266804.000000
2,452.1302,398.30923,0.08627451,0.08627451,63266808.000000
1,452.1302,398.30923,0.08627451,0.08627451,63266852.000000
0,394.08282,567.03,0.10980393,0.10980393,63267444.000000
2,394.08282,567.03,0.15686275,0.15686275,63267500.000000
2,396.213,561.6908,0.15686275,0.15686275,63267524.000000
2,397.81064,558.48724,0.15686275,0.15686275,63267532.000000
2,400.47336,549.9444,0.15686275,0.15686275,63267552.000000
2,411.6568,495.4839,0.15686275,0.15686275,63267568.000000
2,414.31952,476.26254,0.15686275,0.15686275,63267600.000000
2,421.2426,433.5484,0.20000002,0.20000002,63267616.000000
2,423.90533,423.9377,0.20000002,0.20000002,63267632.000000
2,425.50296,415.3949,0.20000002,0.20000002,63267652.000000
2,428.16568,406.85208,0.20000002,0.20000002,63267684.000000
2,432.42603,395.10568,0.20000002,0.20000002,63267696.000000
2,433.49112,392.96997,0.20000002,0.20000002,63267712.000000
2,437.21893,386.56287,0.20000002,0.20000002,63267744.000000
2,445.73965,376.95218,0.20000002,0.20000002,63267756.000000
2,457.45563,367.3415,0.07450981,0.07450981,63267764.000000
1,457.45563,367.3415,0.07450981,0.07450981,63267808.000000
0,48.461536,295.79535,0.18039216,0.18039216,63331532.000000
2,51.12426,301.1346,0.227451,0.227451,63331740.000000
1,100.11834,642.84766,0.078431375,0.078431375,63331956.000000
0,89.46745,360.9344,0.1137255,0.1137255,63336760.000000
2,106.50887,452.76978,0.18431373,0.18431373,63336920.000000
1,116.09467,640.7119,0.058823533,0.058823533,63337148.000000
0,343.49112,426.07343,0.078431375,0.078431375,35726896.000000
2,343.49112,426.07343,0.06666667,0.06666667,35727096.000000
1,343.49112,426.07343,0.06666667,0.06666667,35727328.000000
0,434.02365,528.58734,0.09411766,0.09411766,36049824.000000
2,434.02365,524.3159,0.13725491,0.13725491,36050028.000000
1,455.32544,258.42047,0.07450981,0.07450981,36050212.000000
0,81.47929,362.00223,0.06666667,0.06666667,36189652.000000
2,83.07692,369.4772,0.1254902,0.1254902,36189836.000000
2,102.78107,564.89435,0.1254902,0.1254902,36190048.000000
2,94.26035,607.60846,0.1254902,0.1254902,36190272.000000
1,88.40237,621.49054,0.08235294,0.08235294,36190456.000000
0,427.1006,414.32706,0.10980393,0.10980393,36255772.000000
2,428.16568,411.12347,0.10980393,0.10980393,36255960.000000
2,432.9586,434.61627,0.15294118,0.15294118,36256148.000000
2,428.16568,431.4127,0.19607845,0.19607845,36256352.000000
2,438.28403,280.8454,0.19607845,0.19607845,36256540.000000
2,444.142,261.62402,0.19607845,0.19607845,36256748.000000
2,443.0769,261.62402,0.19607845,0.19607845,36256952.000000
2,438.81656,284.04895,0.19607845,0.19607845,36257156.000000
1,403.66864,597.9978,0.050980397,0.050980397,36257376.000000
0,425.50296,171.92436,0.15294118,0.15294118,57702292.000000
2,425.50296,171.92436,0.09411766,0.09411766,57702392.000000
1,425.50296,171.92436,0.09411766,0.09411766,57702456.000000
0,423.90533,617.2192,0.08627451,0.08627451,57767804.000000
2,423.90533,614.0156,0.12941177,0.12941177,57768024.000000
2,424.9704,476.26254,0.12941177,0.12941177,57768228.000000
2,428.6982,450.63406,0.12941177,0.12941177,57768428.000000
1,413.25443,593.7264,0.07450981,0.07450981,57768632.000000
0,401.53845,373.74863,0.14509805,0.14509805,82269632.000000
2,401.53845,369.4772,0.19215688,0.19215688,82269840.000000
1,442.01184,158.04228,0.08627451,0.08627451,82270064.000000
0,414.31952,341.713,0.13725491,0.13725491,82427064.000000
2,414.31952,337.44162,0.13725491,0.13725491,82427104.000000
2,415.91714,331.0345,0.13725491,0.13725491,82427112.000000
2,418.04733,319.28812,0.13725491,0.13725491,82427168.000000
2,432.42603,215.70634,0.18431373,0.18431373,82427168.000000
2,440.94675,182.6029,0.18431373,0.18431373,82427192.000000
2,456.39053,150.5673,0.18431373,0.18431373,82427208.000000
2,472.36685,118.53171,0.08627451,0.08627451,82427224.000000
1,472.36685,118.53171,0.08627451,0.08627451,82427296.000000
0,81.47929,457.04117,0.121568635,0.121568635,82467696.000000
2,81.47929,457.04117,0.16470589,0.16470589,82467936.000000
1,38.87574,308.6096,0.07450981,0.07450981,82468088.000000
0,480.355,510.43384,0.043137256,0.043137256,32015432.000000
2,479.28995,506.1624,0.043137256,0.043137256,32015624.000000
2,476.62723,477.33038,0.08627451,0.08627451,32015826.000000
2,476.09467,455.97333,0.08627451,0.08627451,32016032.000000
1,482.4852,385.495,0.043137256,0.043137256,32016234.000000
0,520.82837,429.27698,0.04705883,0.04705883,32022826.000000
2,519.7633,423.9377,0.04705883,0.04705883,32023030.000000
2,513.90533,313.94885,0.04705883,0.04705883,32023212.000000
1,517.6331,206.09567,0.04705883,0.04705883,32023428.000000
0,421.77515,345.98444,0.08627451,0.08627451,32037846.000000
2,411.12427,375.88434,0.08627451,0.08627451,32038046.000000
2,410.5917,423.9377,0.08627451,0.08627451,32038250.000000
1,411.12427,430.34485,0.08627451,0.08627451,32038448.000000
0,516.56805,416.46274,0.039215688,0.039215688,32050024.000000
2,514.43787,401.51282,0.039215688,0.039215688,32050232.000000
2,513.3728,375.88434,0.039215688,0.039215688,32050424.000000
2,513.3728,359.86655,0.039215688,0.039215688,32050592.000000
2,512.3077,348.12015,0.039215688,0.039215688,32050648.000000
2,512.3077,343.84872,0.039215688,0.039215688,32050684.000000
2,512.3077,341.713,0.039215688,0.039215688,32050722.000000
2,512.3077,340.64517,0.039215688,0.039215688,32050758.000000
1,512.3077,339.57733,0.039215688,0.039215688,32050820.000000
0,517.6331,413.2592,0.050980397,0.050980397,32051332.000000
2,516.0355,410.05563,0.050980397,0.050980397,32051392.000000
2,514.43787,407.91992,0.050980397,0.050980397,32051420.000000
2,513.3728,404.71637,0.050980397,0.050980397,32051450.000000
2,512.3077,402.58066,0.050980397,0.050980397,32051460.000000
2,511.77515,400.44495,0.050980397,0.050980397,32051490.000000
2,511.2426,396.17355,0.050980397,0.050980397,32051500.000000
2,511.2426,395.10568,0.050980397,0.050980397,32051530.000000
2,510.71005,392.96997,0.050980397,0.050980397,32051540.000000
2,510.71005,391.90213,0.050980397,0.050980397,32051580.000000
2,510.17752,387.6307,0.050980397,0.050980397,32051670.000000
2,510.17752,379.0879,0.050980397,0.050980397,32051688.000000
2,510.17752,376.95218,0.050980397,0.050980397,32051732.000000
2,510.17752,372.6808,0.050980397,0.050980397,32051772.000000
2,510.17752,369.4772,0.050980397,0.050980397,32051826.000000
2,509.64496,366.27365,0.050980397,0.050980397,32051850.000000
2,509.64496,365.2058,0.050980397,0.050980397,32051872.000000
2,509.64496,363.0701,0.050980397,0.050980397,32051888.000000
2,509.64496,360.9344,0.050980397,0.050980397,32051928.000000
2,509.64496,358.79868,0.050980397,0.050980397,32051964.000000
2,509.64496,355.59512,0.050980397,0.050980397,32052008.000000
2,509.64496,353.4594,0.050980397,0.050980397,32052032.000000
2,509.64496,351.3237,0.050980397,0.050980397,32052080.000000
2,509.64496,349.188,0.050980397,0.050980397,32052126.000000
1,509.64496,348.12015,0.050980397,0.050980397,32052176.000000
0,510.17752,403.64853,0.043137256,0.043137256,32052720.000000
2,508.57986,403.64853,0.043137256,0.043137256,32052860.000000
2,508.04733,400.44495,0.043137256,0.043137256,32052908.000000
2,507.5148,398.30923,0.043137256,0.043137256,32052956.000000
2,506.98224,395.10568,0.043137256,0.043137256,32052976.000000
2,506.4497,394.03784,0.043137256,0.043137256,32052984.000000
2,506.4497,392.96997,0.043137256,0.043137256,32053012.000000
2,505.91714,391.90213,0.043137256,0.043137256,32053020.000000
2,505.91714,390.8343,0.043137256,0.043137256,32053060.000000
2,505.3846,387.6307,0.043137256,0.043137256,32053120.000000
2,504.85208,384.42715,0.043137256,0.043137256,32053150.000000
2,504.31952,383.3593,0.043137256,0.043137256,32053162.000000
2,504.31952,381.2236,0.043137256,0.043137256,32053228.000000
2,503.787,376.95218,0.043137256,0.043137256,32053272.000000
2,503.25443,373.74863,0.043137256,0.043137256,32053312.000000
2,502.7219,370.54507,0.043137256,0.043137256,32053348.000000
2,502.18933,368.40936,0.043137256,0.043137256,32053382.000000
2,502.18933,366.27365,0.043137256,0.043137256,32053388.000000
2,502.18933,365.2058,0.043137256,0.043137256,32053412.000000
2,502.18933,364.13794,0.043137256,0.043137256,32053416.000000
2,501.6568,364.13794,0.043137256,0.043137256,32053442.000000
2,501.6568,362.00223,0.043137256,0.043137256,32053482.000000
2,501.12427,359.86655,0.043137256,0.043137256,32053514.000000
2,501.12427,357.73083,0.043137256,0.043137256,32053564.000000
2,501.12427,355.59512,0.043137256,0.043137256,32053606.000000
2,500.5917,353.4594,0.043137256,0.043137256,32053646.000000
2,500.5917,350.25586,0.043137256,0.043137256,32053684.000000
2,499.5266,345.98444,0.08627451,0.08627451,32053722.000000
2,498.99408,342.78088,0.08627451,0.08627451,32053760.000000
2,498.46155,338.50946,0.08627451,0.08627451,32053776.000000
2,497.929,336.37375,0.08627451,0.08627451,32053812.000000
2,497.39645,334.23807,0.08627451,0.08627451,32053860.000000
1,496.8639,333.1702,0.039215688,0.039215688,32053900.000000
0,521.36096,412.19135,0.03529412,0.03529412,32072908.000000
2,521.36096,407.91992,0.03529412,0.03529412,32073104.000000
2,518.69824,379.0879,0.03529412,0.03529412,32073308.000000
1,517.6331,358.79868,0.03529412,0.03529412,32073488.000000
0,521.36096,356.66296,0.027450982,0.027450982,32074294.000000
2,521.36096,353.4594,0.027450982,0.027450982,32074492.000000
2,521.36096,347.0523,0.027450982,0.027450982,32074692.000000
2,521.36096,340.64517,0.027450982,0.027450982,32075032.000000
2,519.7633,335.3059,0.027450982,0.027450982,32075130.000000
2,519.2308,332.10236,0.027450982,0.027450982,32075306.000000
2,518.16565,329.96664,0.027450982,0.027450982,32075512.000000
2,517.6331,326.7631,0.07058824,0.07058824,32075690.000000
1,517.1006,325.69522,0.07058824,0.07058824,32075928.000000
0,462.78107,471.99112,0.0627451,0.0627451,32301504.000000
2,462.78107,468.78757,0.0627451,0.0627451,32301706.000000
2,466.50888,401.51282,0.0627451,0.0627451,32301908.000000
1,471.30176,375.88434,0.0627451,0.0627451,32302100.000000
0,459.05325,279.77753,0.1254902,0.1254902,32472312.000000
2,448.40237,293.65964,0.16862746,0.16862746,32472502.000000
1,357.8698,643.91547,0.058823533,0.058823533,32472718.000000
0,305.14792,457.04117,0.121568635,0.121568635,32591244.000000
2,305.14792,457.04117,0.078431375,0.078431375,32591272.000000
1,305.14792,457.04117,0.078431375,0.078431375,32591298.000000
0,375.97632,179.39934,0.0627451,0.0627451,32762706.000000
2,375.97632,179.39934,0.1137255,0.1137255,32762728.000000
2,375.97632,179.39934,0.15686275,0.15686275,32762764.000000
2,375.97632,176.19579,0.15686275,0.15686275,32762808.000000
2,375.97632,175.12793,0.15686275,0.15686275,32762846.000000
1,375.97632,175.12793,0.08235294,0.08235294,32762904.000000
0,423.37277,719.7331,0.06666667,0.06666667,32799616.000000
2,425.50296,721.8688,0.06666667,0.06666667,32799768.000000
2,440.41418,707.9867,0.10980393,0.10980393,32799994.000000
1,464.91122,351.3237,0.04705883,0.04705883,32800214.000000
0,61.775146,429.27698,0.1137255,0.1137255,45346956.000000
2,62.840237,426.07343,0.1137255,0.1137255,45346984.000000
2,63.37278,425.00558,0.1137255,0.1137255,45346992.000000
2,63.905327,423.9377,0.1137255,0.1137255,45347020.000000
2,65.50296,417.5306,0.15686275,0.15686275,45347032.000000
2,66.0355,413.2592,0.15686275,0.15686275,45347064.000000
2,66.56805,392.96997,0.15686275,0.15686275,45347072.000000
2,66.0355,381.2236,0.15686275,0.15686275,45347108.000000
2,62.840237,344.9166,0.15686275,0.15686275,45347124.000000
2,61.242603,333.1702,0.15686275,0.15686275,45347136.000000
2,59.112427,322.49167,0.15686275,0.15686275,45347168.000000
2,50.591717,291.52393,0.10980393,0.10980393,45347184.000000
2,45.266273,279.77753,0.10980393,0.10980393,45347204.000000
2,42.60355,269.099,0.050980397,0.050980397,45347224.000000
1,42.60355,269.099,0.050980397,0.050980397,45347256.000000
0,233.78699,534.99445,0.10196079,0.10196079,45402688.000000
2,238.04733,557.4194,0.10196079,0.10196079,45402888.000000
2,242.84024,590.5228,0.14509805,0.14509805,45403088.000000
2,244.43787,603.33704,0.14509805,0.14509805,45403280.000000
2,244.43787,610.812,0.14509805,0.14509805,45403480.000000
2,241.77515,618.287,0.14509805,0.14509805,45403684.000000
2,239.11243,622.5584,0.14509805,0.14509805,45403888.000000
1,238.57988,624.69415,0.04705883,0.04705883,45404128.000000
0,388.22485,341.713,0.10588236,0.10588236,45435712.000000
2,384.49704,351.3237,0.14901961,0.14901961,45435896.000000
1,386.09467,716.5295,0.0627451,0.0627451,45436116.000000
0,457.45563,389.76642,0.08235294,0.08235294,45566512.000000
2,457.45563,392.96997,0.1254902,0.1254902,45566616.000000
2,455.85797,399.3771,0.1254902,0.1254902,45566620.000000
2,454.26035,406.85208,0.1254902,0.1254902,45566644.000000
2,445.2071,458.10904,0.1254902,0.1254902,45566672.000000
2,432.42603,594.79425,0.1254902,0.1254902,45566680.000000
2,435.08875,634.3048,0.1254902,0.1254902,45566704.000000
1,447.33728,744.2937,0.078431375,0.078431375,45566768.000000
0,460.11835,452.76978,0.07450981,0.07450981,45567820.000000
2,460.11835,452.76978,0.11764707,0.11764707,45567844.000000
2,460.11835,449.5662,0.11764707,0.11764707,45567908.000000
2,460.65088,443.1591,0.16470589,0.16470589,45567920.000000
2,462.78107,430.34485,0.16470589,0.16470589,45567928.000000
2,464.3787,417.5306,0.16470589,0.16470589,45567960.000000
2,478.7574,331.0345,0.16470589,0.16470589,45567976.000000
2,484.08282,311.81314,0.1137255,0.1137255,45567992.000000
1,492.60355,282.9811,0.043137256,0.043137256,45568028.000000
0,464.3787,508.29813,0.0627451,0.0627451,45568568.000000
2,464.3787,508.29813,0.10980393,0.10980393,45568600.000000
2,464.3787,505.09457,0.10980393,0.10980393,45568620.000000
2,464.3787,502.95886,0.10980393,0.10980393,45568636.000000
2,463.84616,497.6196,0.10980393,0.10980393,45568668.000000
2,464.91122,488.0089,0.10980393,0.10980393,45568672.000000
2,466.50888,470.92328,0.15294118,0.15294118,45568704.000000
2,468.63904,414.32706,0.15294118,0.15294118,45568720.000000
2,469.1716,402.58066,0.15294118,0.15294118,45568736.000000
2,472.36685,372.6808,0.15294118,0.15294118,45568752.000000
2,474.49704,360.9344,0.15294118,0.15294118,45568812.000000
2,485.68048,309.67743,0.054901965,0.054901965,45568852.000000
1,485.68048,306.47388,0.054901965,0.054901965,45568864.000000
0,461.71597,518.9767,0.08235294,0.08235294,45569108.000000
2,461.71597,515.7731,0.1254902,0.1254902,45569124.000000
2,461.71597,514.70526,0.1254902,0.1254902,45569136.000000
2,461.71597,513.6374,0.1254902,0.1254902,45569164.000000
2,461.71597,504.0267,0.1254902,0.1254902,45569176.000000
2,462.2485,497.6196,0.1254902,0.1254902,45569208.000000
2,463.3136,475.19467,0.1254902,0.1254902,45569232.000000
2,464.91122,457.04117,0.1254902,0.1254902,45569248.000000
2,465.97632,446.36264,0.1254902,0.1254902,45569264.000000
2,467.0414,435.6841,0.1254902,0.1254902,45569300.000000
2,468.1065,422.86987,0.1254902,0.1254902,45569324.000000
2,468.63904,418.59845,0.1254902,0.1254902,45569360.000000
2,470.76923,403.64853,0.16862746,0.16862746,45569392.000000
2,472.36685,391.90213,0.16862746,0.16862746,45569412.000000
2,473.43195,383.3593,0.16862746,0.16862746,45569456.000000
2,472.36685,378.02005,0.07450981,0.07450981,45569464.000000
1,472.36685,378.02005,0.07450981,0.07450981,45569504.000000
0,415.3846,567.03,0.050980397,0.050980397,45575680.000000
2,415.3846,567.03,0.09411766,0.09411766,45575704.000000
2,414.31952,563.8265,0.09411766,0.09411766,45575776.000000
2,413.787,560.6229,0.09411766,0.09411766,45575792.000000
2,413.25443,554.2158,0.09411766,0.09411766,45575816.000000
2,412.18933,547.8087,0.09411766,0.09411766,45575828.000000
2,411.12427,537.1302,0.09411766,0.09411766,45575848.000000
2,410.5917,534.99445,0.09411766,0.09411766,45575852.000000
2,410.05917,530.723,0.13725491,0.13725491,45575880.000000
2,409.5266,526.45166,0.13725491,0.13725491,45575916.000000
2,408.99408,521.11237,0.13725491,0.13725491,45575932.000000
2,408.46155,517.9088,0.13725491,0.13725491,45575952.000000
2,407.929,515.7731,0.13725491,0.13725491,45575976.000000
2,407.929,511.50168,0.13725491,0.13725491,45576016.000000
2,408.46155,498.68744,0.13725491,0.13725491,45576048.000000
2,408.46155,492.28033,0.13725491,0.13725491,45576088.000000
2,408.46155,476.26254,0.13725491,0.13725491,45576116.000000
2,408.99408,466.65186,0.13725491,0.13725491,45576124.000000
2,408.99408,462.38043,0.13725491,0.13725491,45576148.000000
2,409.5266,453.83762,0.13725491,0.13725491,45576160.000000
2,410.5917,444.22693,0.13725491,0.13725491,45576192.000000
2,413.25443,421.80203,0.18039216,0.18039216,45576212.000000
2,416.4497,405.7842,0.18039216,0.18039216,45576228.000000
2,420.17752,388.69858,0.18039216,0.18039216,45576260.000000
2,426.0355,362.00223,0.13725491,0.13725491,45576264.000000
2,428.6982,352.39157,0.13725491,0.13725491,45576308.000000
1,429.7633,338.50946,0.078431375,0.078431375,45576336.000000
0,333.90533,517.9088,0.09411766,0.09411766,45577920.000000
2,333.90533,517.9088,0.039215688,0.039215688,45577984.000000
1,333.90533,517.9088,0.039215688,0.039215688,45578012.000000
0,473.43195,273.37042,0.14901961,0.14901961,45753464.000000
2,471.83432,275.50613,0.19215688,0.19215688,45753528.000000
2,470.76923,276.57397,0.23529413,0.23529413,45753552.000000
2,463.3136,288.32037,0.23529413,0.23529413,45753580.000000
2,452.66272,313.94885,0.23529413,0.23529413,45753620.000000
2,440.41418,358.79868,0.23529413,0.23529413,45753648.000000
2,427.63312,398.30923,0.23529413,0.23529413,45753672.000000
2,415.3846,423.9377,0.23529413,0.23529413,45753680.000000
2,407.39645,437.81982,0.23529413,0.23529413,45753708.000000
2,395.14792,462.38043,0.23529413,0.23529413,45753728.000000
2,391.4201,473.05896,0.23529413,0.23529413,45753748.000000
2,389.82248,479.4661,0.23529413,0.23529413,45753768.000000
2,388.7574,483.73752,0.23529413,0.23529413,45753792.000000
2,385.56213,496.55176,0.23529413,0.23529413,45753800.000000
2,383.9645,501.89102,0.23529413,0.23529413,45753832.000000
2,380.2367,516.84094,0.23529413,0.23529413,45753844.000000
2,379.1716,518.9767,0.23529413,0.23529413,45753884.000000
2,377.0414,525.3838,0.23529413,0.23529413,45753896.000000
2,375.97632,529.6552,0.23529413,0.23529413,45753940.000000
2,373.3136,536.0623,0.23529413,0.23529413,45753988.000000
2,371.71597,540.33374,0.23529413,0.23529413,45754040.000000
2,369.5858,544.60516,0.23529413,0.23529413,45754168.000000
2,361.59763,564.89435,0.23529413,0.23529413,45754296.000000
2,348.28403,596.92993,0.23529413,0.23529413,45754328.000000
2,338.16568,628.9655,0.23529413,0.23529413,45754360.000000
2,337.63315,632.1691,0.23529413,0.23529413,45754368.000000
2,335.50296,639.6441,0.23529413,0.23529413,45754392.000000
2,334.9704,640.7119,0.23529413,0.23529413,45754408.000000
2,333.90533,644.98334,0.23529413,0.23529413,45754424.000000
2,332.84024,647.119,0.23529413,0.23529413,45754432.000000
2,332.30768,649.25476,0.23529413,0.23529413,45754448.000000
2,331.2426,652.4583,0.23529413,0.23529413,45754468.000000
2,329.64496,656.72974,0.23529413,0.23529413,45754476.000000
2,329.64496,657.7976,0.23529413,0.23529413,45754504.000000
2,329.11243,659.9333,0.23529413,0.23529413,45754524.000000
2,328.57986,661.00116,0.23529413,0.23529413,45754620.000000
2,326.98224,666.3404,0.23529413,0.23529413,45754744.000000
2,323.787,677.0189,0.23529413,0.23529413,45754944.000000
1,321.12427,690.901,0.121568635,0.121568635,45755184.000000
