0,41.652893,1081.2422,0.29411766,0.13333334,40773108.000000
2,52.231407,1061.0051,0.3372549,0.20000002,40773140.000000
2,53.191116,1055.363,0.34117648,0.20000002,40773208.000000
2,54.214874,1037.2733,0.34117648,0.23333335,40773296.000000
2,54.214874,1013.07184,0.34117648,0.23333335,40773360.000000
2,52.231403,991.70013,0.3372549,0.20000002,40773428.000000
2,51.570248,973.1657,0.3372549,0.20000002,40773496.000000
2,51.570248,955.37024,0.34117648,0.23333335,40773564.000000
2,51.570248,930.9348,0.34117648,0.20000002,40773632.000000
2,51.570248,899.5949,0.34117648,0.23333335,40773700.000000
2,51.570248,865.55664,0.34509805,0.23333335,40773784.000000
2,52.231403,808.9721,0.34117648,0.20000002,40773852.000000
2,52.231403,764.3668,0.34509805,0.23333335,40773920.000000
2,50.280296,722.31573,0.34117648,0.20000002,40773988.000000
2,49.698097,685.3013,0.34509805,0.20000002,40774056.000000
2,49.586777,652.27295,0.34901962,0.20000002,40774124.000000
2,49.586777,633.33563,0.34901962,0.20000002,40774192.000000
2,49.586777,619.1548,0.34901962,0.20000002,40774260.000000
2,48.925617,598.23975,0.34901962,0.20000002,40774344.000000
2,48.925617,574.9759,0.34901962,0.20000002,40774408.000000
2,48.925617,562.9484,0.34901962,0.20000002,40774480.000000
2,48.925617,548.04785,0.34901962,0.20000002,40774544.000000
2,48.925617,526.0745,0.3529412,0.20000002,40774612.000000
2,48.925617,508.37045,0.3529412,0.20000002,40774680.000000
2,48.925617,483.3738,0.3529412,0.20000002,40774752.000000
2,49.586777,454.8615,0.3529412,0.20000002,40774836.000000
2,49.586777,409.06534,0.3529412,0.20000002,40774900.000000
2,48.26446,346.35123,0.34901962,0.20000002,40774972.000000
1,34.285408,271.9868,0.30980393,0.16666667,40775036.000000
0,32.396694,1050.1637,0.29411766,0.13333334,40786484.000000
2,41.096638,1042.7069,0.3372549,0.20000002,40786552.000000
2,50.247932,962.1511,0.34117648,0.20000002,40786624.000000
2,50.27963,798.61505,0.3372549,0.20000002,40786692.000000
1,24.793388,623.738,0.28627452,0.13333334,40786760.000000
0,563.3058,539.8984,0.3137255,0.16666667,53563088.000000
2,564.19165,520.081,0.3372549,0.23333335,53563140.000000
2,573.2664,489.6729,0.34509805,0.23333335,53563172.000000
2,586.02264,458.96362,0.34509805,0.26666668,53563180.000000
2,596.9063,430.1988,0.34117648,0.23333335,53563208.000000
2,620.55273,388.07504,0.31764707,0.16666667,53563224.000000
1,620.55273,388.07504,0.31764707,0.16666667,53563248.000000
0,522.314,542.0666,0.32941177,0.16666667,53721680.000000
2,505.2819,580.2321,0.34117648,0.16666667,53721808.000000
2,500.00537,619.7275,0.34117648,0.26666668,53721876.000000
2,494.54544,647.75714,0.3372549,0.20000002,53721960.000000
2,494.54544,665.15424,0.34509805,0.23333335,53722024.000000
2,494.54544,672.3773,0.34509805,0.23333335,53722084.000000
1,494.54544,673.79504,0.34509805,0.23333335,53722308.000000
0,78.016525,658.43024,0.33333334,0.16666667,53925840.000000
2,79.851326,690.33856,0.33333334,0.20000002,53925968.000000
2,78.61065,754.42017,0.33333334,0.20000002,53926044.000000
2,79.311386,792.74274,0.33333334,0.20000002,53926112.000000
2,84.5261,814.0994,0.32941177,0.16666667,53926180.000000
2,91.23967,846.1074,0.32941177,0.16666667,53926248.000000
2,91.23967,866.9319,0.32941177,0.20000002,53926320.000000
2,89.91735,890.8168,0.3254902,0.13333334,53926392.000000
2,89.91735,899.3959,0.32941177,0.16666667,53926460.000000
2,88.59504,902.04913,0.3254902,0.13333334,53926528.000000
2,88.59504,902.7456,0.32156864,0.13333334,53926600.000000
2,89.27292,911.486,0.3254902,0.16666667,53926668.000000
2,89.91735,939.3578,0.3254902,0.16666667,53926740.000000
2,87.93388,968.203,0.32156864,0.13333334,53926808.000000
2,86.81889,995.54663,0.3254902,0.20000002,53926880.000000
2,81.602486,1022.5029,0.3254902,0.16666667,53926952.000000
2,76.694214,1030.264,0.3254902,0.16666667,53927020.000000
1,76.694214,1033.1542,0.3254902,0.16666667,53927164.000000
0,29.090908,198.035,0.30980393,0.16666667,49251068.000000
2,28.931921,207.28459,0.32156864,0.10000001,49251188.000000
2,30.237226,214.41916,0.3254902,0.13333334,49251224.000000
2,32.85761,228.2379,0.3254902,0.16666667,49251240.000000
2,34.161842,233.94089,0.3254902,0.16666667,49251272.000000
2,35.04132,243.48259,0.3254902,0.16666667,49251304.000000
2,35.04132,249.4743,0.3254902,0.13333334,49251328.000000
2,35.04132,252.33783,0.32941177,0.13333334,49251368.000000
2,38.01227,260.90543,0.32941177,0.16666667,49251400.000000
2,38.347107,266.61862,0.32941177,0.16666667,49251424.000000
2,38.347107,269.4744,0.33333334,0.16666667,49251436.000000
2,38.347107,272.34558,0.32941177,0.16666667,49251464.000000
2,38.347107,275.1901,0.33333334,0.16666667,49251472.000000
2,38.347107,278.055,0.33333334,0.16666667,49251504.000000
2,39.008263,283.0579,0.33333334,0.16666667,49251544.000000
2,39.008263,287.854,0.33333334,0.20000002,49251552.000000
2,39.008263,290.91788,0.33333334,0.20000002,49251584.000000
2,39.008263,295.90536,0.32941177,0.20000002,49251620.000000
2,39.008263,299.34213,0.32941177,0.16666667,49251640.000000
2,39.008263,300.76636,0.32941177,0.16666667,49251656.000000
2,39.008263,302.20258,0.32941177,0.16666667,49251680.000000
2,39.008263,303.6228,0.32941177,0.16666667,49251692.000000
2,39.008263,305.06015,0.32941177,0.16666667,49251720.000000
2,39.008263,307.8659,0.32941177,0.16666667,49251808.000000
2,39.008263,309.70074,0.32941177,0.16666667,49251896.000000
2,39.008263,312.34314,0.32941177,0.16666667,49251984.000000
2,39.008263,315.6175,0.33333334,0.20000002,49252052.000000
2,39.008263,319.9076,0.33333334,0.16666667,49252124.000000
2,39.008263,324.8993,0.33333334,0.16666667,49252192.000000
2,41.652893,335.249,0.33333334,0.16666667,49252264.000000
2,41.652893,346.68445,0.33333334,0.16666667,49252332.000000
2,41.652893,358.86584,0.33333334,0.20000002,49252400.000000
2,41.652893,372.4433,0.33333334,0.20000002,49252472.000000
2,41.652893,383.90753,0.33333334,0.16666667,49252544.000000
2,41.652893,395.33804,0.33333334,0.16666667,49252612.000000
2,41.652893,402.511,0.33333334,0.16666667,49252684.000000
2,41.652893,412.5587,0.33333334,0.16666667,49252752.000000
2,41.652893,418.2765,0.33333334,0.20000002,49252824.000000
2,41.652893,424.72278,0.33333334,0.20000002,49252892.000000
2,41.652893,430.44238,0.33333334,0.20000002,49252960.000000
2,41.652893,436.16022,0.33333334,0.20000002,49253032.000000
2,41.652893,441.88907,0.33333334,0.20000002,49253104.000000
2,41.652893,447.60733,0.33333334,0.16666667,49253172.000000
2,42.31405,457.82928,0.33333334,0.16666667,49253244.000000
2,42.31405,471.40546,0.33333334,0.16666667,49253312.000000
2,43.660378,489.4105,0.33333334,0.20000002,49253384.000000
2,45.619835,519.496,0.33333334,0.16666667,49253452.000000
2,45.619835,533.30145,0.33333334,0.16666667,49253524.000000
2,45.619835,538.0915,0.33333334,0.16666667,49253592.000000
2,45.619835,539.2369,0.33333334,0.16666667,49253664.000000
2,45.619835,540.7336,0.33333334,0.16666667,49253732.000000
2,45.619835,542.385,0.33333334,0.16666667,49253876.000000
2,45.619835,545.19824,0.33333334,0.20000002,49253944.000000
2,45.619835,560.3252,0.33333334,0.16666667,49254012.000000
1,42.86573,597.47,0.3137255,0.16666667,49254088.000000
0,50.90909,612.89667,0.3254902,0.16666667,49277624.000000
2,50.304153,605.97644,0.32941177,0.13333334,49277692.000000
2,48.925617,584.44574,0.33333334,0.20000002,49277768.000000
2,48.44962,566.3223,0.33333334,0.20000002,49277832.000000
2,47.191685,548.9398,0.33333334,0.16666667,49277904.000000
2,45.619835,529.7404,0.33333334,0.16666667,49277972.000000
2,45.619835,518.32306,0.33333334,0.20000002,49278040.000000
2,45.619835,509.2969,0.33333334,0.20000002,49278112.000000
2,45.619835,503.58777,0.3372549,0.20000002,49278184.000000
2,45.619835,489.6119,0.33333334,0.16666667,49278256.000000
2,43.636364,444.38416,0.33333334,0.16666667,49278324.000000
2,43.636364,412.1635,0.33333334,0.16666667,49278392.000000
2,43.636364,395.5813,0.33333334,0.20000002,49278464.000000
2,43.636364,385.59674,0.33333334,0.20000002,49278532.000000
2,43.636364,379.69394,0.33333334,0.20000002,49278600.000000
1,43.636364,376.1942,0.33333334,0.20000002,49278672.000000
0,23.140495,615.78766,0.2392157,0.13333334,49400628.000000
2,29.091856,615.78766,0.31764707,0.13333334,49400688.000000
2,32.342113,613.6592,0.31764707,0.13333334,49400760.000000
2,40.181946,575.3218,0.32156864,0.16666667,49400828.000000
2,44.958675,543.50195,0.32941177,0.13333334,49400896.000000
2,42.975204,508.6169,0.32941177,0.20000002,49400972.000000
2,39.928703,465.70966,0.3254902,0.16666667,49401040.000000
2,35.04132,435.3741,0.3254902,0.13333334,49401108.000000
2,33.71901,401.75012,0.3254902,0.16666667,49401176.000000
2,31.074379,376.52582,0.3254902,0.13333334,49401248.000000
2,27.768595,357.74142,0.32156864,0.10000001,49401320.000000
2,27.768595,339.35117,0.3254902,0.16666667,49401388.000000
2,27.768595,325.11176,0.3254902,0.16666667,49401456.000000
2,27.104593,312.9376,0.32156864,0.13333334,49401532.000000
1,18.512398,272.11743,0.2627451,0.16666667,49401600.000000
0,85.28925,345.4771,0.227451,0.13333334,41076480.000000
2,85.28925,322.71033,0.32941177,0.20000002,41076544.000000
2,85.28925,317.28967,0.32941177,0.16666667,41076604.000000
2,92.49978,290.95572,0.32941177,0.16666667,41076672.000000
2,93.88429,267.1519,0.32941177,0.20000002,41076748.000000
2,94.545456,252.69691,0.33333334,0.23333335,41076816.000000
2,95.20661,242.74158,0.3372549,0.20000002,41076884.000000
2,95.56527,226.67593,0.34117648,0.16666667,41076960.000000
2,89.04082,206.47263,0.3372549,0.20000002,41077024.000000
1,85.13409,202.2019,0.3254902,0.23333335,41077096.000000
0,159.33884,516.0474,0.25490198,0.16666667,41388536.000000
2,162.00076,514.59247,0.32941177,0.26666668,41388752.000000
2,165.51057,513.0354,0.32941177,0.26666668,41388820.000000
2,171.93153,510.26538,0.32941177,0.26666668,41388888.000000
2,173.94737,510.26538,0.32941177,0.26666668,41388956.000000
2,174.81976,510.26538,0.33333334,0.26666668,41389028.000000
2,175.89293,510.26538,0.33333334,0.26666668,41389236.000000
2,176.66646,510.26538,0.33333334,0.26666668,41389308.000000
1,177.26501,510.26538,0.33333334,0.26666668,41389520.000000
0,152.06612,284.0429,0.23137257,0.13333334,41453048.000000
2,156.75279,282.57608,0.3254902,0.16666667,41453252.000000
2,160.01018,281.87463,0.3254902,0.16666667,41453320.000000
2,165.21986,281.87463,0.3254902,0.16666667,41453392.000000
2,168.05821,281.87463,0.32941177,0.20000002,41453460.000000
2,168.66927,281.87463,0.32941177,0.20000002,41453532.000000
2,170.95439,281.87463,0.32941177,0.20000002,41453600.000000
2,175.48601,281.87463,0.32941177,0.20000002,41453672.000000
1,178.0776,281.1519,0.32941177,0.20000002,41453892.000000
0,122.31405,477.01862,0.32941177,0.20000002,44909680.000000
2,120.34675,451.15857,0.33333334,0.26666668,44909760.000000
2,119.00826,426.88568,0.32941177,0.20000002,44909772.000000
2,119.00826,418.94226,0.33333334,0.20000002,44909800.000000
2,119.00826,413.75177,0.33333334,0.20000002,44909824.000000
2,119.00826,407.79285,0.33333334,0.20000002,44909860.000000
2,119.00826,403.68243,0.33333334,0.23333335,44909872.000000
2,119.00826,401.56244,0.33333334,0.23333335,44909900.000000
2,119.00826,399.9174,0.3372549,0.23333335,44909912.000000
2,119.00826,398.49573,0.3372549,0.23333335,44909940.000000
2,119.00826,395.64813,0.3372549,0.23333335,44909980.000000
2,119.00826,392.7515,0.3372549,0.26666668,44909992.000000
2,119.00826,391.37415,0.3372549,0.26666668,44910024.000000
2,119.00826,386.75748,0.3372549,0.26666668,44910060.000000
2,119.00826,381.0418,0.34117648,0.26666668,44910084.000000
2,119.00826,376.48987,0.34117648,0.23333335,44910120.000000
2,119.00826,363.6782,0.3372549,0.20000002,44910128.000000
2,119.00826,353.29614,0.34117648,0.23333335,44910160.000000
2,110.45165,316.6509,0.34117648,0.20000002,44910200.000000
2,85.767296,265.57367,0.3372549,0.20000002,44910208.000000
2,76.08816,243.68907,0.32941177,0.16666667,44910248.000000
1,69.75452,226.87885,0.31764707,0.20000002,44910280.000000
0,87.27273,589.0457,0.27058825,0.13333334,45016368.000000
2,87.27273,578.3564,0.32941177,0.20000002,45016428.000000
2,85.996506,571.2288,0.33333334,0.20000002,45016500.000000
2,72.55963,496.06973,0.33333334,0.16666667,45016580.000000
1,32.727272,384.50592,0.24705884,0.13333334,45016640.000000
0,81.98347,620.1242,0.31764707,0.20000002,81545704.000000
2,84.73689,604.1733,0.34117648,0.20000002,81545776.000000
2,73.06937,492.91147,0.34117648,0.20000002,81545856.000000
1,0.99173546,167.67928,0.27450982,0.10000001,81545920.000000
0,513.05786,1090.6381,0.18431373,0.13333334,37087160.000000
2,512.39667,1081.6036,0.31764707,0.20000002,37087296.000000
2,512.39667,1073.0349,0.31764707,0.16666667,37087320.000000
2,512.39667,1069.0313,0.31764707,0.16666667,37087332.000000
2,512.39667,1061.8555,0.3137255,0.13333334,37087360.000000
2,512.39667,1057.1755,0.3137255,0.13333334,37087368.000000
2,512.39667,1051.9192,0.31764707,0.13333334,37087396.000000
2,515.24896,1043.7008,0.31764707,0.13333334,37087436.000000
2,517.8364,1036.8252,0.31764707,0.16666667,37087448.000000
2,518.4765,1030.8064,0.32156864,0.16666667,37087480.000000
2,519.08057,1022.46185,0.32156864,0.20000002,37087516.000000
2,520.3588,1014.65594,0.32156864,0.20000002,37087540.000000
2,521.6487,1009.7079,0.32156864,0.20000002,37087548.000000
2,521.6529,999.76575,0.31764707,0.13333334,37087584.000000
2,526.776,985.6606,0.32156864,0.16666667,37087616.000000
2,530.1087,969.2533,0.3254902,0.20000002,37087640.000000
2,531.40894,962.1466,0.3254902,0.23333335,37087652.000000
2,532.2314,955.6073,0.3254902,0.23333335,37087680.000000
2,532.67804,949.4278,0.32156864,0.23333335,37087688.000000
2,533.9768,943.514,0.3254902,0.23333335,37087720.000000
2,536.57465,933.2889,0.3254902,0.23333335,37087736.000000
2,537.5206,929.05493,0.3254902,0.20000002,37087760.000000
2,537.5206,924.795,0.3254902,0.20000002,37087768.000000
2,537.5206,921.5909,0.32941177,0.20000002,37087800.000000
2,538.1818,913.2278,0.32941177,0.23333335,37087840.000000
2,539.6898,904.28107,0.32941177,0.26666668,37087852.000000
2,540.1653,900.031,0.32941177,0.26666668,37087876.000000
2,540.8264,894.1831,0.33333334,0.26666668,37087888.000000
2,541.4876,890.0717,0.33333334,0.26666668,37087920.000000
2,541.4876,880.85425,0.3372549,0.23333335,37087956.000000
2,541.4876,867.949,0.33333334,0.20000002,37087968.000000
2,541.4876,861.6112,0.33333334,0.20000002,37087996.000000
2,542.1045,853.81616,0.3372549,0.23333335,37088008.000000
2,542.80994,848.10583,0.3372549,0.23333335,37088040.000000
2,545.33624,839.507,0.3372549,0.26666668,37088080.000000
2,545.4545,832.9835,0.34117648,0.26666668,37088088.000000
2,545.4545,830.14624,0.34117648,0.26666668,37088120.000000
2,545.4545,824.4632,0.34117648,0.26666668,37088160.000000
2,546.11566,818.7939,0.34117648,0.26666668,37088172.000000
2,546.11566,815.9595,0.34509805,0.26666668,37088200.000000
2,546.77686,813.84973,0.34117648,0.26666668,37088208.000000
2,547.07166,811.7326,0.34117648,0.23333335,37088240.000000
2,547.438,806.0456,0.34117648,0.23333335,37088280.000000
2,547.438,800.3728,0.34509805,0.23333335,37088292.000000
2,547.438,796.8021,0.34509805,0.23333335,37088320.000000
2,547.438,793.0997,0.34509805,0.23333335,37088328.000000
2,547.438,788.85956,0.34509805,0.23333335,37088360.000000
2,547.438,783.3138,0.34901962,0.23333335,37088400.000000
2,547.438,778.3844,0.34509805,0.26666668,37088408.000000
2,547.438,776.23846,0.34901962,0.26666668,37088440.000000
2,547.438,774.82135,0.34901962,0.26666668,37088448.000000
2,547.438,773.40875,0.34901962,0.26666668,37088476.000000
2,547.438,770.571,0.34901962,0.26666668,37088516.000000
2,547.438,768.65045,0.34901962,0.26666668,37088528.000000
1,547.438,768.65045,0.34901962,0.26666668,37088724.000000
0,517.6859,995.2343,0.21960786,0.16666667,37120704.000000
2,524.2466,985.1992,0.31764707,0.16666667,37120824.000000
2,532.65814,962.1617,0.32156864,0.26666668,37120900.000000
2,541.9071,922.11127,0.3254902,0.20000002,37120968.000000
2,547.75275,896.63007,0.32941177,0.26666668,37121040.000000
2,549.42145,884.9114,0.32941177,0.26666668,37121108.000000
2,551.40497,871.28925,0.32941177,0.23333335,37121176.000000
2,549.42145,844.886,0.3372549,0.23333335,37121248.000000
2,549.42145,825.70593,0.3372549,0.26666668,37121316.000000
2,549.42145,808.17523,0.34117648,0.23333335,37121392.000000
2,550.08264,787.062,0.34117648,0.23333335,37121456.000000
2,550.08264,780.3133,0.34117648,0.23333335,37121528.000000
1,550.08264,778.8993,0.34117648,0.23333335,37121668.000000
0,595.70245,394.6245,0.2627451,0.20000002,37421204.000000
2,571.636,432.01608,0.3529412,0.26666668,37421268.000000
2,561.4649,468.00534,0.34509805,0.23333335,37421336.000000
2,546.2139,546.7942,0.34117648,0.26666668,37421408.000000
2,542.80994,610.90063,0.3372549,0.26666668,37421480.000000
2,544.7934,630.2714,0.34117648,0.23333335,37421548.000000
1,544.7934,631.6964,0.34117648,0.23333335,37421844.000000
0,602.314,642.5296,0.31764707,0.23333335,37488576.000000
2,602.314,631.9192,0.32941177,0.23333335,37488640.000000
2,602.314,622.0455,0.32941177,0.23333335,37488712.000000
2,602.7444,584.9958,0.33333334,0.26666668,37488780.000000
2,606.281,571.62915,0.33333334,0.26666668,37488852.000000
2,608.26447,559.81866,0.33333334,0.23333335,37488920.000000
2,608.26447,554.71484,0.33333334,0.23333335,37488988.000000
2,608.26447,552.00977,0.3372549,0.23333335,37489060.000000
2,609.0102,520.81244,0.3372549,0.26666668,37489132.000000
1,640.11487,433.3813,0.2509804,0.16666667,37489200.000000
0,573.22314,407.6341,0.30980393,0.13333334,37507200.000000
2,564.5311,422.97098,0.34117648,0.26666668,37507276.000000
2,552.0661,461.89178,0.34117648,0.23333335,37507344.000000
2,554.04956,477.9674,0.34117648,0.23333335,37507408.000000
1,554.04956,480.81485,0.34117648,0.23333335,37507552.000000
0,93.22314,719.1417,0.2627451,0.13333334,43212792.000000
2,93.25955,708.7613,0.3372549,0.23333335,43212920.000000
2,89.256195,692.90045,0.34117648,0.26666668,43212988.000000
2,89.256195,685.4699,0.34117648,0.23333335,43213056.000000
2,87.93388,676.9222,0.34117648,0.23333335,43213124.000000
2,87.93388,673.47345,0.3372549,0.23333335,43213192.000000
2,87.93388,670.7499,0.3372549,0.23333335,43213264.000000
2,87.27273,667.9197,0.34117648,0.23333335,43213336.000000
2,87.27273,666.31964,0.3372549,0.20000002,43213404.000000
2,87.27273,665.48944,0.34117648,0.20000002,43213476.000000
2,85.95041,663.27606,0.3372549,0.16666667,43213544.000000
2,85.95041,658.359,0.34117648,0.20000002,43213624.000000
2,82.221054,651.72217,0.34117648,0.20000002,43213688.000000
2,81.32231,645.59186,0.34117648,0.23333335,43213752.000000
2,81.32231,638.5035,0.34117648,0.23333335,43213828.000000
2,80.661156,634.3277,0.34117648,0.23333335,43213896.000000
2,80.0,630.932,0.34117648,0.23333335,43214104.000000
2,78.60093,628.7973,0.34117648,0.23333335,43214176.000000
2,77.73982,627.77203,0.34117648,0.23333335,43214244.000000
2,77.35537,624.95276,0.34117648,0.23333335,43214384.000000
2,77.35537,622.65393,0.34117648,0.23333335,43214456.000000
2,77.35537,621.78656,0.34117648,0.20000002,43214524.000000
2,77.35537,620.49023,0.34117648,0.20000002,43214592.000000
2,76.461655,616.2562,0.34117648,0.20000002,43214664.000000
2,76.03306,610.48474,0.34509805,0.20000002,43214740.000000
2,76.03306,602.0953,0.34509805,0.20000002,43214808.000000
2,76.03306,598.08014,0.34509805,0.20000002,43214872.000000
2,76.03306,595.33167,0.34509805,0.20000002,43214944.000000
2,73.77247,590.9111,0.34117648,0.20000002,43215016.000000
2,71.24276,582.90906,0.34509805,0.23333335,43215084.000000
2,68.052475,566.4872,0.34509805,0.20000002,43215156.000000
2,62.87933,540.9246,0.34509805,0.20000002,43215228.000000
2,61.695793,529.2846,0.34901962,0.20000002,43215296.000000
1,61.487602,526.52734,0.34901962,0.20000002,43215436.000000
0,34.380165,813.0999,0.28235295,0.16666667,43235920.000000
2,35.70248,805.23364,0.32156864,0.13333334,43236376.000000
2,34.380165,792.3889,0.31764707,0.10000001,43236444.000000
2,33.71901,787.9951,0.31764707,0.10000001,43236512.000000
2,33.71901,782.6023,0.32156864,0.13333334,43236584.000000
2,33.71901,779.7819,0.32156864,0.13333334,43236652.000000
2,33.71901,778.45074,0.32156864,0.13333334,43236720.000000
2,33.71901,774.6918,0.32156864,0.13333334,43236792.000000
2,33.71901,774.02637,0.32156864,0.13333334,43236864.000000
2,33.71901,770.8187,0.32156864,0.13333334,43236932.000000
2,33.71901,769.3733,0.32156864,0.13333334,43237000.000000
2,33.71901,768.23004,0.32156864,0.16666667,43237144.000000
2,33.71901,767.4884,0.32156864,0.16666667,43237212.000000
2,33.71901,766.7318,0.32156864,0.16666667,43237284.000000
2,33.71901,765.3021,0.32156864,0.16666667,43237352.000000
2,33.71901,763.8918,0.32156864,0.16666667,43237440.000000
2,33.71901,763.1108,0.32156864,0.16666667,43237492.000000
2,33.71901,762.28253,0.32156864,0.16666667,43237560.000000
2,33.71901,760.0029,0.32156864,0.16666667,43237632.000000
2,33.71901,758.0588,0.32156864,0.16666667,43237708.000000
2,33.71901,756.5567,0.32156864,0.16666667,43237772.000000
2,33.71901,754.5733,0.32156864,0.16666667,43237840.000000
2,33.71901,750.35156,0.32156864,0.16666667,43237912.000000
2,33.71901,744.6846,0.32156864,0.13333334,43237984.000000
2,33.71901,739.0285,0.32156864,0.13333334,43238052.000000
2,33.71901,728.1014,0.32156864,0.13333334,43238124.000000
2,36.363636,721.21625,0.3254902,0.16666667,43238196.000000
2,37.02479,714.1481,0.3254902,0.20000002,43238264.000000
2,37.02479,707.2241,0.3254902,0.16666667,43238332.000000
2,37.02479,700.2422,0.3254902,0.16666667,43238404.000000
2,37.02479,689.638,0.3254902,0.13333334,43238472.000000
2,37.02479,676.8992,0.3254902,0.13333334,43238544.000000
2,34.380165,661.96564,0.32156864,0.13333334,43238616.000000
2,34.380165,650.7123,0.3254902,0.13333334,43238684.000000
2,33.27702,639.6346,0.3254902,0.16666667,43238752.000000
2,31.410324,620.8704,0.32156864,0.13333334,43238824.000000
2,27.107437,589.5563,0.32156864,0.16666667,43238892.000000
2,26.446281,575.20404,0.3254902,0.16666667,43238964.000000
2,26.446281,569.8927,0.3254902,0.16666667,43239032.000000
1,26.446281,569.8927,0.3254902,0.16666667,43239176.000000
0,35.70248,523.99774,0.2392157,0.10000001,52696208.000000
2,44.95868,506.29022,0.3254902,0.20000002,52696272.000000
2,57.142647,441.19357,0.33333334,0.16666667,52696336.000000
2,55.993206,390.88647,0.33333334,0.23333335,52696404.000000
2,52.892563,357.76434,0.33333334,0.16666667,52696476.000000
2,49.586777,339.51666,0.3372549,0.16666667,52696544.000000
2,47.623947,326.75317,0.3372549,0.20000002,52696616.000000
2,44.958675,299.15378,0.33333334,0.13333334,52696684.000000
2,42.975204,271.085,0.3372549,0.20000002,52696760.000000
2,37.949955,253.97578,0.33333334,0.20000002,52696824.000000
1,34.049587,249.712,0.3137255,0.16666667,52696896.000000
0,47.603306,526.166,0.24313727,0.10000001,52712092.000000
2,50.336994,522.43054,0.3254902,0.23333335,52712164.000000
2,56.859505,481.9167,0.32941177,0.20000002,52712236.000000
2,56.859505,439.35803,0.32941177,0.20000002,52712304.000000
2,54.876034,425.78436,0.32941177,0.16666667,52712376.000000
2,54.876034,415.2229,0.33333334,0.16666667,52712444.000000
2,52.892563,382.57538,0.33333334,0.20000002,52712512.000000
2,49.859264,322.43668,0.33333334,0.16666667,52712584.000000
2,48.925617,297.42902,0.3372549,0.20000002,52712652.000000
2,48.925617,291.7332,0.3372549,0.20000002,52712720.000000
1,48.925617,290.4745,0.3372549,0.20000002,52712864.000000
