0,822.0,298.0,0.07058824,1.0,2453145.000000
2,822.0,298.0,0.07058824,1.0,2453170.000000
2,822.0,298.0,0.12352942,1.0,2453217.000000
2,822.0,298.0,0.12352942,1.0,2453235.000000
2,822.0,298.0,0.10588236,1.0,2453255.000000
2,822.0,298.0,0.10588236,1.0,2453265.000000
2,822.0,298.0,0.0882353,1.0,2453283.000000
1,822.0,298.0,0.0882353,1.0,2453295.000000
0,925.0,833.0,0.07058824,1.0,2464018.000000
2,870.378,1010.35406,0.12352942,1.0,2464049.000000
2,862.74744,1091.4095,0.12352942,1.0,2464058.000000
2,858.147,1178.9138,0.12352942,1.0,2464073.000000
2,854.6505,1271.1346,0.0882353,1.0,2464090.000000
1,854.6505,1271.1346,0.0882353,1.0,2464093.000000
0,884.0,1657.0,0.05294118,1.0,2478582.000000
2,884.0,1657.0,0.07058824,1.0,2478601.000000
2,884.0,1651.9297,0.07058824,1.0,2478620.000000
2,884.0,1644.9867,0.07058824,1.0,2478630.000000
2,886.0,1597.3184,0.0882353,1.0,2478725.000000
2,886.89825,1590.6105,0.0882353,1.0,2478746.000000
2,887.8158,1580.1051,0.0882353,1.0,2478761.000000
2,889.9065,1563.4677,0.10588236,1.0,2478788.000000
2,890.4594,1555.703,0.10588236,1.0,2478803.000000
2,892.00055,1548.9979,0.10588236,1.0,2478821.000000
2,893.0,1541.7706,0.10588236,1.0,2478839.000000
2,893.6571,1530.0287,0.10588236,1.0,2478884.000000
2,895.7537,1519.7389,0.0882353,1.0,2478904.000000
2,896.0,1515.1122,0.0882353,1.0,2478920.000000
2,896.8447,1510.4658,0.10588236,1.0,2478941.000000
2,897.0,1505.8138,0.10588236,1.0,2478958.000000
2,897.0,1501.1774,0.10588236,1.0,2478971.000000
2,898.0,1496.5199,0.10588236,1.0,2478989.000000
2,899.0315,1491.9055,0.10588236,1.0,2479002.000000
2,899.0,1487.2429,0.10588236,1.0,2479019.000000
2,899.0,1482.5979,0.10588236,1.0,2479039.000000
2,900.0,1477.9473,0.10588236,1.0,2479051.000000
2,902.0,1463.002,0.10588236,1.0,2479103.000000
2,902.0,1458.383,0.0882353,1.0,2479121.000000
2,902.0,1453.7238,0.0882353,1.0,2479139.000000
2,902.0,1450.0558,0.0882353,1.0,2479152.000000
2,902.0,1445.9592,0.0882353,1.0,2479172.000000
2,902.0,1441.7849,0.0882353,1.0,2479185.000000
2,902.0,1438.1353,0.10588236,1.0,2479201.000000
2,902.0,1433.4958,0.10588236,1.0,2479219.000000
2,902.0,1429.5745,0.10588236,1.0,2479241.000000
2,902.0,1426.4691,0.10588236,1.0,2479252.000000
2,902.0,1416.1736,0.10588236,1.0,2479304.000000
2,902.0,1412.1024,0.10588236,1.0,2479319.000000
2,902.0,1408.999,0.10588236,1.0,2479333.000000
2,902.0,1405.349,0.10588236,1.0,2479350.000000
2,902.0,1400.8,0.10588236,1.0,2479372.000000
2,902.0,1397.0497,0.10588236,1.0,2479381.000000
2,902.0,1392.4122,0.0882353,1.0,2479400.000000
2,902.0,1387.7719,0.0882353,1.0,2479421.000000
2,902.0,1383.1183,0.0882353,1.0,2479433.000000
2,902.0,1379.322,0.0882353,1.0,2479449.000000
2,902.0,1376.2206,0.0882353,1.0,2479469.000000
2,902.0,1373.1187,0.0882353,1.0,2479486.000000
2,902.0,1368.5326,0.10588236,1.0,2479499.000000
2,902.0,1363.8961,0.10588236,1.0,2479519.000000
2,902.0,1359.8342,0.10588236,1.0,2479532.000000
2,902.0,1355.5967,0.10588236,1.0,2479550.000000
2,902.0,1351.9589,0.10588236,1.0,2479565.000000
2,902.0,1348.5374,0.10588236,1.0,2479582.000000
2,902.0,1344.4377,0.10588236,1.0,2479601.000000
2,901.67474,1340.3495,0.10588236,1.0,2479619.000000
2,901.0,1336.3735,0.10588236,1.0,2479633.000000
2,899.56805,1331.7042,0.12352942,1.0,2479649.000000
2,900.0,1329.0668,0.12352942,1.0,2479666.000000
2,900.0,1324.9564,0.12352942,1.0,2479682.000000
2,900.0,1321.8566,0.10588236,1.0,2479699.000000
2,900.0,1318.766,0.10588236,1.0,2479722.000000
2,900.0,1315.6693,0.10588236,1.0,2479732.000000
2,900.0,1313.2893,0.10588236,1.0,2479753.000000
2,900.0,1310.0588,0.10588236,1.0,2479775.000000
2,900.0,1307.4382,0.10588236,1.0,2479791.000000
2,898.6377,1304.6377,0.10588236,1.0,2479808.000000
2,898.0,1302.1808,0.10588236,1.0,2479824.000000
2,898.0,1300.5435,0.10588236,1.0,2479852.000000
2,898.0,1297.444,0.0882353,1.0,2479873.000000
2,898.0,1295.8944,0.10588236,1.0,2479901.000000
2,897.80005,1292.8,0.10588236,1.0,2479930.000000
2,897.0,1291.2495,0.12352942,1.0,2479947.000000
2,897.0,1289.6992,0.12352942,1.0,2479968.000000
2,897.0,1286.6035,0.12352942,1.0,2479984.000000
2,897.0,1285.0538,0.12352942,1.0,2480002.000000
2,897.0,1283.508,0.12352942,1.0,2480017.000000
2,896.0,1281.9568,0.12352942,1.0,2480036.000000
2,896.0,1279.4181,0.12352942,1.0,2480054.000000
2,896.0,1277.8632,0.12352942,1.0,2480067.000000
2,896.0,1274.6296,0.12352942,1.0,2480097.000000
2,894.2157,1268.4314,0.12352942,1.0,2480128.000000
2,894.0,1265.338,0.12352942,1.0,2480143.000000
2,893.11884,1262.2377,0.12352942,1.0,2480160.000000
2,892.0,1252.9293,0.10588236,1.0,2480214.000000
2,892.0,1246.7454,0.10588236,1.0,2480235.000000
2,892.0,1243.6619,0.10588236,1.0,2480250.000000
2,892.0,1240.5558,0.10588236,1.0,2480263.000000
2,892.0,1237.4592,0.10588236,1.0,2480281.000000
2,892.0,1235.3579,0.10588236,1.0,2480316.000000
2,892.0,1232.0793,0.10588236,1.0,2480342.000000
2,892.0,1229.5294,0.10588236,1.0,2480357.000000
2,892.0,1227.9825,0.12352942,1.0,2480375.000000
2,892.0,1226.4342,0.12352942,1.0,2480390.000000
2,891.0,1224.8881,0.12352942,1.0,2480407.000000
2,891.0,1223.3375,0.12352942,1.0,2480424.000000
2,891.0,1221.7859,0.12352942,1.0,2480440.000000
2,890.2403,1219.4806,0.12352942,1.0,2480457.000000
2,890.0,1217.6918,0.12352942,1.0,2480474.000000
2,890.0,1216.1488,0.12352942,1.0,2480491.000000
2,890.0,1214.592,0.12352942,1.0,2480507.000000
2,890.0,1211.4934,0.12352942,1.0,2480532.000000
2,890.0,1209.9453,0.12352942,1.0,2480546.000000
2,890.0,1208.4,0.12352942,1.0,2480562.000000
2,890.0,1206.8518,0.12352942,1.0,2480580.000000
2,889.0,1205.3054,0.12352942,1.0,2480600.000000
2,889.0,1203.7538,0.12352942,1.0,2480612.000000
2,889.0,1202.2041,0.12352942,1.0,2480631.000000
2,887.65186,1202.0,0.12352942,1.0,2480641.000000
2,885.9112,1202.0,0.12352942,1.0,2480729.000000
2,886.0,1202.0,0.12352942,1.0,2480761.000000
1,886.0,1202.0,0.12352942,1.0,2480789.000000
0,859.0,950.0,0.05294118,1.0,2502464.000000
2,859.0,950.0,0.0882353,1.0,2502483.000000
2,859.0,950.0,0.0882353,1.0,2502501.000000
2,857.4804,955.31866,0.0882353,1.0,2502544.000000
2,852.7121,967.7197,0.0882353,1.0,2502550.000000
2,847.525,989.28107,0.10588236,1.0,2502582.000000
2,835.13763,1063.0366,0.10588236,1.0,2502652.000000
2,831.65063,1210.3618,0.10588236,1.0,2502673.000000
2,846.32996,1328.7178,0.0882353,1.0,2502694.000000
2,852.14154,1359.8494,0.0882353,1.0,2502706.000000
1,852.14154,1359.8494,0.0882353,1.0,2502710.000000
0,928.0,718.0,0.05294118,1.0,2626959.000000
2,928.0,718.0,0.10588236,1.0,2626970.000000
2,910.02484,754.0896,0.0882353,1.0,2627000.000000
2,901.56445,777.30664,0.10588236,1.0,2627030.000000
2,893.83826,802.18225,0.0882353,1.0,2627048.000000
2,886.89435,830.7518,0.0882353,1.0,2627065.000000
2,880.68384,859.92285,0.12352942,1.0,2627080.000000
2,875.3723,889.5178,0.10588236,1.0,2627098.000000
2,871.1548,918.1842,0.12352942,1.0,2627115.000000
2,867.0756,943.5967,0.0882353,1.0,2627142.000000
2,855.7446,1023.29834,0.0882353,1.0,2627175.000000
2,851.6344,1047.3766,0.10588236,1.0,2627195.000000
2,848.5599,1067.3607,0.0882353,1.0,2627226.000000
2,841.6467,1116.473,0.10588236,1.0,2627264.000000
2,841.0,1127.3595,0.10588236,1.0,2627274.000000
2,839.5393,1139.6857,0.0882353,1.0,2627295.000000
2,840.0,1151.0945,0.0882353,1.0,2627312.000000
2,840.0,1163.4614,0.0882353,1.0,2627328.000000
2,840.0,1174.759,0.10588236,1.0,2627346.000000
2,840.0,1185.6172,0.10588236,1.0,2627362.000000
2,840.0,1197.6633,0.0882353,1.0,2627378.000000
2,839.24384,1209.2931,0.0882353,1.0,2627396.000000
2,838.6926,1219.8441,0.0882353,1.0,2627411.000000
2,838.4008,1240.2068,0.0882353,1.0,2627451.000000
2,840.5005,1262.5034,0.10588236,1.0,2627469.000000
2,842.04877,1273.3414,0.0882353,1.0,2627484.000000
2,843.59424,1285.754,0.0882353,1.0,2627500.000000
2,845.1426,1299.2832,0.0882353,1.0,2627520.000000
2,846.6928,1310.8499,0.10588236,1.0,2627532.000000
2,848.2455,1321.7184,0.10588236,1.0,2627551.000000
2,849.7874,1329.9371,0.10588236,1.0,2627569.000000
2,850.0,1337.7168,0.0882353,1.0,2627584.000000
2,850.0,1343.5688,0.0882353,1.0,2627601.000000
2,848.5781,1348.2655,0.0882353,1.0,2627620.000000
2,848.008,1352.976,0.0882353,1.0,2627640.000000
2,846.46387,1356.0723,0.0882353,1.0,2627668.000000
2,845.0,1362.2623,0.0882353,1.0,2627697.000000
2,845.0,1364.1799,0.0882353,1.0,2627713.000000
2,844.27014,1365.7299,0.0882353,1.0,2627727.000000
2,844.0,1367.2782,0.0882353,1.0,2627744.000000
2,844.0,1368.5,0.0882353,1.0,2627761.000000
2,843.62274,1369.3772,0.0882353,1.0,2627768.000000
2,843.0,1370.9264,0.0882353,1.0,2627783.000000
2,843.0,1372.4791,0.0882353,1.0,2627800.000000
2,843.0,1374.0233,0.0882353,1.0,2627821.000000
2,841.8801,1375.0,0.0882353,1.0,2627856.000000
2,842.0,1375.0,0.0882353,1.0,2627868.000000
2,840.87573,1375.0,0.0882353,1.0,2627928.000000
2,839.9906,1375.0,0.0882353,1.0,2628001.000000
2,840.0,1377.8068,0.0882353,1.0,2628121.000000
2,840.4535,1381.3605,0.10588236,1.0,2628135.000000
2,842.00336,1386.01,0.10588236,1.0,2628150.000000
2,843.55164,1390.655,0.10588236,1.0,2628166.000000
2,845.09985,1395.2997,0.10588236,1.0,2628184.000000
2,846.6482,1399.2964,0.10588236,1.0,2628202.000000
2,848.19366,1402.3873,0.10588236,1.0,2628215.000000
2,849.7477,1406.4954,0.10588236,1.0,2628231.000000
2,851.0,1409.5869,0.10588236,1.0,2628257.000000
2,851.83527,1412.6705,0.10588236,1.0,2628271.000000
2,852.0,1421.9855,0.0882353,1.0,2628328.000000
2,852.0,1424.0638,0.0882353,1.0,2628345.000000
2,852.0,1426.5791,0.0882353,1.0,2628359.000000
2,852.0,1428.1315,0.0882353,1.0,2628376.000000
2,852.0,1429.6804,0.0882353,1.0,2628394.000000
2,852.0,1430.5,0.0882353,1.0,2628409.000000
2,852.0,1430.3224,0.0882353,1.0,2628437.000000
2,851.1224,1431.0,0.0882353,1.0,2628455.000000
2,849.5774,1431.0,0.0882353,1.0,2628461.000000
2,848.03894,1430.039,0.0882353,1.0,2628491.000000
2,837.59406,1415.9901,0.10588236,1.0,2628551.000000
2,829.55585,1390.779,0.12352942,1.0,2628571.000000
2,826.46075,1372.7644,0.0882353,1.0,2628592.000000
2,823.3683,1354.2098,0.12352942,1.0,2628610.000000
2,820.633,1335.5958,0.12352942,1.0,2628628.000000
2,818.1695,1316.1018,0.10588236,1.0,2628646.000000
2,815.0802,1297.9412,0.10588236,1.0,2628665.000000
2,811.9881,1281.8928,0.12352942,1.0,2628680.000000
2,810.43414,1268.4733,0.12352942,1.0,2628701.000000
2,809.0,1223.8628,0.10588236,1.0,2628765.000000
2,809.31104,1211.5116,0.12352942,1.0,2628776.000000
2,810.8638,1199.0898,0.12352942,1.0,2628791.000000
2,812.4107,1188.1249,0.10588236,1.0,2628807.000000
2,813.96063,1177.2756,0.10588236,1.0,2628826.000000
2,815.50903,1164.4188,0.10588236,1.0,2628840.000000
2,817.10925,1149.3993,0.12352942,1.0,2628858.000000
2,819.60736,1132.3191,0.12352942,1.0,2628875.000000
2,821.1548,1116.4523,0.0882353,1.0,2628892.000000
2,822.703,1100.9697,0.10588236,1.0,2628908.000000
2,825.2505,1085.4951,0.12352942,1.0,2628925.000000
2,827.6021,1069.1885,0.10588236,1.0,2628942.000000
2,829.34235,1051.2345,0.10588236,1.0,2628958.000000
2,830.89703,1035.0297,0.0882353,1.0,2628975.000000
2,833.44775,1021.8656,0.10588236,1.0,2628991.000000
2,834.0,1012.0312,0.10588236,1.0,2629009.000000
2,835.0,1004.2832,0.10588236,1.0,2629024.000000
2,835.0,997.6104,0.10588236,1.0,2629040.000000
2,835.0,990.7873,0.10588236,1.0,2629057.000000
2,836.1926,984.22955,0.10588236,1.0,2629073.000000
2,837.0,978.0295,0.0882353,1.0,2629092.000000
2,838.2903,971.83887,0.0882353,1.0,2629107.000000
2,839.0,965.6361,0.0882353,1.0,2629125.000000
2,840.38684,959.4525,0.10588236,1.0,2629158.000000
2,843.48914,947.04346,0.10588236,1.0,2629175.000000
2,845.0805,939.7584,0.10588236,1.0,2629191.000000
2,847.58575,931.0713,0.10588236,1.0,2629213.000000
2,850.1333,922.33356,0.12352942,1.0,2629227.000000
2,851.68243,914.5877,0.12352942,1.0,2629245.000000
2,854.2315,906.8424,0.10588236,1.0,2629261.000000
2,856.5496,898.3511,0.12352942,1.0,2629280.000000
2,859.6544,888.70953,0.12352942,1.0,2629300.000000
2,865.846,866.0389,0.12352942,1.0,2629319.000000
2,868.944,856.16815,0.12352942,1.0,2629337.000000
2,883.55035,821.89923,0.10588236,1.0,2629400.000000
2,886.4385,813.4039,0.10588236,1.0,2629419.000000
2,890.53815,804.6546,0.10588236,1.0,2629439.000000
2,893.63837,796.90405,0.10588236,1.0,2629453.000000
2,895.7267,790.5467,0.10588236,1.0,2629472.000000
2,897.9179,785.2463,0.10588236,1.0,2629491.000000
2,899.4664,780.6008,0.10588236,1.0,2629513.000000
2,901.0118,776.9646,0.10588236,1.0,2629531.000000
2,904.11444,769.7712,0.10588236,1.0,2629550.000000
2,909.76764,758.46466,0.10588236,1.0,2629607.000000
2,911.62036,754.06946,0.10588236,1.0,2629623.000000
2,914.71204,749.43195,0.10588236,1.0,2629639.000000
2,917.8022,744.79675,0.10588236,1.0,2629655.000000
2,920.89923,739.20154,0.10588236,1.0,2629678.000000
2,924.0267,734.46,0.10588236,1.0,2629706.000000
2,928.6106,725.1683,0.0882353,1.0,2629730.000000
2,931.0,718.6011,0.0882353,1.0,2629744.000000
2,931.0,715.47876,0.0882353,1.0,2629764.000000
2,931.0,713.1938,0.0882353,1.0,2629782.000000
2,931.0,711.64435,0.07058824,1.0,2629795.000000
2,931.0,710.0935,0.07058824,1.0,2629811.000000
2,931.0,707.1039,0.07058824,1.0,2629828.000000
2,928.9734,705.9734,0.07058824,1.0,2629844.000000
1,928.9734,705.9734,0.07058824,1.0,2629849.000000
0,878.0,1000.0,0.03529412,1.0,2825429.000000
2,881.73865,992.5227,0.10588236,1.0,2825451.000000
2,900.48804,953.7968,0.0882353,1.0,2825467.000000
2,923.29193,896.5939,0.10588236,1.0,2825487.000000
2,945.6104,813.7642,0.10588236,1.0,2825500.000000
2,974.0382,745.0197,0.10588236,1.0,2825518.000000
2,997.1098,685.67065,0.07058824,1.0,2825533.000000
1,997.1098,685.67065,0.07058824,1.0,2825548.000000
0,722.0,466.0,0.07058824,1.0,3116706.000000
2,722.0,466.0,0.10588236,1.0,3116729.000000
2,722.0,466.0,0.10588236,1.0,3116742.000000
2,722.0,466.0,0.10588236,1.0,3116782.000000
2,722.0,466.0,0.0882353,1.0,3116802.000000
2,722.0,466.0,0.07058824,1.0,3116810.000000
1,722.0,466.0,0.07058824,1.0,3116823.000000
0,873.0,1425.0,0.07058824,1.0,3233985.000000
2,873.0,1425.0,0.12352942,1.0,3234013.000000
2,873.0,1425.0,0.07058824,1.0,3234093.000000
1,873.0,1425.0,0.07058824,1.0,3234100.000000
0,714.0,861.0,0.05294118,1.0,3262559.000000
2,714.0,861.0,0.10588236,1.0,3262595.000000
2,714.0,861.0,0.10588236,1.0,3262607.000000
2,714.0,861.0,0.10588236,1.0,3262689.000000
2,714.0,861.0,0.10588236,1.0,3262704.000000
1,714.0,861.0,0.10588236,1.0,3262708.000000
0,893.0,523.0,0.07058824,1.0,3295920.000000
2,895.5293,537.1172,0.12352942,1.0,3295935.000000
2,905.6786,568.0357,0.10588236,1.0,3295951.000000
2,915.08167,598.9388,0.10588236,1.0,3295965.000000
2,924.5362,648.93896,0.10588236,1.0,3295982.000000
2,926.07806,707.43896,0.14117648,1.0,3296000.000000
2,918.96277,779.31024,0.10588236,1.0,3296016.000000
2,907.50586,852.08826,0.10588236,1.0,3296035.000000
2,896.58905,931.137,0.10588236,1.0,3296055.000000
2,892.3481,1002.07697,0.10588236,1.0,3296071.000000
2,892.0,1068.7456,0.10588236,1.0,3296082.000000
2,893.75336,1121.6135,0.10588236,1.0,3296098.000000
2,896.58295,1162.2871,0.10588236,1.0,3296115.000000
2,896.8475,1192.2548,0.10588236,1.0,3296132.000000
2,897.0,1210.2751,0.10588236,1.0,3296151.000000
2,897.0,1220.6792,0.0882353,1.0,3296166.000000
2,895.501,1226.9962,0.0882353,1.0,3296181.000000
2,893.9539,1229.0461,0.07058824,1.0,3296199.000000
1,893.9539,1229.0461,0.07058824,1.0,3296215.000000
0,879.0,706.0,0.05294118,1.0,3372568.000000
2,879.0,706.0,0.07058824,1.0,3372594.000000
2,877.36523,699.8262,0.10588236,1.0,3372608.000000
2,877.0,688.4874,0.10588236,1.0,3372627.000000
2,878.47266,664.7463,0.12352942,1.0,3372644.000000
2,882.13354,635.33234,0.12352942,1.0,3372673.000000
2,894.1684,578.7686,0.10588236,1.0,3372696.000000
2,898.8141,553.9915,0.0882353,1.0,3372710.000000
2,903.94525,534.1643,0.10588236,1.0,3372726.000000
2,910.1385,516.6191,0.0882353,1.0,3372745.000000
2,914.74506,500.76474,0.0882353,1.0,3372764.000000
2,920.575,487.84998,0.07058824,1.0,3372780.000000
1,920.575,487.84998,0.07058824,1.0,3372786.000000
0,725.0,953.0,0.07058824,1.0,3448738.000000
2,725.0,953.0,0.07058824,1.0,3448760.000000
1,725.0,953.0,0.07058824,1.0,3448845.000000
0,203.0,1337.0,0.05294118,1.0,3452425.000000
2,203.0,1337.0,0.0882353,1.0,3452451.000000
2,203.0,1337.0,0.12352942,1.0,3452517.000000
2,203.0,1337.0,0.12352942,1.0,3452539.000000
2,203.0,1337.0,0.0882353,1.0,3452580.000000
1,203.0,1337.0,0.0882353,1.0,3452587.000000
0,647.0,1381.0,0.07058824,1.0,3460634.000000
2,647.0,1381.0,0.10588236,1.0,3460666.000000
2,647.0,1381.0,0.0882353,1.0,3460736.000000
1,647.0,1381.0,0.0882353,1.0,3460748.000000
0,673.0,1654.0,0.03529412,1.0,46534688.000000
2,673.0,1654.0,0.07058824,1.0,46534704.000000
2,673.0,1654.0,0.10588236,1.0,46534748.000000
2,673.0,1654.0,0.10588236,1.0,46534760.000000
2,673.0,1654.0,0.07058824,1.0,46534792.000000
1,673.0,1654.0,0.07058824,1.0,46534812.000000
0,894.0,816.0,0.03529412,1.0,46720608.000000
2,894.0,816.0,0.0882353,1.0,46720636.000000
2,893.94037,799.7157,0.10588236,1.0,46720656.000000
2,898.4547,775.24146,0.10588236,1.0,46720664.000000
2,911.3248,744.1473,0.10588236,1.0,46720688.000000
2,922.49744,715.6735,0.10588236,1.0,46720708.000000
2,931.78735,690.9003,0.12352942,1.0,46720720.000000
2,937.7363,666.73865,0.12352942,1.0,46720740.000000
2,942.70447,647.65186,0.12352942,1.0,46720756.000000
2,948.14966,632.1259,0.10588236,1.0,46720776.000000
2,955.6838,616.6325,0.10588236,1.0,46720788.000000
2,961.56903,603.86194,0.10588236,1.0,46720808.000000
2,967.7797,591.44055,0.10588236,1.0,46720820.000000
2,976.95984,580.0563,0.10588236,1.0,46720836.000000
2,984.14526,571.3184,0.07058824,1.0,46720856.000000
2,991.50555,561.29224,0.07058824,1.0,46720872.000000
1,991.50555,561.29224,0.07058824,1.0,46720876.000000
0,151.0,600.0,0.03529412,1.0,46793264.000000
2,151.0,600.0,0.07058824,1.0,46793296.000000
2,151.0,600.0,0.07058824,1.0,46793304.000000
2,151.0,600.0,0.0882353,1.0,46793324.000000
2,151.0,600.0,0.07058824,1.0,46793336.000000
2,151.0,600.0,0.05294118,1.0,46793356.000000
1,151.0,600.0,0.05294118,1.0,46793364.000000
0,98.0,303.0,0.05294118,1.0,46797704.000000
2,98.0,303.0,0.05294118,1.0,46797728.000000
1,98.0,303.0,0.05294118,1.0,46797780.000000
0,317.0,876.0,0.05294118,1.0,46821656.000000
2,317.0,876.0,0.0882353,1.0,46821700.000000
2,317.0,876.0,0.0882353,1.0,46821760.000000
1,317.0,876.0,0.0882353,1.0,46821768.000000
0,124.0,862.0,0.07058824,1.0,47054556.000000
2,125.29479,850.23126,0.0882353,1.0,47054584.000000
2,128.68936,823.9511,0.0882353,1.0,47054600.000000
2,131.78748,784.7629,0.12352942,1.0,47054620.000000
2,131.05917,735.83435,0.10588236,1.0,47054636.000000
2,128.03027,689.45404,0.12352942,1.0,47054652.000000
2,121.78325,645.8295,0.10588236,1.0,47054676.000000
2,109.66226,609.76605,0.0882353,1.0,47054696.000000
2,93.54586,573.65546,0.10588236,1.0,47054724.000000
2,64.612366,510.22473,0.0882353,1.0,47054736.000000
1,64.612366,510.22473,0.0882353,1.0,47054744.000000
0,220.0,822.0,0.03529412,1.0,47064756.000000
2,220.0,822.0,0.0882353,1.0,47064792.000000
2,220.0,822.0,0.0882353,1.0,47064840.000000
2,213.15611,819.7187,0.07058824,1.0,47064872.000000
1,213.15611,819.7187,0.07058824,1.0,47064880.000000
0,152.0,875.0,0.03529412,1.0,47325536.000000
2,157.09518,889.25385,0.0882353,1.0,47325568.000000
2,169.23134,916.2065,0.10588236,1.0,47325584.000000
2,184.28697,953.96,0.0882353,1.0,47325600.000000
2,200.45337,991.61707,0.10588236,1.0,47325616.000000
2,213.64954,1026.4773,0.07058824,1.0,47325632.000000
2,222.13348,1053.5339,0.0882353,1.0,47325648.000000
2,241.66664,1147.222,0.0882353,1.0,47325696.000000
2,249.91714,1183.6023,0.07058824,1.0,47325716.000000
2,253.59915,1221.9916,0.07058824,1.0,47325728.000000
2,252.81514,1267.6805,0.05294118,1.0,47325740.000000
2,248.71494,1301.6334,0.07058824,1.0,47325760.000000
2,240.81427,1338.3477,0.03529412,1.0,47325776.000000
1,240.81427,1338.3477,0.03529412,1.0,47325776.000000
0,138.0,1128.0,0.03529412,1.0,47330696.000000
2,138.0,1134.2421,0.0882353,1.0,47330712.000000
2,140.59077,1153.3401,0.07058824,1.0,47330728.000000
2,143.68086,1177.4469,0.0882353,1.0,47330744.000000
2,148.79585,1213.346,0.10588236,1.0,47330760.000000
2,151.89574,1257.9882,0.07058824,1.0,47330776.000000
2,147.99855,1299.014,0.07058824,1.0,47330792.000000
2,142.758,1339.21,0.05294118,1.0,47330816.000000
2,133.1739,1387.1305,0.05294118,1.0,47330828.000000
1,133.1739,1387.1305,0.05294118,1.0,47330832.000000
0,510.0,1413.0,0.07058824,1.0,47348500.000000
2,508.76813,1416.4637,0.10588236,1.0,47348528.000000
2,504.99622,1423.3397,0.10588236,1.0,47348540.000000
2,498.8951,1430.1049,0.12352942,1.0,47348560.000000
2,486.7175,1438.3695,0.12352942,1.0,47348580.000000
2,462.84457,1446.2222,0.12352942,1.0,47348592.000000
2,422.81635,1446.5243,0.10588236,1.0,47348608.000000
2,234.35234,1427.808,0.07058824,1.0,47348688.000000
2,177.44496,1429.2091,0.07058824,1.0,47348708.000000
2,158.07436,1431.6296,0.07058824,1.0,47348728.000000
2,145.50848,1432.0,0.07058824,1.0,47348740.000000
1,145.50848,1432.0,0.07058824,1.0,47348752.000000
0,805.0,539.0,0.03529412,1.0,47376584.000000
2,805.0,539.0,0.07058824,1.0,47376624.000000
2,805.0,539.0,0.07058824,1.0,47376636.000000
2,805.0,539.0,0.07058824,1.0,47376652.000000
2,805.0,539.0,0.07058824,1.0,47376672.000000
1,805.0,539.0,0.07058824,1.0,47376680.000000
0,111.0,572.0,0.05294118,1.0,47382384.000000
2,111.587944,573.3229,0.0882353,1.0,47382400.000000
2,119.13957,590.659,0.10588236,1.0,47382412.000000
2,128.16406,621.1219,0.14117648,1.0,47382432.000000
2,135.93935,656.121,0.12352942,1.0,47382448.000000
2,143.0202,695.0909,0.14117648,1.0,47382464.000000
2,159.18994,778.8257,0.12352942,1.0,47382484.000000
2,164.95906,815.6724,0.12352942,1.0,47382504.000000
2,169.08366,847.7529,0.12352942,1.0,47382520.000000
2,172.18906,872.41797,0.12352942,1.0,47382536.000000
2,175.14474,913.8816,0.12352942,1.0,47382588.000000
2,178.5,952.5,0.12352942,1.0,47382600.000000
2,179.84749,965.47485,0.14117648,1.0,47382632.000000
2,181.0,977.39624,0.12352942,1.0,47382648.000000
2,181.0,984.7967,0.12352942,1.0,47382664.000000
2,181.0,989.5058,0.12352942,1.0,47382680.000000
2,181.0,993.0518,0.12352942,1.0,47382696.000000
2,181.0,994.6017,0.12352942,1.0,47382712.000000
2,181.0,995.0,0.12352942,1.0,47382720.000000
2,181.0,995.0,0.12352942,1.0,47382732.000000
2,181.0,993.5336,0.10588236,1.0,47382820.000000
2,181.0,990.9647,0.10588236,1.0,47382832.000000
1,181.0,990.9647,0.10588236,1.0,47382840.000000
0,614.0,1418.0,0.07058824,1.0,47457572.000000
2,614.0,1418.0,0.12352942,1.0,47457612.000000
2,614.0,1418.0,0.10588236,1.0,47457632.000000
2,614.0,1418.0,0.10588236,1.0,47457648.000000
2,614.0,1418.0,0.0882353,1.0,47457664.000000
1,614.0,1418.0,0.0882353,1.0,47457672.000000
0,156.0,924.0,0.05294118,1.0,47551652.000000
2,156.0,924.0,0.10588236,1.0,47551664.000000
2,156.0,924.0,0.10588236,1.0,47551732.000000
2,156.0,924.0,0.07058824,1.0,47551740.000000
1,156.0,924.0,0.07058824,1.0,47551752.000000
0,827.0,1363.0,0.07058824,1.0,47606376.000000
2,827.0,1363.0,0.07058824,1.0,47606448.000000
1,827.0,1363.0,0.07058824,1.0,47606460.000000
0,867.0,924.0,0.03529412,1.0,47623168.000000
2,867.0,924.0,0.10588236,1.0,47623192.000000
2,864.0155,924.0,0.10588236,1.0,47623208.000000
2,861.45404,924.0,0.10588236,1.0,47623224.000000
2,859.90265,924.0,0.10588236,1.0,47623236.000000
2,859.0,924.0,0.10588236,1.0,47623248.000000
2,859.0,924.0,0.10588236,1.0,47623264.000000
2,859.0,922.25024,0.10588236,1.0,47623288.000000
2,859.0,920.69666,0.07058824,1.0,47623296.000000
1,859.0,920.69666,0.07058824,1.0,47623304.000000
0,544.0,1799.0,0.03529412,1.0,47658156.000000
2,544.0,1799.0,0.07058824,1.0,47658192.000000
1,544.0,1799.0,0.07058824,1.0,47658320.000000
0,238.0,1259.0,0.03529412,1.0,47723544.000000
2,238.0,1259.0,0.0882353,1.0,47723560.000000
1,238.0,1259.0,0.0882353,1.0,47723584.000000
0,910.0,822.0,0.07058824,1.0,47745008.000000
2,910.0,822.0,0.0882353,1.0,47745032.000000
2,910.0,822.0,0.0882353,1.0,47745044.000000
1,910.0,822.0,0.0882353,1.0,47745060.000000
0,912.0,826.0,0.0882353,1.0,47745196.000000
2,912.0,826.0,0.0882353,1.0,47745224.000000
1,912.0,826.0,0.0882353,1.0,47745256.000000
0,129.0,872.0,0.03529412,1.0,47747620.000000
2,136.0,791.8712,0.10588236,1.0,47747672.000000
2,128.33725,740.2095,0.12352942,1.0,47747688.000000
2,114.290764,697.2269,0.10588236,1.0,47747704.000000
2,94.11922,656.6129,0.10588236,1.0,47747740.000000
1,78.161224,619.587,0.07058824,1.0,47747788.000000
0,616.0,1800.0,0.05294118,1.0,36025904.000000
2,616.0,1800.0,0.07058824,1.0,36025924.000000
2,616.0,1800.0,0.0882353,1.0,36025940.000000
1,616.0,1800.0,0.0882353,1.0,36025968.000000
0,863.0,816.0,0.07058824,1.0,36226592.000000
2,863.0,816.0,0.0882353,1.0,36226612.000000
2,863.0,814.1968,0.0882353,1.0,36226632.000000
2,864.1515,804.93945,0.12352942,1.0,36226644.000000
2,866.6985,776.7282,0.12352942,1.0,36226660.000000
2,867.0,732.8579,0.12352942,1.0,36226680.000000
2,867.0,686.36237,0.12352942,1.0,36226704.000000
2,868.33765,641.2218,0.12352942,1.0,36226712.000000
2,871.65955,597.4047,0.10588236,1.0,36226736.000000
2,879.5243,556.5461,0.12352942,1.0,36226752.000000
2,891.8464,519.4417,0.10588236,1.0,36226760.000000
2,902.27594,489.62622,0.0882353,1.0,36226780.000000
2,906.10046,461.19177,0.03529412,1.0,36226796.000000
1,906.10046,461.19177,0.03529412,1.0,36226816.000000
0,1011.0,788.0,0.05294118,1.0,36466836.000000
2,1010.1657,786.7486,0.05294118,1.0,36466848.000000
2,1007.05585,780.1396,0.0882353,1.0,36466880.000000
2,998.85046,748.9531,0.10588236,1.0,36466896.000000
2,997.0,719.1692,0.10588236,1.0,36466920.000000
2,995.82574,682.64307,0.0882353,1.0,36466932.000000
2,995.27997,636.8385,0.10588236,1.0,36466952.000000
2,992.4503,586.9305,0.10588236,1.0,36466964.000000
2,993.0,543.56177,0.10588236,1.0,36466980.000000
2,993.0,503.6834,0.10588236,1.0,36467000.000000
2,993.0,463.1464,0.07058824,1.0,36467020.000000
2,993.0,430.08588,0.10588236,1.0,36467032.000000
2,989.9767,405.60345,0.10588236,1.0,36467064.000000
2,989.0,380.40915,0.10588236,1.0,36467080.000000
2,989.0,358.31793,0.0882353,1.0,36467092.000000
2,988.32996,335.27966,0.10588236,1.0,36467108.000000
2,987.7767,312.31973,0.10588236,1.0,36467124.000000
2,987.0,277.35516,0.10588236,1.0,36467148.000000
2,986.0,262.32242,0.10588236,1.0,36467168.000000
2,986.0,246.80707,0.10588236,1.0,36467184.000000
2,988.933,234.26805,0.10588236,1.0,36467204.000000
2,990.0,224.36812,0.07058824,1.0,36467216.000000
2,990.0,216.56877,0.07058824,1.0,36467232.000000
1,990.0,216.56877,0.07058824,1.0,36467240.000000
0,718.0,816.0,0.07058824,1.0,36479932.000000
2,718.0,816.0,0.0882353,1.0,36479960.000000
2,718.0,816.0,0.10588236,1.0,36479976.000000
2,718.0,816.0,0.12352942,1.0,36479992.000000
2,718.0,816.0,0.14117648,1.0,36480012.000000
2,718.0,816.0,0.12352942,1.0,36480032.000000
2,718.0,816.0,0.0882353,1.0,36480052.000000
1,718.0,816.0,0.0882353,1.0,36480064.000000
0,870.0,959.0,0.03529412,1.0,36718760.000000
2,870.35913,957.92267,0.07058824,1.0,36718784.000000
2,874.4557,938.35876,0.12352942,1.0,36718808.000000
2,879.0694,912.9401,0.12352942,1.0,36718816.000000
2,885.69415,873.06445,0.0882353,1.0,36718836.000000
2,890.90515,829.7114,0.10588236,1.0,36718856.000000
2,898.1301,787.32336,0.10588236,1.0,36718872.000000
2,904.4804,749.07825,0.0882353,1.0,36718888.000000
2,909.28845,717.2596,0.0882353,1.0,36718904.000000
1,909.28845,717.2596,0.0882353,1.0,36718916.000000
0,977.0,675.0,0.05294118,1.0,36729684.000000
2,969.93616,691.42975,0.10588236,1.0,36729732.000000
2,963.111,721.44476,0.10588236,1.0,36729744.000000
2,959.47394,755.6781,0.0882353,1.0,36729756.000000
2,957.9254,794.8641,0.10588236,1.0,36729776.000000
2,956.37164,838.22235,0.10588236,1.0,36729796.000000
2,953.6332,872.66797,0.12352942,1.0,36729808.000000
2,951.5362,905.63806,0.12352942,1.0,36729824.000000
2,949.72546,931.39215,0.12352942,1.0,36729840.000000
2,949.0,964.1558,0.10588236,1.0,36729856.000000
2,947.62946,995.4112,0.12352942,1.0,36729872.000000
2,946.0703,1027.5933,0.10588236,1.0,36729888.000000
2,945.518,1052.2655,0.12352942,1.0,36729920.000000
2,944.0,1083.2386,0.10588236,1.0,36729952.000000
2,944.0,1098.2948,0.12352942,1.0,36729980.000000
2,944.0,1123.4126,0.12352942,1.0,36730000.000000
2,944.0,1131.918,0.12352942,1.0,36730016.000000
2,944.0,1138.3202,0.10588236,1.0,36730032.000000
2,944.0,1143.6501,0.10588236,1.0,36730048.000000
2,944.0,1146.4348,0.10588236,1.0,36730064.000000
2,944.0,1147.989,0.10588236,1.0,36730080.000000
2,944.0,1149.5431,0.10588236,1.0,36730096.000000
2,944.0,1152.1885,0.10588236,1.0,36730116.000000
2,943.0,1157.1969,0.10588236,1.0,36730152.000000
2,943.0,1158.742,0.10588236,1.0,36730160.000000
2,943.0,1159.5,0.10588236,1.0,36730180.000000
2,943.0,1160.3745,0.10588236,1.0,36730188.000000
2,941.99304,1160.0,0.10588236,1.0,36730256.000000
2,942.0,1161.1487,0.10588236,1.0,36730364.000000
2,942.0,1161.0,0.10588236,1.0,36730388.000000
2,942.0,1161.0,0.10588236,1.0,36730416.000000
2,942.0,1161.0,0.10588236,1.0,36730488.000000
2,942.0,1161.0,0.10588236,1.0,36730512.000000
2,940.7513,1161.0,0.10588236,1.0,36730548.000000
2,941.0,1162.1492,0.10588236,1.0,36730600.000000
2,940.0,1162.0,0.12352942,1.0,36730688.000000
2,940.0,1162.0,0.10588236,1.0,36730708.000000
2,940.0,1162.0,0.12352942,1.0,36730768.000000
2,940.0,1162.0,0.10588236,1.0,36730788.000000
2,940.0,1162.0,0.12352942,1.0,36730816.000000
2,940.0,1162.0,0.10588236,1.0,36730848.000000
2,940.0,1162.0,0.10588236,1.0,36730868.000000
2,940.0,1162.0,0.12352942,1.0,36730888.000000
2,940.0,1162.0,0.10588236,1.0,36730924.000000
2,940.0,1162.0,0.10588236,1.0,36730960.000000
2,940.0,1162.0,0.12352942,1.0,36730968.000000
2,940.0,1162.0,0.10588236,1.0,36730988.000000
2,940.0,1162.0,0.12352942,1.0,36730996.000000
2,940.0,1162.0,0.12352942,1.0,36731016.000000
2,940.0,1162.0,0.10588236,1.0,36731036.000000
2,940.0,1162.0,0.12352942,1.0,36731048.000000
2,939.0,1163.0,0.10588236,1.0,36731180.000000
2,939.0,1163.0,0.12352942,1.0,36731196.000000
2,939.0,1163.0,0.12352942,1.0,36731216.000000
2,939.0,1163.0,0.12352942,1.0,36731228.000000
2,939.0,1163.0,0.12352942,1.0,36731248.000000
2,939.0,1163.0,0.12352942,1.0,36731268.000000
2,939.0,1163.0,0.12352942,1.0,36731372.000000
2,939.0,1163.0,0.12352942,1.0,36731416.000000
2,939.0,1163.0,0.12352942,1.0,36731428.000000
2,939.0,1163.0,0.12352942,1.0,36731640.000000
2,939.0,1163.0,0.12352942,1.0,36731668.000000
2,939.0,1163.0,0.12352942,1.0,36731688.000000
2,939.0,1163.0,0.12352942,1.0,36731696.000000
2,939.0,1163.0,0.12352942,1.0,36731728.000000
2,939.0,1163.0,0.12352942,1.0,36731748.000000
2,939.0,1163.0,0.12352942,1.0,36731768.000000
2,939.0,1163.0,0.12352942,1.0,36731792.000000
2,939.0,1163.0,0.12352942,1.0,36731808.000000
2,939.0,1163.0,0.12352942,1.0,36731816.000000
2,939.0,1163.0,0.12352942,1.0,36731848.000000
2,939.0,1163.0,0.12352942,1.0,36731868.000000
2,939.0,1163.0,0.12352942,1.0,36731936.000000
2,939.0,1163.0,0.12352942,1.0,36731976.000000
2,939.0,1163.0,0.12352942,1.0,36731996.000000
2,939.0,1163.0,0.12352942,1.0,36732016.000000
2,939.0,1163.0,0.12352942,1.0,36732028.000000
2,939.0,1163.0,0.12352942,1.0,36732048.000000
2,939.0,1163.0,0.10588236,1.0,36732072.000000
2,939.0,1163.0,0.12352942,1.0,36732080.000000
2,939.0,1163.0,0.10588236,1.0,36732100.000000
2,939.0,1163.0,0.10588236,1.0,36732188.000000
2,939.0,1163.0,0.12352942,1.0,36732196.000000
2,939.0,1163.0,0.12352942,1.0,36732216.000000
2,939.0,1163.0,0.10588236,1.0,36732228.000000
2,939.0,1163.0,0.10588236,1.0,36732268.000000
2,939.0,1163.0,0.12352942,1.0,36732280.000000
2,939.0,1163.0,0.12352942,1.0,36732372.000000
2,939.0,1163.0,0.12352942,1.0,36732404.000000
2,939.0,1163.0,0.12352942,1.0,36732432.000000
2,939.0,1163.0,0.12352942,1.0,36732448.000000
2,939.0,1163.0,0.10588236,1.0,36732476.000000
2,939.0,1163.0,0.12352942,1.0,36732512.000000
2,939.0,1163.0,0.12352942,1.0,36732548.000000
2,939.0,1163.0,0.12352942,1.0,36732568.000000
2,939.0,1163.0,0.12352942,1.0,36732576.000000
2,939.0,1163.0,0.12352942,1.0,36732612.000000
2,939.0,1163.0,0.12352942,1.0,36732628.000000
2,939.0,1163.0,0.12352942,1.0,36732648.000000
2,939.0,1163.0,0.12352942,1.0,36732668.000000
2,939.0,1163.0,0.12352942,1.0,36732680.000000
2,939.0,1163.0,0.12352942,1.0,36732696.000000
2,939.0,1163.0,0.12352942,1.0,36732712.000000
2,939.0,1163.0,0.12352942,1.0,36732776.000000
2,939.0,1163.0,0.12352942,1.0,36732792.000000
2,939.0,1163.0,0.12352942,1.0,36732816.000000
2,939.0,1163.0,0.12352942,1.0,36732828.000000
2,939.0,1163.0,0.10588236,1.0,36732848.000000
2,939.0,1163.0,0.12352942,1.0,36732868.000000
2,939.0,1163.0,0.12352942,1.0,36732896.000000
2,939.0,1163.0,0.12352942,1.0,36732912.000000
2,939.0,1163.0,0.10588236,1.0,36733032.000000
2,939.0,1163.0,0.12352942,1.0,36733048.000000
2,939.0,1163.0,0.12352942,1.0,36733056.000000
2,939.0,1163.0,0.10588236,1.0,36733256.000000
2,939.0,1163.0,0.12352942,1.0,36733280.000000
2,939.0,1163.0,0.12352942,1.0,36733372.000000
2,939.0,1163.0,0.10588236,1.0,36733396.000000
2,939.0,1163.0,0.12352942,1.0,36733408.000000
2,939.0,1163.0,0.12352942,1.0,36733428.000000
2,939.0,1163.0,0.10588236,1.0,36733536.000000
2,939.0,1163.0,0.12352942,1.0,36733556.000000
2,939.0,1163.0,0.10588236,1.0,36733608.000000
2,939.0,1163.0,0.12352942,1.0,36733632.000000
2,939.0,1163.0,0.10588236,1.0,36733648.000000
2,939.0,1163.0,0.10588236,1.0,36733840.000000
2,939.0,1163.0,0.10588236,1.0,36733856.000000
2,939.0,1163.0,0.10588236,1.0,36733872.000000
2,939.0,1163.0,0.12352942,1.0,36733888.000000
2,939.0,1163.0,0.10588236,1.0,36733908.000000
2,939.0,1163.0,0.10588236,1.0,36733932.000000
2,939.0,1163.0,0.10588236,1.0,36733936.000000
2,939.0,1163.0,0.10588236,1.0,36733976.000000
2,939.0,1163.0,0.10588236,1.0,36733992.000000
2,939.0,1163.0,0.12352942,1.0,36734028.000000
2,939.0,1163.0,0.10588236,1.0,36734040.000000
2,939.0,1163.0,0.10588236,1.0,36734060.000000
2,939.0,1163.0,0.10588236,1.0,36734080.000000
2,939.0,1163.0,0.10588236,1.0,36734088.000000
2,939.0,1163.0,0.10588236,1.0,36734136.000000
2,939.0,1163.0,0.10588236,1.0,36734172.000000
2,939.0,1163.0,0.10588236,1.0,36734188.000000
2,939.0,1163.0,0.10588236,1.0,36734208.000000
2,939.0,1163.0,0.10588236,1.0,36734240.000000
2,939.0,1163.0,0.12352942,1.0,36734260.000000
2,939.0,1163.0,0.10588236,1.0,36734272.000000
2,939.0,1163.0,0.10588236,1.0,36734292.000000
2,939.0,1163.0,0.10588236,1.0,36734360.000000
2,939.0,1163.0,0.10588236,1.0,36734372.000000
2,939.0,1163.0,0.10588236,1.0,36734388.000000
2,939.0,1163.0,0.10588236,1.0,36734432.000000
2,939.0,1163.0,0.10588236,1.0,36734440.000000
2,939.0,1163.0,0.10588236,1.0,36734456.000000
2,939.0,1163.0,0.10588236,1.0,36734472.000000
2,939.0,1163.0,0.10588236,1.0,36734492.000000
2,939.0,1163.0,0.10588236,1.0,36734512.000000
2,939.0,1163.0,0.10588236,1.0,36734532.000000
2,939.0,1163.0,0.10588236,1.0,36734536.000000
2,939.0,1163.0,0.10588236,1.0,36734568.000000
2,939.0,1163.0,0.12352942,1.0,36734592.000000
2,939.0,1163.0,0.10588236,1.0,36734608.000000
2,939.0,1163.0,0.12352942,1.0,36734624.000000
2,939.0,1163.0,0.10588236,1.0,36734640.000000
2,939.0,1163.0,0.10588236,1.0,36734652.000000
2,939.0,1163.0,0.10588236,1.0,36734672.000000
2,939.0,1163.0,0.10588236,1.0,36734688.000000
2,939.0,1163.0,0.10588236,1.0,36734824.000000
2,939.0,1163.0,0.10588236,1.0,36734952.000000
2,939.0,1163.0,0.12352942,1.0,36734992.000000
2,939.0,1163.0,0.10588236,1.0,36735012.000000
2,939.0,1163.0,0.10588236,1.0,36735024.000000
2,939.0,1163.0,0.10588236,1.0,36735040.000000
2,939.0,1163.0,0.10588236,1.0,36735124.000000
2,939.0,1163.0,0.10588236,1.0,36735160.000000
2,939.0,1163.0,0.10588236,1.0,36735172.000000
2,939.0,1163.0,0.10588236,1.0,36735192.000000
2,939.0,1163.0,0.10588236,1.0,36735212.000000
2,939.0,1163.0,0.10588236,1.0,36735220.000000
2,939.0,1163.0,0.10588236,1.0,36735272.000000
2,939.0,1163.0,0.10588236,1.0,36735376.000000
2,939.0,1163.0,0.10588236,1.0,36735392.000000
2,939.0,1163.0,0.10588236,1.0,36735408.000000
2,939.0,1163.0,0.10588236,1.0,36735432.000000
2,939.0,1163.0,0.10588236,1.0,36735448.000000
2,939.0,1163.0,0.10588236,1.0,36735472.000000
2,939.0,1163.0,0.10588236,1.0,36735496.000000
2,939.0,1163.0,0.10588236,1.0,36735528.000000
2,939.0,1163.0,0.10588236,1.0,36735540.000000
2,939.0,1163.0,0.10588236,1.0,36735584.000000
2,939.0,1163.0,0.10588236,1.0,36735620.000000
2,939.0,1163.0,0.12352942,1.0,36735692.000000
2,939.0,1163.0,0.10588236,1.0,36735700.000000
2,939.0,1163.0,0.10588236,1.0,36735720.000000
2,939.0,1163.0,0.10588236,1.0,36735732.000000
2,939.0,1163.0,0.10588236,1.0,36735752.000000
2,939.0,1163.0,0.10588236,1.0,36735788.000000
2,939.0,1163.0,0.12352942,1.0,36735800.000000
2,939.0,1163.0,0.10588236,1.0,36735832.000000
2,939.0,1163.0,0.10588236,1.0,36735840.000000
2,939.0,1163.0,0.10588236,1.0,36735872.000000
2,939.0,1163.0,0.10588236,1.0,36735972.000000
2,939.0,1161.2075,0.10588236,1.0,36736044.000000
2,939.0,1159.6614,0.10588236,1.0,36736064.000000
2,939.0,1159.0,0.10588236,1.0,36736084.000000
2,939.0,1157.4844,0.10588236,1.0,36736136.000000
2,939.0,1155.8944,0.12352942,1.0,36736144.000000
2,939.0,1154.3461,0.12352942,1.0,36736164.000000
2,939.0,1152.7915,0.12352942,1.0,36736184.000000
2,939.0,1151.2438,0.12352942,1.0,36736200.000000
2,939.0,1149.7084,0.12352942,1.0,36736220.000000
2,939.0,1148.15,0.12352942,1.0,36736240.000000
2,939.0,1146.5933,0.12352942,1.0,36736256.000000
2,941.0,1141.0739,0.12352942,1.0,36736272.000000
2,941.0,1137.8794,0.12352942,1.0,36736300.000000
2,941.0,1136.387,0.12352942,1.0,36736312.000000
2,941.0,1134.8375,0.12352942,1.0,36736324.000000
2,941.712,1130.8641,0.12352942,1.0,36736344.000000
2,943.26544,1124.9381,0.12352942,1.0,36736356.000000
2,943.81586,1119.5525,0.12352942,1.0,36736372.000000
2,945.0,1114.896,0.10588236,1.0,36736392.000000
2,945.0,1110.2457,0.10588236,1.0,36736408.000000
2,945.0,1107.0671,0.10588236,1.0,36736432.000000
2,945.0,1104.9824,0.10588236,1.0,36736452.000000
2,945.0,1103.4342,0.10588236,1.0,36736464.000000
2,945.0,1101.877,0.10588236,1.0,36736480.000000
2,945.0,1100.3271,0.10588236,1.0,36736504.000000
2,945.0,1092.6652,0.12352942,1.0,36736520.000000
2,945.0,1088.0157,0.12352942,1.0,36736536.000000
2,945.0,1085.2383,0.12352942,1.0,36736552.000000
2,945.0,1083.5665,0.12352942,1.0,36736572.000000
2,945.0,1082.0194,0.12352942,1.0,36736588.000000
2,945.0,1080.5,0.12352942,1.0,36736608.000000
2,945.0,1078.9199,0.12352942,1.0,36736632.000000
2,945.0,1077.3716,0.12352942,1.0,36736644.000000
2,945.0,1075.4669,0.12352942,1.0,36736668.000000
2,945.0,1067.1602,0.12352942,1.0,36736720.000000
2,945.0,1064.0621,0.12352942,1.0,36736736.000000
2,945.0,1062.5095,0.12352942,1.0,36736752.000000
2,945.0,1060.9597,0.12352942,1.0,36736772.000000
2,945.0,1057.8196,0.12352942,1.0,36736788.000000
2,945.0,1054.7141,0.12352942,1.0,36736808.000000
2,945.0,1053.3073,0.12352942,1.0,36736828.000000
2,945.0,1051.7588,0.12352942,1.0,36736844.000000
2,945.0,1050.2018,0.12352942,1.0,36736852.000000
2,945.0,1048.65,0.12352942,1.0,36736876.000000
2,945.0,1047.102,0.12352942,1.0,36736892.000000
2,945.0,1045.5493,0.12352942,1.0,36736912.000000
2,945.0,1044.0352,0.12352942,1.0,36736924.000000
2,945.0,1043.5,0.12352942,1.0,36736936.000000
2,945.0,1042.9661,0.12352942,1.0,36736988.000000
2,945.0,1041.2538,0.12352942,1.0,36737008.000000
2,945.0,1039.7012,0.10588236,1.0,36737028.000000
2,945.0,1038.1533,0.10588236,1.0,36737044.000000
2,945.0,1036.6007,0.10588236,1.0,36737064.000000
2,945.0,1034.085,0.10588236,1.0,36737084.000000
2,945.0,1023.75867,0.12352942,1.0,36737104.000000
2,945.0,1016.9404,0.12352942,1.0,36737120.000000
2,945.0,1009.2183,0.12352942,1.0,36737136.000000
2,945.0,1003.8533,0.12352942,1.0,36737156.000000
2,945.0,1000.47766,0.12352942,1.0,36737176.000000
2,945.0,998.1898,0.12352942,1.0,36737200.000000
2,945.0,996.6358,0.12352942,1.0,36737216.000000
2,945.0,995.08527,0.12352942,1.0,36737232.000000
2,945.0,990.5923,0.12352942,1.0,36737248.000000
2,945.0,986.9593,0.12352942,1.0,36737264.000000
2,945.0,984.43256,0.12352942,1.0,36737280.000000
2,945.0,982.87946,0.12352942,1.0,36737304.000000
2,945.0,979.77734,0.12352942,1.0,36737328.000000
2,945.0,977.4491,0.12352942,1.0,36737340.000000
2,945.0,974.6795,0.12352942,1.0,36737352.000000
2,945.0,973.1252,0.12352942,1.0,36737372.000000
2,945.0,971.5762,0.12352942,1.0,36737384.000000
2,945.0,970.02234,0.12352942,1.0,36737408.000000
2,945.0,968.5,0.12352942,1.0,36737424.000000
2,945.0,966.9255,0.12352942,1.0,36737440.000000
2,945.0,965.37274,0.12352942,1.0,36737456.000000
2,945.0,964.5,0.12352942,1.0,36737476.000000
2,945.0,963.9553,0.12352942,1.0,36737612.000000
2,945.0,959.0051,0.10588236,1.0,36737736.000000
2,945.0,957.4525,0.10588236,1.0,36737752.000000
2,946.1062,955.8938,0.10588236,1.0,36737768.000000
2,946.0,954.34894,0.10588236,1.0,36737788.000000
2,946.0,952.79376,0.10588236,1.0,36737804.000000
2,948.49396,946.2651,0.12352942,1.0,36737832.000000
2,951.9023,932.6915,0.12352942,1.0,36737856.000000
2,961.04736,889.8106,0.0882353,1.0,36737876.000000
2,981.1326,812.5358,0.0882353,1.0,36737904.000000
2,994.5962,770.21136,0.07058824,1.0,36737920.000000
1,994.5962,770.21136,0.07058824,1.0,36737920.000000
0,858.0,955.0,0.05294118,1.0,36863552.000000
2,858.0,955.0,0.0882353,1.0,36863576.000000
2,858.0,955.0,0.0882353,1.0,36863596.000000
1,858.0,955.0,0.0882353,1.0,36863648.000000
0,857.0,960.0,0.07058824,1.0,36863728.000000
2,857.0,960.0,0.0882353,1.0,36863760.000000
2,857.0,960.0,0.0882353,1.0,36863784.000000
1,857.0,960.0,0.0882353,1.0,36863828.000000
0,544.0,1786.0,0.07058824,1.0,36890704.000000
2,544.0,1786.0,0.0882353,1.0,36890728.000000
2,544.0,1786.0,0.0882353,1.0,36890740.000000
2,544.0,1786.0,0.10588236,1.0,36890756.000000
2,544.0,1786.0,0.0882353,1.0,36890764.000000
2,544.0,1786.0,0.07058824,1.0,36890784.000000
1,544.0,1786.0,0.07058824,1.0,36890800.000000
0,472.0,1015.0,0.03529412,1.0,36981080.000000
2,472.0,1015.0,0.12352942,1.0,36981104.000000
2,472.0,1015.0,0.12352942,1.0,36981120.000000
2,474.00412,1011.99384,0.12352942,1.0,36981140.000000
2,479.2256,1004.1052,0.10588236,1.0,36981160.000000
2,486.67142,990.79144,0.0882353,1.0,36981168.000000
1,486.67142,990.79144,0.0882353,1.0,36981180.000000
0,866.0,437.0,0.05294118,1.0,37035232.000000
2,866.0,437.0,0.0882353,1.0,37035256.000000
2,866.0,437.0,0.10588236,1.0,37035272.000000
2,866.0,437.0,0.07058824,1.0,37035340.000000
2,871.52576,429.299,0.07058824,1.0,37035368.000000
1,871.52576,429.299,0.07058824,1.0,37035376.000000
0,597.0,391.0,0.05294118,1.0,64981580.000000
2,597.0,391.0,0.10588236,1.0,64981600.000000
2,597.0,391.0,0.12352942,1.0,64981616.000000
2,597.0,391.0,0.14117648,1.0,64981640.000000
2,597.0,391.0,0.14117648,1.0,64981660.000000
2,597.0,391.0,0.10588236,1.0,64981680.000000
1,597.0,391.0,0.10588236,1.0,64981688.000000
0,1013.0,1531.0,0.07058824,1.0,65000996.000000
2,1013.0,1531.0,0.05294118,1.0,65001016.000000
2,1013.0,1538.5486,0.03529412,1.0,65001048.000000
2,1013.0,1543.2065,0.03529412,1.0,65001064.000000
1,1013.0,1543.2065,0.03529412,1.0,65001080.000000
0,673.0,1630.0,0.05294118,1.0,65017424.000000
2,673.0,1630.0,0.07058824,1.0,65017452.000000
2,673.0,1630.0,0.0882353,1.0,65017472.000000
2,673.0,1630.0,0.10588236,1.0,65017520.000000
2,673.0,1630.0,0.07058824,1.0,65017532.000000
1,673.0,1630.0,0.07058824,1.0,65017540.000000
0,903.0,296.0,0.03529412,1.0,65203920.000000
2,903.0,296.0,0.10588236,1.0,65203952.000000
2,903.0,296.0,0.10588236,1.0,65203988.000000
2,903.0,296.0,0.10588236,1.0,65204016.000000
2,903.0,296.0,0.12352942,1.0,65204032.000000
2,903.0,296.0,0.12352942,1.0,65204116.000000
2,903.0,296.0,0.12352942,1.0,65204228.000000
2,903.0,296.0,0.12352942,1.0,65204252.000000
2,903.0,296.0,0.12352942,1.0,65204708.000000
2,903.0,296.0,0.12352942,1.0,65204796.000000
2,903.0,296.0,0.10588236,1.0,65204824.000000
1,903.0,296.0,0.10588236,1.0,65204840.000000
0,997.0,536.0,0.0882353,1.0,65206372.000000
2,997.0,536.0,0.07058824,1.0,65206396.000000
1,997.0,536.0,0.07058824,1.0,65206492.000000
0,801.0,921.0,0.07058824,1.0,65434344.000000
2,798.74097,912.9639,0.0882353,1.0,65434368.000000
2,799.0,905.0364,0.0882353,1.0,65434372.000000
2,799.0,897.1458,0.0882353,1.0,65434392.000000
2,799.0,889.46497,0.0882353,1.0,65434404.000000
2,799.0,880.2444,0.10588236,1.0,65434428.000000
2,800.0,868.90466,0.10588236,1.0,65434444.000000
2,800.5633,855.9301,0.10588236,1.0,65434464.000000
2,801.0,843.1118,0.0882353,1.0,65434476.000000
2,802.0,832.9858,0.0882353,1.0,65434492.000000
2,802.0,823.6675,0.10588236,1.0,65434512.000000
2,803.0,815.1624,0.12352942,1.0,65434540.000000
2,803.0,807.4019,0.12352942,1.0,65434552.000000
2,803.76166,800.1918,0.12352942,1.0,65434572.000000
2,804.0,792.3275,0.12352942,1.0,65434596.000000
2,804.0,776.98865,0.12352942,1.0,65434640.000000
2,805.29126,773.1262,0.10588236,1.0,65434660.000000
2,807.18286,767.4514,0.10588236,1.0,65434672.000000
2,808.73346,762.7996,0.10588236,1.0,65434688.000000
2,810.28705,757.85187,0.10588236,1.0,65434704.000000
2,811.84094,751.6361,0.12352942,1.0,65434720.000000
2,813.3897,745.44104,0.12352942,1.0,65434736.000000
2,814.93787,739.24866,0.12352942,1.0,65434756.000000
2,816.49194,731.5404,0.12352942,1.0,65434772.000000
2,818.0459,723.7704,0.10588236,1.0,65434804.000000
2,822.6969,704.21246,0.10588236,1.0,65434832.000000
2,824.24335,698.27,0.0882353,1.0,65434848.000000
2,825.79535,693.614,0.0882353,1.0,65434864.000000
2,827.34424,687.6231,0.10588236,1.0,65434880.000000
2,828.8954,683.31384,0.10588236,1.0,65434896.000000
2,830.45197,678.6441,0.10588236,1.0,65434912.000000
2,832.00903,673.97296,0.10588236,1.0,65434932.000000
2,833.5589,669.3233,0.10588236,1.0,65434952.000000
2,835.10425,663.68726,0.10588236,1.0,65434968.000000
2,836.6653,658.339,0.10588236,1.0,65434980.000000
2,838.2205,652.118,0.10588236,1.0,65434992.000000
2,839.66547,647.0036,0.10588236,1.0,65435012.000000
2,841.3718,641.8845,0.10588236,1.0,65435028.000000
2,842.0,637.40015,0.10588236,1.0,65435048.000000
2,843.4152,632.7544,0.10588236,1.0,65435060.000000
2,843.9664,628.10095,0.10588236,1.0,65435076.000000
2,844.51904,624.962,0.0882353,1.0,65435092.000000
2,845.0,621.85657,0.10588236,1.0,65435112.000000
2,846.0,618.75116,0.10588236,1.0,65435128.000000
2,847.17426,615.4772,0.10588236,1.0,65435152.000000
2,849.28503,607.14496,0.12352942,1.0,65435176.000000
2,850.8324,603.3352,0.12352942,1.0,65435196.000000
2,852.3852,598.8444,0.12352942,1.0,65435208.000000
2,853.9376,596.12476,0.12352942,1.0,65435224.000000
2,854.48773,593.0246,0.12352942,1.0,65435248.000000
2,855.0,589.93677,0.12352942,1.0,65435260.000000
2,855.0,588.41144,0.12352942,1.0,65435280.000000
2,855.0,585.7125,0.12352942,1.0,65435292.000000
2,855.6957,583.60864,0.10588236,1.0,65435308.000000
2,856.0,581.75165,0.10588236,1.0,65435328.000000
2,856.0,580.2012,0.10588236,1.0,65435344.000000
2,856.0,578.6491,0.0882353,1.0,65435360.000000
2,856.0,577.09094,0.07058824,1.0,65435380.000000
2,856.0,575.5449,0.05294118,1.0,65435392.000000
2,856.0,576.0,0.03529412,1.0,65435408.000000
1,856.0,576.0,0.03529412,1.0,65435416.000000
0,562.0,342.0,0.07058824,1.0,63913032.000000
2,562.0,342.0,0.0882353,1.0,63913072.000000
2,562.0,342.0,0.10588236,1.0,63913092.000000
2,562.0,342.0,0.0882353,1.0,63913112.000000
2,562.0,342.0,0.0882353,1.0,63913120.000000
1,562.0,342.0,0.0882353,1.0,63913132.000000
0,1012.0,837.0,0.07058824,1.0,68381856.000000
2,1009.9449,832.88983,0.07058824,1.0,68381888.000000
2,1004.4608,820.6521,0.10588236,1.0,68381912.000000
2,999.46313,798.1369,0.10588236,1.0,68381920.000000
2,995.53613,767.6293,0.10588236,1.0,68381944.000000
2,993.4422,727.3064,0.10588236,1.0,68381984.000000
2,990.0,632.91547,0.10588236,1.0,68382000.000000
2,994.64746,584.18555,0.10588236,1.0,68382016.000000
2,1000.9171,546.5389,0.07058824,1.0,68382032.000000
2,1008.1894,512.2424,0.07058824,1.0,68382048.000000
1,1008.1894,512.2424,0.07058824,1.0,68382048.000000
0,1004.0,895.0,0.10588236,1.0,68448192.000000
2,999.39105,860.3017,0.10588236,1.0,68448232.000000
2,997.14606,810.40485,0.10588236,1.0,68448248.000000
2,997.0,764.22723,0.10588236,1.0,68448272.000000
2,997.0,719.16833,0.10588236,1.0,68448288.000000
2,998.0095,670.3522,0.0882353,1.0,68448320.000000
2,1003.115,624.38995,0.07058824,1.0,68448328.000000
2,1013.1591,546.4995,0.07058824,1.0,68448352.000000
1,1013.1591,546.4995,0.07058824,1.0,68448352.000000
0,880.0,863.0,0.03529412,1.0,68592048.000000
2,880.0,863.0,0.10588236,1.0,68592064.000000
2,880.0,863.0,0.10588236,1.0,68592080.000000
2,880.0,863.0,0.12352942,1.0,68592088.000000
2,876.999,877.0055,0.12352942,1.0,68592112.000000
2,872.3443,911.14185,0.12352942,1.0,68592128.000000
2,867.6917,949.672,0.14117648,1.0,68592144.000000
2,862.6884,993.4271,0.12352942,1.0,68592160.000000
2,860.7944,1027.9348,0.12352942,1.0,68592184.000000
2,858.4877,1061.3671,0.12352942,1.0,68592200.000000
2,855.6909,1085.0182,0.12352942,1.0,68592208.000000
2,855.0,1103.4165,0.12352942,1.0,68592232.000000
2,855.0,1117.671,0.12352942,1.0,68592240.000000
2,855.0,1126.7297,0.12352942,1.0,68592256.000000
2,854.0,1134.0077,0.12352942,1.0,68592280.000000
2,854.0,1138.1093,0.12352942,1.0,68592296.000000
2,854.0,1140.6073,0.12352942,1.0,68592312.000000
2,854.0,1142.1539,0.12352942,1.0,68592328.000000
2,854.0,1143.7079,0.12352942,1.0,68592344.000000
2,854.0,1144.5,0.12352942,1.0,68592368.000000
2,852.9467,1144.0,0.12352942,1.0,68592528.000000
2,853.0,1144.0,0.12352942,1.0,68592960.000000
2,853.0,1144.0,0.12352942,1.0,68593016.000000
2,853.0,1144.0,0.12352942,1.0,68593072.000000
2,853.0,1144.0,0.12352942,1.0,68593304.000000
2,853.0,1144.0,0.12352942,1.0,68593336.000000
2,853.0,1144.0,0.12352942,1.0,68593400.000000
2,853.0,1144.0,0.12352942,1.0,68593440.000000
2,853.0,1144.0,0.12352942,1.0,68593448.000000
2,853.0,1144.0,0.12352942,1.0,68593472.000000
2,853.0,1144.0,0.12352942,1.0,68593488.000000
2,853.0,1144.0,0.12352942,1.0,68593504.000000
2,853.0,1144.0,0.12352942,1.0,68593608.000000
2,853.0,1144.0,0.12352942,1.0,68593624.000000
2,853.0,1144.0,0.12352942,1.0,68593640.000000
2,853.0,1144.0,0.12352942,1.0,68593672.000000
2,853.0,1144.0,0.12352942,1.0,68593688.000000
2,853.0,1144.0,0.12352942,1.0,68593696.000000
2,853.0,1144.0,0.12352942,1.0,68593720.000000
2,852.0,1144.0,0.12352942,1.0,68593792.000000
2,852.0,1144.0,0.12352942,1.0,68593872.000000
2,852.0,1144.0,0.12352942,1.0,68593888.000000
2,852.0,1144.0,0.12352942,1.0,68593904.000000
2,852.0,1144.0,0.12352942,1.0,68593920.000000
2,852.0,1144.0,0.12352942,1.0,68594000.000000
2,852.0,1144.0,0.12352942,1.0,68594040.000000
2,852.0,1144.0,0.12352942,1.0,68594048.000000
2,852.0,1144.0,0.12352942,1.0,68594144.000000
2,852.0,1144.0,0.12352942,1.0,68594200.000000
2,852.0,1144.0,0.12352942,1.0,68594272.000000
2,852.0,1144.0,0.12352942,1.0,68594288.000000
2,852.0,1144.0,0.12352942,1.0,68594400.000000
2,852.0,1144.0,0.12352942,1.0,68594600.000000
2,852.0,1144.0,0.12352942,1.0,68594720.000000
2,852.0,1144.0,0.12352942,1.0,68594832.000000
2,852.0,1144.0,0.12352942,1.0,68594880.000000
2,852.0,1144.0,0.12352942,1.0,68594896.000000
2,852.0,1144.0,0.12352942,1.0,68594920.000000
2,852.0,1144.0,0.12352942,1.0,68594976.000000
2,852.0,1144.0,0.12352942,1.0,68594984.000000
2,852.0,1144.0,0.12352942,1.0,68595000.000000
2,850.64545,1144.0,0.12352942,1.0,68595016.000000
2,851.0,1144.0,0.12352942,1.0,68595056.000000
2,851.0,1144.0,0.12352942,1.0,68595064.000000
2,851.0,1144.0,0.12352942,1.0,68595104.000000
2,851.0,1144.0,0.12352942,1.0,68595120.000000
2,851.0,1144.0,0.12352942,1.0,68595136.000000
2,851.0,1144.0,0.12352942,1.0,68595200.000000
2,851.0,1144.0,0.12352942,1.0,68595216.000000
2,851.0,1144.0,0.12352942,1.0,68595232.000000
2,851.0,1144.0,0.12352942,1.0,68595248.000000
2,851.0,1144.0,0.12352942,1.0,68595272.000000
2,851.0,1144.0,0.12352942,1.0,68595280.000000
2,851.0,1144.0,0.12352942,1.0,68595304.000000
2,851.0,1144.0,0.12352942,1.0,68595312.000000
2,851.0,1144.0,0.12352942,1.0,68595352.000000
2,851.0,1144.0,0.12352942,1.0,68595384.000000
2,851.0,1144.0,0.12352942,1.0,68595400.000000
2,851.0,1144.0,0.12352942,1.0,68595408.000000
2,851.0,1144.0,0.12352942,1.0,68595432.000000
2,851.0,1144.0,0.12352942,1.0,68595456.000000
2,851.0,1144.0,0.12352942,1.0,68595464.000000
2,851.0,1144.0,0.12352942,1.0,68595504.000000
2,851.0,1144.0,0.12352942,1.0,68595512.000000
2,851.0,1144.0,0.12352942,1.0,68595536.000000
2,851.0,1144.0,0.12352942,1.0,68595584.000000
2,851.0,1144.0,0.12352942,1.0,68595600.000000
2,851.0,1144.0,0.12352942,1.0,68595616.000000
2,851.0,1144.0,0.12352942,1.0,68595632.000000
2,851.0,1144.0,0.12352942,1.0,68595656.000000
2,851.0,1144.0,0.12352942,1.0,68595680.000000
2,851.0,1144.0,0.12352942,1.0,68595704.000000
2,851.0,1144.0,0.12352942,1.0,68595712.000000
2,851.0,1144.0,0.12352942,1.0,68595736.000000
2,851.0,1136.7438,0.12352942,1.0,68595816.000000
2,851.0,1113.9066,0.12352942,1.0,68595840.000000
2,853.77466,1081.7042,0.12352942,1.0,68595856.000000
2,861.2262,1037.0881,0.12352942,1.0,68595864.000000
2,881.0084,950.97003,0.12352942,1.0,68595888.000000
2,914.734,851.7423,0.12352942,1.0,68595904.000000
2,956.02997,751.93,0.12352942,1.0,68595920.000000
1,956.02997,751.93,0.12352942,1.0,68595920.000000
0,949.0,955.0,0.03529412,1.0,68597248.000000
2,949.0,955.0,0.07058824,1.0,68597264.000000
2,949.0,955.0,0.10588236,1.0,68597280.000000
2,949.0,955.0,0.10588236,1.0,68597296.000000
2,949.0,955.0,0.10588236,1.0,68597328.000000
2,949.0,955.0,0.10588236,1.0,68597344.000000
2,949.0,955.0,0.07058824,1.0,68597376.000000
1,949.0,955.0,0.07058824,1.0,68597384.000000
0,776.0,1443.0,0.07058824,1.0,68598336.000000
2,776.0,1443.0,0.10588236,1.0,68598368.000000
2,776.0,1443.0,0.10588236,1.0,68598376.000000
2,776.0,1443.0,0.10588236,1.0,68598408.000000
2,776.0,1443.0,0.0882353,1.0,68598424.000000
1,776.0,1443.0,0.0882353,1.0,68598432.000000
0,988.0,906.0,0.03529412,1.0,68626184.000000
2,983.9509,904.6503,0.10588236,1.0,68626208.000000
2,980.1648,903.0824,0.10588236,1.0,68626232.000000
2,978.52936,901.52936,0.10588236,1.0,68626256.000000
2,976.9853,899.9853,0.10588236,1.0,68626264.000000
2,975.4281,900.0,0.10588236,1.0,68626280.000000
2,974.5,900.0,0.10588236,1.0,68626304.000000
2,975.0,900.0,0.10588236,1.0,68626320.000000
2,975.0,898.8856,0.10588236,1.0,68626328.000000
2,977.55646,896.44354,0.10588236,1.0,68626352.000000
2,980.67914,893.32086,0.07058824,1.0,68626360.000000
1,980.67914,893.32086,0.07058824,1.0,68626368.000000
0,896.0,820.0,0.03529412,1.0,43095412.000000
2,896.0,820.0,0.07058824,1.0,43095472.000000
1,896.0,820.0,0.07058824,1.0,43095488.000000
0,659.0,928.0,0.05294118,1.0,43822140.000000
2,659.0,928.0,0.10588236,1.0,43822184.000000
1,659.0,928.0,0.10588236,1.0,43822196.000000
0,779.0,271.0,0.07058824,1.0,27531428.000000
2,773.525,273.0,0.0882353,1.0,27531500.000000
2,772.02783,273.0,0.0882353,1.0,27531520.000000
2,770.4452,273.0,0.0882353,1.0,27531540.000000
2,770.0,273.0,0.0882353,1.0,27531560.000000
2,770.0,273.0,0.05294118,1.0,27531588.000000
1,770.0,273.0,0.05294118,1.0,27531600.000000
0,556.0,376.0,0.03529412,1.0,27535384.000000
2,556.0,376.0,0.10588236,1.0,27535408.000000
2,556.0,376.0,0.10588236,1.0,27535444.000000
2,556.0,376.0,0.10588236,1.0,27535464.000000
2,556.0,376.0,0.10588236,1.0,27535472.000000
2,556.0,376.0,0.05294118,1.0,27535492.000000
1,556.0,376.0,0.05294118,1.0,27535504.000000
0,914.0,1377.0,0.0882353,1.0,27544728.000000
2,914.0,1377.0,0.0882353,1.0,27544752.000000
2,914.0,1377.0,0.0882353,1.0,27544760.000000
2,909.6634,1364.9902,0.0882353,1.0,27544784.000000
2,904.98157,1340.5315,0.10588236,1.0,27544808.000000
2,900.5562,1305.6354,0.10588236,1.0,27544822.000000
2,892.6141,1250.7756,0.10588236,1.0,27544836.000000
2,893.0,1191.8921,0.0882353,1.0,27544858.000000
2,897.04675,1130.5884,0.0882353,1.0,27544872.000000
2,903.4179,1069.7402,0.0882353,1.0,27544884.000000
1,903.4179,1069.7402,0.0882353,1.0,27544904.000000
0,800.0,1414.0,0.05294118,1.0,32227198.000000
2,800.0,1414.0,0.07058824,1.0,32227224.000000
2,800.0,1414.0,0.0882353,1.0,32227244.000000
2,800.0,1414.0,0.10588236,1.0,32227264.000000
2,800.0,1414.0,0.0882353,1.0,32227280.000000
2,800.0,1414.0,0.07058824,1.0,32227296.000000
2,800.0,1414.0,0.05294118,1.0,32227318.000000
1,800.0,1414.0,0.05294118,1.0,32227324.000000
0,234.0,1421.0,0.07058824,1.0,33088514.000000
2,234.0,1421.0,0.0882353,1.0,33088592.000000
2,234.0,1421.0,0.0882353,1.0,33088696.000000
2,234.0,1421.0,0.0882353,1.0,33088720.000000
1,234.0,1421.0,0.0882353,1.0,33088780.000000
0,781.0,1363.0,0.05294118,1.0,33121392.000000
2,781.0,1363.0,0.0882353,1.0,33121424.000000
2,781.0,1363.0,0.07058824,1.0,33121464.000000
1,781.0,1363.0,0.07058824,1.0,33121484.000000
