0,514.3801,698.90454,0.3137255,0.20000002,4172174.000000
2,563.777,639.767,0.33333334,0.26666668,4172277.000000
1,681.3337,465.8035,0.29803923,0.16666667,4172348.000000
0,511.73553,770.45734,0.26666668,0.16666667,5391699.000000
2,509.9712,762.0197,0.32941177,0.26666668,5391777.000000
2,509.75204,757.4978,0.32941177,0.26666668,5391856.000000
2,513.39813,739.7084,0.33333334,0.23333335,5391924.000000
2,515.70245,731.8607,0.33333334,0.20000002,5391992.000000
1,515.70245,729.0052,0.33333334,0.20000002,5392683.000000
0,628.0992,707.57764,0.28235295,0.16666667,6103367.000000
2,625.2654,697.4581,0.32941177,0.20000002,6103453.000000
2,624.8506,674.1434,0.3254902,0.20000002,6103533.000000
2,639.9306,640.4752,0.32941177,0.20000002,6103572.000000
2,643.1234,635.5014,0.32941177,0.23333335,6103639.000000
2,647.6033,631.6883,0.32941177,0.23333335,6103693.000000
1,647.6033,631.6883,0.32941177,0.23333335,6103778.000000
0,550.08264,659.153,0.2627451,0.20000002,6352825.000000
2,550.08264,652.7268,0.3254902,0.23333335,6353043.000000
2,554.65533,636.146,0.3254902,0.26666668,6353113.000000
2,559.8762,624.0086,0.32941177,0.23333335,6353214.000000
2,568.9989,612.1739,0.32941177,0.23333335,6353253.000000
2,568.6112,611.4512,0.32941177,0.23333335,6353756.000000
2,567.2168,611.4512,0.32941177,0.23333335,6353886.000000
2,566.57666,611.4512,0.32941177,0.23333335,6353945.000000
1,566.57666,611.4512,0.32941177,0.23333335,6355181.000000
0,510.4132,645.42065,0.28627452,0.16666667,6703933.000000
2,506.8764,635.95514,0.3372549,0.26666668,6704077.000000
2,511.37894,603.5577,0.34117648,0.23333335,6704148.000000
2,521.76746,585.9042,0.3372549,0.26666668,6704212.000000
2,525.68494,580.30145,0.3372549,0.26666668,6704275.000000
2,526.94214,576.66144,0.3372549,0.26666668,6704338.000000
2,526.94214,576.0274,0.3372549,0.26666668,6705053.000000
1,526.94214,576.0274,0.3372549,0.26666668,6705116.000000
0,472.72726,594.10504,0.3254902,0.16666667,71030536.000000
2,464.29733,591.5151,0.36078432,0.26666668,71030576.000000
1,459.83472,591.214,0.3529412,0.26666668,71030648.000000
0,671.07434,642.5296,0.30980393,0.20000002,53028296.000000
2,671.07434,634.7003,0.3254902,0.23333335,53028472.000000
2,671.07434,613.14166,0.3254902,0.20000002,53028516.000000
2,671.07434,606.93475,0.3254902,0.16666667,53028584.000000
2,671.07434,601.6939,0.32941177,0.16666667,53028648.000000
2,671.07434,601.28094,0.3254902,0.16666667,53028776.000000
2,671.07434,600.04004,0.32941177,0.16666667,53028792.000000
2,671.07434,598.579,0.32941177,0.20000002,53028884.000000
2,671.07434,577.843,0.32156864,0.23333335,53028928.000000
2,671.07434,570.5844,0.32156864,0.23333335,53029008.000000
2,671.07434,566.60376,0.32156864,0.23333335,53029064.000000
1,671.07434,566.60376,0.32156864,0.23333335,53029696.000000
0,567.9339,562.3038,0.3137255,0.20000002,83388488.000000
2,564.76434,572.12445,0.32941177,0.20000002,83388704.000000
2,558.40955,594.4082,0.33333334,0.26666668,83388776.000000
2,550.00714,620.28925,0.33333334,0.26666668,83388840.000000
2,548.0992,626.99066,0.33333334,0.26666668,83388904.000000
2,548.0992,626.0142,0.33333334,0.26666668,83388976.000000
2,549.95325,623.15674,0.33333334,0.26666668,83389048.000000
2,555.23895,620.847,0.33333334,0.26666668,83389112.000000
2,556.3636,620.847,0.33333334,0.26666668,83389200.000000
2,562.61273,616.8893,0.33333334,0.23333335,83389264.000000
2,573.05695,609.7351,0.33333334,0.23333335,83389336.000000
2,584.6488,604.2236,0.32941177,0.20000002,83389392.000000
2,589.8717,604.2236,0.32941177,0.23333335,83389472.000000
2,595.0804,604.2236,0.32941177,0.23333335,83389536.000000
2,600.9783,604.2236,0.32941177,0.23333335,83389608.000000
2,604.21295,604.2236,0.32941177,0.20000002,83389688.000000
2,607.0675,601.9183,0.32941177,0.20000002,83389760.000000
2,609.5868,597.95667,0.32941177,0.23333335,83389824.000000
2,613.36395,592.14417,0.3254902,0.20000002,83389896.000000
2,618.4813,586.55005,0.3254902,0.20000002,83389960.000000
2,623.7115,580.8326,0.3254902,0.23333335,83390032.000000
2,628.9364,575.8436,0.3254902,0.20000002,83390088.000000
2,634.1548,573.03,0.3254902,0.20000002,83390160.000000
2,638.34717,569.8927,0.3254902,0.20000002,83390240.000000
1,640.9917,568.0858,0.3254902,0.20000002,83390384.000000
0,422.47934,586.1547,0.2784314,0.23333335,83544312.000000
2,425.4859,576.1311,0.32941177,0.26666668,83544552.000000
2,433.33597,559.31805,0.33333334,0.26666668,83544624.000000
2,438.75092,549.5755,0.33333334,0.26666668,83544704.000000
2,443.98865,543.84973,0.33333334,0.23333335,83544768.000000
2,446.94214,538.13855,0.33333334,0.23333335,83544832.000000
2,446.94214,537.24884,0.33333334,0.23333335,83544904.000000
2,450.41608,533.2097,0.3372549,0.26666668,83544976.000000
2,459.86282,523.60565,0.34117648,0.26666668,83545064.000000
2,496.79535,489.05585,0.34901962,0.26666668,83545136.000000
2,542.5697,449.70398,0.34901962,0.26666668,83545192.000000
2,566.7725,434.64944,0.34901962,0.26666668,83545264.000000
2,594.50854,416.0212,0.34901962,0.26666668,83545328.000000
2,612.79315,398.86185,0.34509805,0.23333335,83545400.000000
2,629.5912,386.22006,0.34509805,0.23333335,83545472.000000
2,637.0248,381.6149,0.34509805,0.23333335,83545568.000000
2,634.0922,383.99298,0.34901962,0.23333335,83545824.000000
2,613.41583,404.71906,0.34509805,0.26666668,83545896.000000
2,554.4613,453.44037,0.34117648,0.26666668,83545960.000000
2,498.06192,508.55115,0.33333334,0.23333335,83546032.000000
2,479.62686,544.43286,0.33333334,0.26666668,83546096.000000
2,456.32324,579.1697,0.33333334,0.20000002,83546184.000000
2,432.8522,617.6828,0.33333334,0.26666668,83546248.000000
2,422.39203,639.4204,0.33333334,0.23333335,83546320.000000
2,414.88965,656.2322,0.33333334,0.23333335,83546384.000000
2,409.91736,664.4952,0.33333334,0.23333335,83546448.000000
1,409.05133,666.6045,0.33333334,0.23333335,83547464.000000
0,544.1322,1018.3625,0.30980393,0.23333335,84107128.000000
2,528.397,1039.6835,0.33333334,0.26666668,84107192.000000
2,517.8341,1054.8398,0.3372549,0.26666668,84107272.000000
2,490.10217,1106.6837,0.33333334,0.26666668,84107344.000000
2,481.24445,1129.1143,0.33333334,0.26666668,84107408.000000
2,477.35538,1137.6177,0.33333334,0.26666668,84107472.000000
2,474.79263,1141.231,0.33333334,0.26666668,84107544.000000
1,474.38013,1141.231,0.33333334,0.26666668,84107848.000000
0,546.11566,907.7809,0.3137255,0.20000002,53284612.000000
2,536.4869,935.74475,0.31764707,0.23333335,53284676.000000
2,531.1505,953.20355,0.31764707,0.16666667,53284764.000000
2,524.2975,968.55695,0.3137255,0.16666667,53284820.000000
1,523.63635,971.4096,0.3137255,0.13333334,53284904.000000
0,539.50415,617.2332,0.3137255,0.20000002,53734384.000000
2,543.7627,595.5082,0.32941177,0.26666668,53734432.000000
2,546.6585,585.81995,0.32941177,0.26666668,53734532.000000
2,576.97217,525.1969,0.32941177,0.23333335,53734588.000000
2,584.8085,513.5013,0.32941177,0.26666668,53734640.000000
2,589.2297,507.9454,0.32941177,0.26666668,53734708.000000
2,592.42596,504.4513,0.33333334,0.26666668,53734848.000000
2,593.92456,502.31506,0.33333334,0.26666668,53734928.000000
2,597.62,498.0506,0.32941177,0.23333335,53735000.000000
2,602.86505,490.8714,0.32941177,0.23333335,53735072.000000
1,604.9587,487.4986,0.32941177,0.23333335,53735204.000000
0,474.71072,915.0084,0.30980393,0.20000002,764050.000000
2,476.36365,905.2513,0.3254902,0.26666668,764108.000000
2,478.40182,897.00183,0.3254902,0.26666668,764183.000000
2,489.2127,863.11273,0.3254902,0.20000002,764251.000000
2,503.79602,844.1846,0.3254902,0.23333335,764320.000000
2,513.1835,833.9225,0.3254902,0.23333335,764388.000000
2,518.2686,828.3635,0.3254902,0.23333335,764450.000000
2,522.8654,824.78406,0.3254902,0.26666668,764523.000000
2,526.8732,821.773,0.3254902,0.23333335,764591.000000
2,532.0021,817.68713,0.3254902,0.26666668,764693.000000
2,539.7963,810.93164,0.3254902,0.26666668,764724.000000
2,541.81824,810.93164,0.3254902,0.26666668,764798.000000
2,542.91174,810.93164,0.3254902,0.26666668,764864.000000
2,543.5393,810.2089,0.3254902,0.26666668,764934.000000
2,543.47107,809.26117,0.3254902,0.26666668,765003.000000
2,544.81744,809.48615,0.3254902,0.26666668,765286.000000
2,545.52277,808.76337,0.3254902,0.26666668,765372.000000
2,546.1284,808.76337,0.3254902,0.26666668,765772.000000
2,546.80615,808.76337,0.3254902,0.26666668,765846.000000
2,547.46045,808.04065,0.3254902,0.26666668,765914.000000
2,549.6161,806.3824,0.3254902,0.23333335,766349.000000
2,550.84296,805.0412,0.3254902,0.23333335,766421.000000
2,554.71075,800.033,0.3254902,0.23333335,766489.000000
2,554.71075,792.9343,0.32156864,0.16666667,766557.000000
2,556.2789,787.5348,0.32156864,0.20000002,766615.000000
2,558.01654,785.1985,0.32156864,0.20000002,766691.000000
2,560.1474,783.467,0.32156864,0.20000002,766765.000000
2,561.51794,782.0214,0.32156864,0.20000002,766821.000000
2,561.9492,780.6134,0.32156864,0.20000002,767031.000000
2,574.8506,782.7442,0.31764707,0.16666667,767104.000000
2,580.9107,782.7442,0.31764707,0.16666667,767172.000000
2,583.1559,782.7442,0.31764707,0.16666667,767541.000000
1,583.1559,782.7442,0.31764707,0.16666667,767676.000000
0,544.7934,696.01355,0.3254902,0.26666668,1450425.000000
2,548.40155,692.2798,0.33333334,0.23333335,1450540.000000
2,575.24854,669.5332,0.33333334,0.20000002,1450608.000000
2,596.5901,653.9287,0.33333334,0.26666668,1450697.000000
2,614.12213,638.9665,0.32941177,0.23333335,1450755.000000
2,619.4215,636.07,0.32941177,0.23333335,1450811.000000
2,629.3086,631.0889,0.33333334,0.23333335,1450872.000000
2,634.54004,630.2428,0.33333334,0.23333335,1450944.000000
2,635.7822,630.2428,0.32941177,0.23333335,1451014.000000
1,637.0248,630.2428,0.32941177,0.20000002,1451082.000000
0,467.43802,969.93787,0.25490198,0.13333334,1632948.000000
2,476.2479,949.9538,0.30980393,0.23333335,1632999.000000
2,482.2274,932.5054,0.30980393,0.23333335,1633082.000000
2,511.10455,839.02014,0.30980393,0.20000002,1633150.000000
2,535.26227,768.6791,0.3137255,0.26666668,1633217.000000
2,545.16296,736.7214,0.3137255,0.20000002,1633285.000000
2,547.438,728.195,0.3137255,0.16666667,1633348.000000
2,547.438,724.11035,0.3137255,0.23333335,1633417.000000
1,547.438,724.11035,0.3137255,0.23333335,1633569.000000
0,525.6198,1061.005,0.31764707,0.20000002,2027508.000000
2,519.6538,1053.0339,0.32156864,0.16666667,2027560.000000
2,513.0765,1033.6826,0.3254902,0.23333335,2027629.000000
2,507.7686,1012.73956,0.32941177,0.23333335,2027700.000000
2,507.7686,1007.8825,0.32941177,0.23333335,2027780.000000
2,508.74338,1008.2439,0.32941177,0.20000002,2027839.000000
2,516.0372,1008.2439,0.32941177,0.23333335,2027908.000000
2,522.5571,1008.2439,0.32941177,0.23333335,2027980.000000
2,529.1169,1006.58923,0.33333334,0.26666668,2028057.000000
2,535.6651,1000.8765,0.33333334,0.26666668,2028149.000000
2,541.4876,987.85144,0.32941177,0.23333335,2028215.000000
2,546.73126,970.7604,0.32941177,0.26666668,2028303.000000
2,560.4618,947.75037,0.32941177,0.23333335,2028345.000000
2,565.12616,942.6514,0.32941177,0.23333335,2028398.000000
2,569.58673,941.02765,0.32941177,0.23333335,2028470.000000
2,568.96185,944.2404,0.32941177,0.23333335,2028568.000000
2,567.682,945.6395,0.32941177,0.23333335,2028617.000000
2,566.6116,949.9506,0.32941177,0.23333335,2028681.000000
2,566.6116,948.9408,0.32941177,0.23333335,2028824.000000
2,566.6116,948.19403,0.32941177,0.23333335,2028887.000000
2,565.914,948.2552,0.32941177,0.23333335,2029036.000000
2,565.9504,948.979,0.32941177,0.23333335,2029467.000000
2,563.2865,953.3778,0.32941177,0.23333335,2029535.000000
2,558.0653,979.73645,0.32941177,0.26666668,2029603.000000
2,554.04956,1003.50287,0.32941177,0.26666668,2029671.000000
2,552.927,1016.26184,0.3254902,0.23333335,2029739.000000
2,550.08264,1030.7858,0.3254902,0.23333335,2029814.000000
2,550.08264,1036.7247,0.32941177,0.23333335,2029881.000000
1,550.08264,1040.4065,0.32941177,0.23333335,2030190.000000
0,597.6859,822.4957,0.31764707,0.23333335,2080730.000000
2,587.39465,828.55035,0.3372549,0.26666668,2080858.000000
2,544.3213,897.593,0.32941177,0.20000002,2080949.000000
2,510.8989,1022.33417,0.33333334,0.23333335,2080993.000000
2,504.4628,1071.6031,0.33333334,0.23333335,2081061.000000
2,503.14047,1106.7742,0.32941177,0.26666668,2081132.000000
2,503.14047,1115.465,0.32941177,0.26666668,2081196.000000
2,512.8903,1108.7102,0.3254902,0.16666667,2081272.000000
2,524.4054,1089.7974,0.3254902,0.23333335,2081337.000000
2,518.9418,1083.6705,0.32941177,0.26666668,2081436.000000
2,500.6462,1066.6395,0.32941177,0.26666668,2081485.000000
2,499.74167,1020.1022,0.32941177,0.26666668,2081558.000000
2,510.2589,964.39685,0.32941177,0.26666668,2081624.000000
2,510.4132,915.8646,0.32941177,0.23333335,2081690.000000
2,510.4132,903.754,0.32941177,0.26666668,2081803.000000
2,510.4132,896.7234,0.32941177,0.26666668,2081846.000000
2,510.4132,893.808,0.32941177,0.26666668,2081890.000000
2,508.84006,900.0677,0.32941177,0.23333335,2082070.000000
2,484.59125,989.6536,0.3254902,0.26666668,2082137.000000
2,480.0,1022.6085,0.32156864,0.16666667,2082204.000000
2,480.0,1027.397,0.32156864,0.20000002,2082241.000000
1,480.0,1027.397,0.32156864,0.20000002,2082552.000000
0,508.42975,1162.1908,0.25882354,0.13333334,2132294.000000
2,508.42975,1150.8159,0.3137255,0.20000002,2132403.000000
2,511.07437,1128.2522,0.3137255,0.16666667,2132469.000000
2,511.573,1114.8444,0.3137255,0.13333334,2132531.000000
2,515.70245,1104.6406,0.3137255,0.13333334,2132599.000000
2,516.70984,1098.9326,0.3137255,0.16666667,2132684.000000
2,519.9054,1096.42,0.3137255,0.20000002,2132725.000000
2,523.3058,1096.42,0.31764707,0.20000002,2132795.000000
2,523.63635,1094.0828,0.32156864,0.20000002,2132874.000000
2,523.63635,1090.471,0.31764707,0.20000002,2132959.000000
2,523.63635,1088.4087,0.31764707,0.20000002,2133078.000000
1,523.63635,1088.4087,0.31764707,0.20000002,2133500.000000
0,545.4545,1103.6476,0.3137255,0.23333335,7858954.000000
2,548.2654,1095.243,0.3254902,0.26666668,7859033.000000
2,550.11774,1089.039,0.3254902,0.23333335,7859107.000000
2,554.71075,1075.5004,0.3254902,0.23333335,7859168.000000
2,553.1903,1078.7843,0.3254902,0.23333335,7859334.000000
2,552.0558,1082.3657,0.3254902,0.20000002,7859379.000000
2,544.2524,1117.5774,0.32941177,0.26666668,7859447.000000
2,537.34204,1164.8079,0.32941177,0.23333335,7859516.000000
2,534.21484,1189.9406,0.3254902,0.23333335,7859599.000000
2,534.21484,1201.9148,0.3254902,0.20000002,7859666.000000
1,534.21484,1205.9175,0.3254902,0.20000002,7859797.000000
0,554.71075,712.6369,0.31764707,0.20000002,7899813.000000
2,537.7103,745.104,0.3254902,0.23333335,7899939.000000
2,448.36795,901.30493,0.31764707,0.20000002,7900002.000000
2,427.33838,965.5321,0.3137255,0.23333335,7900069.000000
2,423.80164,980.4439,0.30980393,0.20000002,7900167.000000
2,423.80164,989.2259,0.32156864,0.26666668,7900223.000000
2,420.3301,1003.18665,0.32156864,0.20000002,7900291.000000
2,411.72763,1042.9707,0.32156864,0.23333335,7900359.000000
2,404.62808,1077.6454,0.32156864,0.16666667,7900425.000000
2,398.8456,1093.9764,0.32156864,0.20000002,7900493.000000
2,392.2374,1102.0149,0.31764707,0.20000002,7900563.000000
2,391.40494,1105.13,0.31764707,0.20000002,7900630.000000
1,391.40494,1105.13,0.31764707,0.20000002,7900712.000000
0,531.57025,659.8758,0.31764707,0.16666667,60463080.000000
2,534.69995,647.7087,0.3372549,0.26666668,60463280.000000
2,549.4469,620.1242,0.34117648,0.26666668,60463480.000000
2,549.42145,622.5407,0.34117648,0.26666668,60463684.000000
2,548.6728,635.4934,0.3372549,0.23333335,60463880.000000
1,547.438,650.8413,0.3372549,0.23333335,60464292.000000
0,542.14874,719.86444,0.3137255,0.20000002,61158708.000000
2,554.91956,693.1415,0.3254902,0.23333335,61158908.000000
2,595.29175,634.53,0.33333334,0.26666668,61159112.000000
1,683.19006,520.8718,0.25882354,0.16666667,61159332.000000
0,675.70245,364.99152,0.31764707,0.20000002,60057596.000000
2,645.7788,386.9382,0.32941177,0.20000002,60057804.000000
2,493.99298,531.9263,0.3372549,0.23333335,60058000.000000
2,387.49124,712.4623,0.32941177,0.23333335,60058196.000000
2,372.89255,773.552,0.32941177,0.23333335,60058380.000000
2,372.89255,817.6847,0.3254902,0.20000002,60058592.000000
2,409.25476,964.51166,0.31764707,0.20000002,60058784.000000
1,413.22314,1002.5147,0.31764707,0.23333335,60058984.000000
0,612.8926,518.2157,0.3254902,0.23333335,60306152.000000
2,594.7971,630.93286,0.32941177,0.20000002,60306324.000000
2,589.0909,679.5034,0.32941177,0.23333335,60306520.000000
2,584.54877,695.4496,0.32156864,0.16666667,60306744.000000
2,580.16,745.5398,0.31764707,0.20000002,60306920.000000
2,576.52893,777.32355,0.31764707,0.13333334,60307124.000000
2,576.52893,778.208,0.31764707,0.13333334,60307524.000000
2,576.52893,781.8789,0.32156864,0.16666667,60307712.000000
2,573.22314,832.9456,0.3137255,0.13333334,60307912.000000
2,567.60333,866.94525,0.32156864,0.23333335,60308124.000000
2,566.599,867.3066,0.32156864,0.23333335,60308512.000000
2,566.6116,869.2655,0.32156864,0.23333335,60309512.000000
2,565.65643,987.52435,0.31764707,0.20000002,60309712.000000
2,565.9504,1038.058,0.31764707,0.20000002,60309920.000000
1,565.9504,1046.5876,0.32156864,0.20000002,60310340.000000
0,491.23965,685.1722,0.31764707,0.23333335,61094892.000000
2,493.94843,676.28876,0.3372549,0.23333335,61095096.000000
2,529.2731,634.9223,0.3372549,0.26666668,61095316.000000
2,576.8619,594.4638,0.33333334,0.23333335,61095488.000000
1,582.12115,592.6595,0.33333334,0.23333335,61095696.000000
0,430.4132,805.8724,0.30980393,0.23333335,62230080.000000
2,400.76724,902.67706,0.3137255,0.20000002,62230256.000000
2,375.53717,1058.4901,0.30980393,0.23333335,62230456.000000
2,372.23138,1100.3951,0.30980393,0.20000002,62230656.000000
1,372.23138,1100.9795,0.30980393,0.20000002,62231456.000000
0,533.5537,1155.686,0.31764707,0.20000002,3635998.000000
2,544.20624,1127.2085,0.3372549,0.26666668,3636196.000000
2,635.0848,1025.923,0.32941177,0.23333335,3636396.000000
2,662.1488,1008.9667,0.3254902,0.23333335,3636603.000000
1,662.1488,1008.9667,0.3254902,0.23333335,3637392.000000
0,483.3058,1186.7645,0.3372549,0.26666668,3660990.000000
2,523.8586,1137.977,0.3529412,0.26666668,3661166.000000
2,545.8171,1122.7657,0.34509805,0.26666668,3661394.000000
2,548.79645,1120.9938,0.34117648,0.26666668,3661586.000000
2,549.4407,1120.9938,0.34117648,0.26666668,3661789.000000
2,549.42145,1120.223,0.34901962,0.26666668,3661974.000000
2,552.72723,1112.7722,0.34901962,0.26666668,3662170.000000
2,558.70667,1105.8159,0.34509805,0.26666668,3662367.000000
2,561.3695,1102.8733,0.34509805,0.26666668,3662565.000000
2,564.46735,1100.7566,0.34509805,0.26666668,3662767.000000
2,564.6281,1099.9216,0.34901962,0.26666668,3662977.000000
2,566.6116,1099.2759,0.34901962,0.26666668,3663175.000000
2,567.2774,1099.3112,0.34901962,0.26666668,3664167.000000
2,573.16876,1095.7269,0.33333334,0.23333335,3671156.000000
1,617.19006,1069.6781,0.33333334,0.23333335,3671362.000000
0,521.6529,551.46246,0.32941177,0.20000002,3857366.000000
2,517.1385,628.0517,0.34509805,0.23333335,3857578.000000
2,493.05917,862.415,0.34509805,0.26666668,3857768.000000
1,490.5785,900.0542,0.34117648,0.23333335,3857978.000000
