0,60.0,262.0,0.05294118,1.0,53721512.000000
2,60.0,262.0,0.07058824,1.0,53721544.000000
1,60.0,262.0,0.07058824,1.0,53721592.000000
0,270.0,1298.0,0.07058824,1.0,53855864.000000
2,270.0,1298.0,0.07058824,1.0,53855880.000000
1,270.0,1298.0,0.07058824,1.0,53855924.000000
0,755.0,863.0,0.10588236,1.0,54151364.000000
2,784.7633,856.0,0.12352942,1.0,54151424.000000
2,797.0325,856.0,0.12352942,1.0,54151432.000000
2,808.163,856.0,0.12352942,1.0,54151448.000000
2,818.16797,857.8613,0.10588236,1.0,54151472.000000
2,826.99963,859.3999,0.10588236,1.0,54151484.000000
2,833.79626,860.9491,0.10588236,1.0,54151500.000000
2,839.85767,862.4644,0.12352942,1.0,54151516.000000
2,844.95325,863.98444,0.12352942,1.0,54151544.000000
2,859.71246,869.285,0.14117648,1.0,54151560.000000
2,869.84204,872.3834,0.14117648,1.0,54151580.000000
2,879.47736,874.2462,0.14117648,1.0,54151604.000000
2,890.55176,875.7931,0.12352942,1.0,54151620.000000
2,899.03125,877.33856,0.12352942,1.0,54151640.000000
2,907.44714,878.8894,0.12352942,1.0,54151648.000000
2,915.1755,881.8702,0.12352942,1.0,54151664.000000
2,920.87823,883.93915,0.14117648,1.0,54151680.000000
2,925.59576,885.5319,0.14117648,1.0,54151700.000000
2,930.24927,887.08307,0.14117648,1.0,54151708.000000
2,933.25885,888.6294,0.14117648,1.0,54151728.000000
2,935.18677,889.0,0.14117648,1.0,54151748.000000
2,936.5,889.0,0.14117648,1.0,54151760.000000
2,937.0,889.0,0.14117648,1.0,54151784.000000
2,937.0,889.0,0.14117648,1.0,54151800.000000
2,937.0,889.0,0.14117648,1.0,54151828.000000
2,938.49194,889.0,0.10588236,1.0,54151844.000000
2,939.0,889.0,0.07058824,1.0,54151876.000000
1,939.0,889.0,0.07058824,1.0,54151892.000000
0,921.0,811.0,0.05294118,1.0,54402036.000000
2,921.0,811.0,0.0882353,1.0,54402052.000000
2,921.0,811.0,0.10588236,1.0,54402072.000000
2,921.0,811.0,0.10588236,1.0,54402104.000000
2,921.0,811.0,0.10588236,1.0,54402120.000000
2,921.0,811.0,0.0882353,1.0,54402132.000000
2,921.0,811.0,0.0882353,1.0,54402152.000000
1,921.0,811.0,0.0882353,1.0,54402164.000000
0,951.0,655.0,0.03529412,1.0,54489176.000000
2,941.7086,680.48724,0.12352942,1.0,54489196.000000
2,933.2042,714.50134,0.12352942,1.0,54489220.000000
2,928.8593,743.9848,0.12352942,1.0,54489240.000000
2,926.5489,779.0217,0.12352942,1.0,54489256.000000
2,924.44006,802.0395,0.10588236,1.0,54489272.000000
2,919.8874,833.4175,0.12352942,1.0,54489292.000000
2,917.1594,862.565,0.10588236,1.0,54489312.000000
2,915.0645,888.0161,0.0882353,1.0,54489320.000000
2,912.98236,908.1589,0.10588236,1.0,54489348.000000
2,912.0,920.9894,0.10588236,1.0,54489360.000000
2,912.0,928.48047,0.0882353,1.0,54489376.000000
2,912.0,932.32684,0.0882353,1.0,54489396.000000
2,912.0,934.2142,0.0882353,1.0,54489416.000000
2,912.0,938.9599,0.0882353,1.0,54489444.000000
2,912.0,943.60846,0.0882353,1.0,54489452.000000
2,912.0,949.67725,0.0882353,1.0,54489480.000000
2,912.9665,955.86584,0.0882353,1.0,54489496.000000
2,913.0,962.0821,0.10588236,1.0,54489512.000000
2,913.0,968.2225,0.10588236,1.0,54489528.000000
2,913.0,972.23395,0.10588236,1.0,54489544.000000
2,913.0,975.33905,0.10588236,1.0,54489560.000000
2,913.714,979.856,0.10588236,1.0,54489580.000000
2,915.2691,989.1527,0.10588236,1.0,54489596.000000
2,917.6431,1002.39404,0.10588236,1.0,54489612.000000
2,920.36804,1021.41614,0.0882353,1.0,54489632.000000
2,924.0,1073.5101,0.0882353,1.0,54489696.000000
2,925.0,1083.8807,0.0882353,1.0,54489708.000000
2,925.0,1094.06,0.0882353,1.0,54489716.000000
2,925.0,1104.5304,0.10588236,1.0,54489728.000000
2,925.0,1116.1809,0.10588236,1.0,54489748.000000
2,925.0,1131.1863,0.10588236,1.0,54489768.000000
2,922.25543,1158.7013,0.0882353,1.0,54489780.000000
2,919.158,1183.8937,0.10588236,1.0,54489796.000000
2,915.0,1239.8546,0.10588236,1.0,54489848.000000
2,915.0,1256.2515,0.10588236,1.0,54489868.000000
2,915.0,1271.7,0.0882353,1.0,54489884.000000
2,915.0,1343.7439,0.10588236,1.0,54489948.000000
2,915.0,1359.2401,0.0882353,1.0,54489968.000000
2,913.5307,1370.2849,0.10588236,1.0,54489980.000000
2,914.0,1375.0872,0.10588236,1.0,54490000.000000
2,914.0,1377.5801,0.10588236,1.0,54490020.000000
2,914.0,1379.1316,0.10588236,1.0,54490032.000000
2,914.0,1380.6758,0.10588236,1.0,54490048.000000
2,914.0,1381.5,0.10588236,1.0,54490068.000000
2,914.0,1381.0,0.10588236,1.0,54490128.000000
2,914.0,1380.2355,0.10588236,1.0,54490168.000000
2,914.0,1376.7319,0.0882353,1.0,54490176.000000
1,914.0,1376.7319,0.0882353,1.0,54490192.000000
0,863.0,799.0,0.03529412,1.0,54491656.000000
2,863.0,799.0,0.10588236,1.0,54491680.000000
2,860.203,800.8647,0.0882353,1.0,54491688.000000
2,857.03613,803.96387,0.0882353,1.0,54491712.000000
2,854.971,805.029,0.0882353,1.0,54491728.000000
2,853.4166,806.0,0.0882353,1.0,54491748.000000
2,851.85913,806.0,0.0882353,1.0,54491760.000000
1,851.85913,806.0,0.0882353,1.0,54491772.000000
0,773.0,711.0,0.03529412,1.0,54519340.000000
2,773.0,711.0,0.10588236,1.0,54519364.000000
2,768.74866,709.93713,0.10588236,1.0,54519400.000000
1,768.74866,709.93713,0.10588236,1.0,54519408.000000
0,896.0,757.0,0.05294118,1.0,54577180.000000
2,896.0,757.0,0.0882353,1.0,54577212.000000
2,896.0,757.0,0.0882353,1.0,54577224.000000
2,896.0,757.0,0.0882353,1.0,54577240.000000
1,896.0,757.0,0.0882353,1.0,54577252.000000
0,871.0,810.0,0.07058824,1.0,54640716.000000
2,871.0,810.0,0.0882353,1.0,54640744.000000
2,871.0,810.0,0.07058824,1.0,54640800.000000
1,871.0,810.0,0.07058824,1.0,54640812.000000
0,895.0,777.0,0.03529412,1.0,54743120.000000
2,895.0,777.0,0.12352942,1.0,54743148.000000
2,895.0,777.0,0.12352942,1.0,54743192.000000
1,895.0,777.0,0.12352942,1.0,54743200.000000
0,366.0,825.0,0.03529412,1.0,67314080.000000
2,366.0,825.0,0.10588236,1.0,67314088.000000
2,366.0,825.0,0.12352942,1.0,67314112.000000
2,366.0,825.0,0.0882353,1.0,67314136.000000
1,366.0,825.0,0.0882353,1.0,67314152.000000
0,889.0,841.0,0.03529412,1.0,67602656.000000
2,889.0,841.0,0.12352942,1.0,67602680.000000
2,889.0,841.0,0.12352942,1.0,67602696.000000
2,889.0,841.0,0.12352942,1.0,67602712.000000
2,889.0,841.0,0.12352942,1.0,67602728.000000
1,889.0,841.0,0.12352942,1.0,67602736.000000
0,986.0,757.0,0.05294118,1.0,67640752.000000
2,986.0,757.0,0.0882353,1.0,67640792.000000
2,979.0664,749.083,0.10588236,1.0,67640808.000000
2,972.88446,733.1246,0.10588236,1.0,67640824.000000
2,968.85724,708.78674,0.10588236,1.0,67640848.000000
2,970.25104,675.864,0.0882353,1.0,67640864.000000
2,973.33527,645.81494,0.10588236,1.0,67640880.000000
2,977.0,604.77576,0.10588236,1.0,67640928.000000
2,978.641,586.1541,0.10588236,1.0,67640936.000000
2,982.7247,568.6521,0.0882353,1.0,67640960.000000
2,985.81976,548.2616,0.0882353,1.0,67640976.000000
2,988.9184,526.57135,0.10588236,1.0,67640992.000000
2,993.00336,504.9565,0.0882353,1.0,67641008.000000
2,994.5517,485.37997,0.0882353,1.0,67641032.000000
2,996.0922,466.98572,0.10588236,1.0,67641040.000000
2,997.6417,451.2244,0.10588236,1.0,67641056.000000
2,999.0,440.02878,0.10588236,1.0,67641072.000000
2,999.0,433.02072,0.0882353,1.0,67641112.000000
2,999.0,419.1171,0.0882353,1.0,67641152.000000
2,999.0,414.55353,0.0882353,1.0,67641168.000000
2,999.0,409.90387,0.0882353,1.0,67641176.000000
2,999.0,405.85458,0.10588236,1.0,67641192.000000
2,999.0,402.74762,0.10588236,1.0,67641208.000000
2,999.0,399.6505,0.10588236,1.0,67641224.000000
2,999.0,395.3319,0.10588236,1.0,67641248.000000
2,1000.0,388.9184,0.10588236,1.0,67641264.000000
2,1001.3187,381.4064,0.10588236,1.0,67641280.000000
2,1003.7242,371.10318,0.0882353,1.0,67641312.000000
2,1016.86536,331.5386,0.07058824,1.0,67641336.000000
2,1022.5163,307.3208,0.05294118,1.0,67641344.000000
2,1023.0,293.3276,0.05294118,1.0,67641360.000000
1,1023.0,293.3276,0.05294118,1.0,67641368.000000
0,944.0,917.0,0.03529412,1.0,67749008.000000
2,941.34607,897.84534,0.12352942,1.0,67749032.000000
2,941.0,872.6678,0.12352942,1.0,67749048.000000
2,946.0134,838.67285,0.12352942,1.0,67749072.000000
2,953.50836,799.15643,0.10588236,1.0,67749088.000000
2,963.07983,755.1408,0.12352942,1.0,67749104.000000
2,978.73615,679.21375,0.0882353,1.0,67749136.000000
2,985.493,644.5491,0.10588236,1.0,67749152.000000
2,990.13794,614.1263,0.0882353,1.0,67749168.000000
2,994.7693,583.7945,0.10588236,1.0,67749184.000000
2,998.2868,558.84906,0.0882353,1.0,67749208.000000
2,1001.35114,540.8931,0.0882353,1.0,67749224.000000
2,1003.23047,524.6956,0.10588236,1.0,67749240.000000
2,1004.77893,512.7685,0.10588236,1.0,67749256.000000
2,1006.0,501.59836,0.0882353,1.0,67749272.000000
2,1006.0,490.89673,0.0882353,1.0,67749288.000000
2,1007.0,481.04193,0.0882353,1.0,67749304.000000
2,1007.0,470.21497,0.10588236,1.0,67749328.000000
2,1007.0,460.35748,0.10588236,1.0,67749336.000000
2,1007.0,450.58792,0.10588236,1.0,67749352.000000
2,1007.617,439.06396,0.10588236,1.0,67749376.000000
2,1009.1658,424.3426,0.0882353,1.0,67749384.000000
2,1010.7156,407.12842,0.0882353,1.0,67749408.000000
2,1012.26184,391.64352,0.10588236,1.0,67749424.000000
2,1013.0,378.5415,0.10588236,1.0,67749440.000000
2,1013.0,367.51056,0.10588236,1.0,67749456.000000
2,1012.08496,361.33984,0.10588236,1.0,67749480.000000
2,1011.0,355.65198,0.0882353,1.0,67749496.000000
2,1011.0,351.99908,0.0882353,1.0,67749520.000000
2,1010.45557,348.91116,0.0882353,1.0,67749536.000000
2,1009.0,345.35275,0.0882353,1.0,67749560.000000
2,1009.0,343.80576,0.0882353,1.0,67749568.000000
2,1009.0,342.25803,0.0882353,1.0,67749584.000000
2,1009.0,340.7097,0.0882353,1.0,67749600.000000
2,1009.0,341.0,0.0882353,1.0,67749632.000000
2,1007.8368,341.0,0.0882353,1.0,67749664.000000
2,1008.0,341.0,0.10588236,1.0,67749688.000000
2,1008.0,341.0,0.10588236,1.0,67749808.000000
2,1008.0,341.0,0.10588236,1.0,67749832.000000
2,1008.0,341.0,0.10588236,1.0,67749864.000000
2,1008.0,341.0,0.10588236,1.0,67749880.000000
2,1008.0,341.0,0.10588236,1.0,67749904.000000
2,1006.93823,341.0,0.10588236,1.0,67749944.000000
2,1006.0,343.34543,0.10588236,1.0,67749976.000000
2,1006.0,344.90677,0.10588236,1.0,67749992.000000
2,1006.0,347.45505,0.10588236,1.0,67750008.000000
2,1006.0,350.00098,0.10588236,1.0,67750024.000000
2,1006.0,352.09448,0.10588236,1.0,67750048.000000
2,1006.0,354.09998,0.10588236,1.0,67750064.000000
2,1006.0,355.6482,0.10588236,1.0,67750080.000000
2,1006.0,357.1937,0.10588236,1.0,67750096.000000
2,1006.0,358.74274,0.10588236,1.0,67750112.000000
2,1006.0,360.29227,0.10588236,1.0,67750128.000000
2,1006.0,362.67627,0.10588236,1.0,67750144.000000
2,1006.0,364.38623,0.10588236,1.0,67750160.000000
2,1006.93536,366.87067,0.10588236,1.0,67750176.000000
2,1007.0,368.9531,0.10588236,1.0,67750192.000000
2,1007.0,372.0635,0.10588236,1.0,67750208.000000
2,1007.0,375.15768,0.10588236,1.0,67750224.000000
2,1007.0,378.25668,0.10588236,1.0,67750248.000000
2,1008.6757,381.35147,0.10588236,1.0,67750264.000000
2,1009.0,383.21802,0.10588236,1.0,67750280.000000
2,1009.0,384.76843,0.10588236,1.0,67750296.000000
2,1009.0,386.32053,0.10588236,1.0,67750312.000000
2,1009.0,387.0,0.10588236,1.0,67750328.000000
2,1009.0,392.04236,0.0882353,1.0,67750376.000000
2,1009.0,395.12592,0.0882353,1.0,67750384.000000
2,1009.0,398.21375,0.0882353,1.0,67750400.000000
2,1009.0,400.15955,0.0882353,1.0,67750416.000000
2,1009.0,401.72336,0.0882353,1.0,67750432.000000
2,1009.0,403.25903,0.0882353,1.0,67750448.000000
2,1009.0,404.145,0.0882353,1.0,67750512.000000
2,1009.0,405.37775,0.0882353,1.0,67750536.000000
2,1009.0,406.29092,0.0882353,1.0,67750552.000000
2,1009.0,407.04715,0.0882353,1.0,67750560.000000
2,1009.0,409.19318,0.0882353,1.0,67750592.000000
2,1009.0,410.5,0.0882353,1.0,67750616.000000
2,1009.0,411.1863,0.0882353,1.0,67750664.000000
2,1009.0,412.12085,0.0882353,1.0,67750704.000000
2,1009.0,413.0,0.0882353,1.0,67750736.000000
2,1009.0,414.1284,0.10588236,1.0,67750744.000000
2,1009.0,416.2285,0.10588236,1.0,67750784.000000
2,1009.0,417.7761,0.10588236,1.0,67750800.000000
2,1009.0,420.63553,0.10588236,1.0,67750816.000000
2,1009.0,422.8698,0.10588236,1.0,67750832.000000
2,1009.0,424.41812,0.10588236,1.0,67750848.000000
2,1009.0,425.9635,0.10588236,1.0,67750864.000000
2,1009.0,427.5147,0.10588236,1.0,67750888.000000
2,1009.0,429.066,0.10588236,1.0,67750904.000000
2,1009.0,430.0542,0.10588236,1.0,67750936.000000
2,1009.0,432.2561,0.10588236,1.0,67750968.000000
2,1009.0,434.80502,0.10588236,1.0,67750984.000000
2,1009.0,437.71313,0.10588236,1.0,67750992.000000
2,1009.0,438.9034,0.10588236,1.0,67751016.000000
2,1009.0,440.4535,0.10588236,1.0,67751032.000000
2,1009.0,441.0,0.10588236,1.0,67751048.000000
2,1009.0,441.0,0.10588236,1.0,67751064.000000
2,1009.0,441.0,0.10588236,1.0,67751096.000000
2,1009.0,441.0,0.10588236,1.0,67751120.000000
2,1009.0,441.73007,0.10588236,1.0,67751136.000000
2,1009.0,442.5,0.10588236,1.0,67751152.000000
2,1009.0,444.38736,0.10588236,1.0,67751192.000000
2,1009.0,447.4867,0.10588236,1.0,67751216.000000
2,1009.0,449.03186,0.10588236,1.0,67751232.000000
2,1009.0,450.5,0.10588236,1.0,67751248.000000
2,1009.0,451.22577,0.10588236,1.0,67751272.000000
2,1009.0,452.18604,0.10588236,1.0,67751336.000000
2,1009.0,453.75842,0.0882353,1.0,67751408.000000
2,1009.0,455.3054,0.0882353,1.0,67751440.000000
2,1009.0,456.08145,0.0882353,1.0,67751448.000000
2,1009.0,457.07452,0.0882353,1.0,67751576.000000
2,1009.0,458.24823,0.0882353,1.0,67751600.000000
2,1009.0,458.7427,0.0882353,1.0,67751640.000000
2,1009.0,459.5,0.0882353,1.0,67751656.000000
2,1009.0,460.24847,0.0882353,1.0,67751696.000000
2,1009.0,460.0,0.0882353,1.0,67751720.000000
2,1009.0,461.0,0.0882353,1.0,67751760.000000
2,1009.0,461.0,0.0882353,1.0,67751776.000000
2,1009.0,464.77966,0.0882353,1.0,67751840.000000
2,1009.0,466.32245,0.0882353,1.0,67751848.000000
2,1009.0,467.8723,0.0882353,1.0,67751872.000000
2,1009.0,469.4238,0.0882353,1.0,67751880.000000
2,1009.0,470.9693,0.0882353,1.0,67751912.000000
2,1009.0,474.07193,0.0882353,1.0,67751936.000000
2,1009.0,476.02963,0.0882353,1.0,67751968.000000
2,1010.0,479.36014,0.0882353,1.0,67751984.000000
2,1010.0,483.7854,0.10588236,1.0,67752000.000000
2,1010.0,487.43912,0.10588236,1.0,67752016.000000
2,1010.0,493.43372,0.10588236,1.0,67752032.000000
2,1010.0,499.63748,0.10588236,1.0,67752040.000000
2,1010.45917,505.37756,0.10588236,1.0,67752064.000000
2,1011.0,510.02695,0.10588236,1.0,67752080.000000
2,1011.0,514.6596,0.10588236,1.0,67752096.000000
2,1012.1059,520.42346,0.0882353,1.0,67752112.000000
2,1012.0,526.62317,0.0882353,1.0,67752128.000000
2,1013.20215,535.2129,0.0882353,1.0,67752144.000000
2,1014.0,545.99304,0.0882353,1.0,67752160.000000
2,1014.0,558.36725,0.10588236,1.0,67752176.000000
2,1014.0,570.77673,0.10588236,1.0,67752200.000000
2,1014.94977,597.5477,0.0882353,1.0,67752224.000000
2,1016.0,611.4021,0.0882353,1.0,67752248.000000
2,1016.0,625.33704,0.10588236,1.0,67752264.000000
2,1016.0,637.68036,0.10588236,1.0,67752272.000000
2,1016.0,648.9383,0.0882353,1.0,67752296.000000
2,1016.0,660.79614,0.07058824,1.0,67752312.000000
2,1017.2265,674.03864,0.0882353,1.0,67752328.000000
2,1017.7732,689.7321,0.0882353,1.0,67752352.000000
2,1018.0,703.6481,0.10588236,1.0,67752368.000000
2,1018.0,716.01526,0.0882353,1.0,67752384.000000
2,1019.4279,728.4233,0.07058824,1.0,67752392.000000
2,1019.0,736.8494,0.07058824,1.0,67752416.000000
2,1019.0,745.08154,0.07058824,1.0,67752432.000000
2,1021.1784,767.0704,0.07058824,1.0,67752480.000000
2,1021.0,777.98663,0.0882353,1.0,67752496.000000
2,1021.0,791.4284,0.07058824,1.0,67752512.000000
2,1022.0,805.1865,0.07058824,1.0,67752528.000000
2,1023.36414,820.64136,0.07058824,1.0,67752544.000000
2,1023.0,831.3889,0.07058824,1.0,67752560.000000
2,1023.0,839.3039,0.0882353,1.0,67752576.000000
2,1023.0,844.17194,0.0882353,1.0,67752592.000000
2,1023.0,847.1171,0.0882353,1.0,67752624.000000
2,1023.0,850.2119,0.0882353,1.0,67752632.000000
2,1023.0,851.65674,0.0882353,1.0,67752656.000000
2,1023.0,857.2717,0.07058824,1.0,67752688.000000
2,1023.0,863.51263,0.07058824,1.0,67752704.000000
2,1023.0,871.2517,0.07058824,1.0,67752720.000000
2,1023.0,877.58124,0.07058824,1.0,67752736.000000
2,1023.0,882.84863,0.07058824,1.0,67752760.000000
2,1023.0,887.00104,0.07058824,1.0,67752776.000000
2,1023.0,891.5881,0.07058824,1.0,67752800.000000
2,1023.0,893.14056,0.07058824,1.0,67752816.000000
2,1023.0,894.76355,0.07058824,1.0,67752856.000000
2,1023.0,897.0072,0.07058824,1.0,67752880.000000
2,1023.0,901.65216,0.07058824,1.0,67752896.000000
2,1023.0,907.7194,0.0882353,1.0,67752920.000000
2,1023.0,913.9106,0.0882353,1.0,67752928.000000
2,1023.0,920.0,0.0882353,1.0,67752944.000000
2,1023.0,924.24133,0.07058824,1.0,67752960.000000
2,1023.0,928.2475,0.07058824,1.0,67752976.000000
2,1023.0,931.3486,0.07058824,1.0,67752992.000000
2,1023.0,932.7221,0.07058824,1.0,67753024.000000
2,1023.0,934.2683,0.07058824,1.0,67753040.000000
2,1023.0,935.5,0.07058824,1.0,67753056.000000
2,1024.0233,935.51166,0.07058824,1.0,67753120.000000
2,1026.1177,938.2353,0.07058824,1.0,67753144.000000
1,1026.1177,938.2353,0.07058824,1.0,67753160.000000
0,982.0,516.0,0.03529412,1.0,67883856.000000
2,983.13184,520.5273,0.10588236,1.0,67883888.000000
2,987.2601,535.2868,0.10588236,1.0,67883896.000000
2,993.25116,560.31744,0.10588236,1.0,67883912.000000
2,997.5668,584.9783,0.10588236,1.0,67883936.000000
2,1002.19147,607.95734,0.07058824,1.0,67883944.000000
2,1006.8486,640.8896,0.0882353,1.0,67883960.000000
2,1012.1217,692.9737,0.0882353,1.0,67884000.000000
2,1013.6022,714.82837,0.0882353,1.0,67884024.000000
2,1015.1482,732.6303,0.07058824,1.0,67884032.000000
2,1015.0,748.6709,0.07058824,1.0,67884048.000000
2,1015.0,768.2749,0.0882353,1.0,67884064.000000
2,1015.0,788.31067,0.0882353,1.0,67884080.000000
2,1015.0,807.155,0.07058824,1.0,67884096.000000
2,1015.0,829.4175,0.07058824,1.0,67884136.000000
2,1015.0,864.9533,0.0882353,1.0,67884160.000000
2,1014.4626,876.2246,0.07058824,1.0,67884176.000000
2,1014.0,885.53284,0.07058824,1.0,67884192.000000
2,1014.0,894.82117,0.0882353,1.0,67884208.000000
2,1014.0,904.31995,0.0882353,1.0,67884232.000000
2,1016.28174,924.9722,0.0882353,1.0,67884248.000000
2,1017.8324,934.9944,0.0882353,1.0,67884264.000000
2,1019.0,943.2723,0.07058824,1.0,67884280.000000
2,1019.92944,951.6473,0.07058824,1.0,67884296.000000
2,1021.4778,958.91113,0.07058824,1.0,67884320.000000
2,1023.029,965.1159,0.0882353,1.0,67884336.000000
2,1024.5771,972.88586,0.0882353,1.0,67884344.000000
2,1027.2574,982.90125,0.0882353,1.0,67884368.000000
2,1029.6766,998.4427,0.0882353,1.0,67884384.000000
2,1028.7673,1015.5591,0.07058824,1.0,67884392.000000
1,1028.7673,1015.5591,0.07058824,1.0,67884400.000000
0,984.0,547.0,0.07058824,1.0,68166024.000000
2,984.0,547.0,0.0882353,1.0,68166056.000000
2,980.59686,541.1937,0.10588236,1.0,68166064.000000
2,975.9386,526.77484,0.10588236,1.0,68166080.000000
2,972.86835,508.20993,0.10588236,1.0,68166096.000000
2,969.7717,487.4023,0.12352942,1.0,68166120.000000
2,969.0,457.27014,0.10588236,1.0,68166152.000000
2,969.77234,406.09818,0.10588236,1.0,68166176.000000
2,972.3168,380.24854,0.10588236,1.0,68166184.000000
2,973.86945,356.08923,0.10588236,1.0,68166200.000000
2,975.42224,328.40015,0.10588236,1.0,68166216.000000
2,977.96924,300.5232,0.10588236,1.0,68166232.000000
2,978.0,268.5811,0.10588236,1.0,68166248.000000
2,978.0,240.94989,0.10588236,1.0,68166272.000000
2,978.0,221.21768,0.10588236,1.0,68166280.000000
2,979.16815,207.65485,0.10588236,1.0,68166296.000000
2,979.0,200.13432,0.10588236,1.0,68166312.000000
2,979.0,195.19514,0.10588236,1.0,68166336.000000
2,979.8182,190.54544,0.10588236,1.0,68166344.000000
2,981.367,183.16492,0.10588236,1.0,68166368.000000
2,982.91473,177.34094,0.10588236,1.0,68166384.000000
2,984.46356,172.6093,0.10588236,1.0,68166400.000000
2,986.0119,169.97624,0.10588236,1.0,68166416.000000
2,988.1267,166.3099,0.10588236,1.0,68166432.000000
2,994.6184,157.1342,0.07058824,1.0,68166448.000000
1,994.6184,157.1342,0.07058824,1.0,68166464.000000
0,882.0,768.0,0.03529412,1.0,76531056.000000
2,882.0,768.0,0.10588236,1.0,76531080.000000
2,882.0,768.0,0.12352942,1.0,76531104.000000
2,882.0,768.0,0.10588236,1.0,76531152.000000
1,882.0,768.0,0.10588236,1.0,76531160.000000
0,985.0,846.0,0.03529412,1.0,76700592.000000
2,985.0,846.0,0.0882353,1.0,76700616.000000
2,984.0,836.562,0.0882353,1.0,76700624.000000
2,984.0,823.41425,0.0882353,1.0,76700648.000000
2,984.7237,807.03937,0.10588236,1.0,76700664.000000
2,985.0,790.1053,0.10588236,1.0,76700688.000000
2,987.8079,773.1131,0.10588236,1.0,76700704.000000
2,989.3518,750.72327,0.0882353,1.0,76700712.000000
2,993.69556,718.1309,0.10588236,1.0,76700736.000000
2,998.3358,690.4305,0.0882353,1.0,76700752.000000
2,1003.9678,668.1047,0.0882353,1.0,76700768.000000
2,1008.5,650.0,0.07058824,1.0,76700784.000000
2,1008.0,635.2917,0.07058824,1.0,76700800.000000
1,1008.0,635.2917,0.07058824,1.0,76700808.000000
0,1007.0,764.0,0.03529412,1.0,76702000.000000
2,1007.0,758.6163,0.07058824,1.0,76702008.000000
2,1007.0,752.3945,0.07058824,1.0,76702024.000000
2,1007.0,744.76776,0.07058824,1.0,76702048.000000
2,1007.0,733.0864,0.0882353,1.0,76702056.000000
2,1006.46826,718.68274,0.0882353,1.0,76702072.000000
2,1006.0,703.2605,0.07058824,1.0,76702096.000000
2,1007.6209,688.41187,0.07058824,1.0,76702112.000000
2,1008.0,675.6777,0.0882353,1.0,76702128.000000
2,1008.0,665.73065,0.0882353,1.0,76702144.000000
2,1008.0,657.7404,0.0882353,1.0,76702168.000000
2,1008.7993,649.204,0.0882353,1.0,76702176.000000
2,1010.3433,639.94,0.07058824,1.0,76702192.000000
2,1012.7801,629.7698,0.07058824,1.0,76702208.000000
2,1015.8704,620.38873,0.07058824,1.0,76702224.000000
2,1018.9613,613.0968,0.07058824,1.0,76702248.000000
2,1020.52606,606.42175,0.07058824,1.0,76702256.000000
2,1021.9175,602.2476,0.07058824,1.0,76702280.000000
2,1022.0,598.8528,0.07058824,1.0,76702296.000000
2,1022.0,596.9584,0.07058824,1.0,76702312.000000
2,1022.0,594.4084,0.07058824,1.0,76702336.000000
2,1022.0,592.7753,0.07058824,1.0,76702352.000000
2,1022.0,591.3834,0.07058824,1.0,76702376.000000
2,1022.0,589.6652,0.07058824,1.0,76702392.000000
2,1022.0,586.80054,0.07058824,1.0,76702416.000000
2,1022.0,585.5,0.07058824,1.0,76702432.000000
2,1022.0,586.0,0.07058824,1.0,76702480.000000
2,1022.0,586.0,0.07058824,1.0,76702584.000000
1,1022.0,586.0,0.07058824,1.0,76702608.000000
0,79.0,914.0,0.07058824,1.0,76779520.000000
2,79.0,914.0,0.07058824,1.0,76779528.000000
2,79.0,911.29596,0.0882353,1.0,76779568.000000
2,79.0,906.66437,0.0882353,1.0,76779584.000000
2,79.9836,902.0492,0.0882353,1.0,76779600.000000
2,80.0,895.86694,0.0882353,1.0,76779624.000000
2,80.0,889.7044,0.10588236,1.0,76779632.000000
2,80.0,885.14044,0.10588236,1.0,76779648.000000
2,80.0,881.67035,0.10588236,1.0,76779664.000000
2,80.0,874.2422,0.10588236,1.0,76779704.000000
2,80.0,869.61035,0.10588236,1.0,76779728.000000
2,80.0,864.98724,0.10588236,1.0,76779744.000000
2,80.0,858.4867,0.10588236,1.0,76779760.000000
2,80.0,850.8729,0.10588236,1.0,76779776.000000
2,79.03346,843.1673,0.10588236,1.0,76779792.000000
2,79.0,831.80884,0.0882353,1.0,76779824.000000
2,79.0,827.2373,0.0882353,1.0,76779832.000000
2,79.0,823.71094,0.10588236,1.0,76779856.000000
2,79.0,820.61475,0.10588236,1.0,76779872.000000
2,79.0,817.5275,0.10588236,1.0,76779888.000000
2,79.0,814.4353,0.10588236,1.0,76779904.000000
2,79.0,811.34924,0.10588236,1.0,76779920.000000
2,79.0,808.25616,0.10588236,1.0,76779936.000000
2,79.0,806.5871,0.10588236,1.0,76779952.000000
2,79.0,805.0363,0.10588236,1.0,76779968.000000
2,79.0,803.5,0.10588236,1.0,76779984.000000
2,79.0,801.9513,0.10588236,1.0,76780000.000000
2,79.0,800.40576,0.10588236,1.0,76780024.000000
2,79.0,798.8667,0.10588236,1.0,76780032.000000
2,79.0,797.3168,0.10588236,1.0,76780048.000000
2,79.0,795.77295,0.10588236,1.0,76780064.000000
2,79.0,794.22894,0.10588236,1.0,76780080.000000
2,79.0,792.68317,0.10588236,1.0,76780104.000000
2,79.0,791.1412,0.10588236,1.0,76780120.000000
2,79.0,789.5961,0.10588236,1.0,76780136.000000
2,79.0,788.05316,0.10588236,1.0,76780144.000000
2,79.0,786.5051,0.10588236,1.0,76780168.000000
2,79.0,784.9625,0.10588236,1.0,76780184.000000
2,79.0,783.4171,0.10588236,1.0,76780208.000000
2,79.0,781.8752,0.10588236,1.0,76780224.000000
2,79.0,780.3291,0.10588236,1.0,76780232.000000
2,79.0,778.7841,0.10588236,1.0,76780248.000000
2,79.0,777.2396,0.10588236,1.0,76780264.000000
2,79.0,775.69183,0.10588236,1.0,76780280.000000
2,79.0,774.152,0.10588236,1.0,76780304.000000
2,79.0,772.6047,0.10588236,1.0,76780320.000000
2,79.0,771.06464,0.10588236,1.0,76780328.000000
2,79.0,769.5194,0.10588236,1.0,76780352.000000
2,79.0,767.97406,0.10588236,1.0,76780368.000000
2,79.0,766.43134,0.10588236,1.0,76780384.000000
2,79.0,764.88617,0.10588236,1.0,76780400.000000
2,79.0,763.3404,0.10588236,1.0,76780416.000000
2,79.0,761.7984,0.10588236,1.0,76780432.000000
2,79.0,760.24884,0.10588236,1.0,76780448.000000
2,79.0,758.70404,0.0882353,1.0,76780472.000000
2,79.0,757.1709,0.0882353,1.0,76780504.000000
2,79.0,754.07294,0.10588236,1.0,76780536.000000
2,79.0,750.9882,0.10588236,1.0,76780560.000000
2,79.0,749.443,0.10588236,1.0,76780576.000000
2,79.0,747.9004,0.10588236,1.0,76780600.000000
2,79.0,746.6292,0.10588236,1.0,76780616.000000
2,79.0,745.6313,0.10588236,1.0,76780632.000000
2,79.0,746.0,0.10588236,1.0,76780672.000000
2,79.0,745.0,0.10588236,1.0,76780712.000000
2,79.0,745.0,0.10588236,1.0,76780720.000000
2,79.0,745.0,0.10588236,1.0,76780768.000000
2,79.0,743.94135,0.10588236,1.0,76780808.000000
2,78.0,744.0,0.10588236,1.0,76780816.000000
2,78.0,744.0,0.10588236,1.0,76780832.000000
2,76.75199,742.752,0.10588236,1.0,76780864.000000
2,77.0,741.1018,0.10588236,1.0,76780888.000000
2,77.0,738.2288,0.10588236,1.0,76780952.000000
2,77.0,737.1881,0.10588236,1.0,76780968.000000
2,77.0,736.6287,0.10588236,1.0,76780984.000000
2,76.0,735.28564,0.10588236,1.0,76781000.000000
2,76.0,734.5,0.10588236,1.0,76781008.000000
2,76.0,732.6472,0.10588236,1.0,76781048.000000
2,76.0,731.5,0.10588236,1.0,76781064.000000
2,76.0,730.80005,0.10588236,1.0,76781080.000000
2,75.0,728.47107,0.10588236,1.0,76781128.000000
2,75.0,727.4628,0.10588236,1.0,76781136.000000
2,75.0,726.3791,0.10588236,1.0,76781160.000000
2,74.41677,726.0,0.10588236,1.0,76781168.000000
2,73.64514,726.0,0.10588236,1.0,76781184.000000
2,74.0,724.87366,0.10588236,1.0,76781200.000000
2,74.0,725.0,0.10588236,1.0,76781216.000000
2,74.0,723.73065,0.10588236,1.0,76781232.000000
2,74.0,722.5,0.10588236,1.0,76781248.000000
2,74.0,721.7816,0.10588236,1.0,76781264.000000
2,74.0,720.5,0.10588236,1.0,76781288.000000
2,74.0,719.47955,0.10588236,1.0,76781312.000000
2,73.0,716.39233,0.10588236,1.0,76781352.000000
2,72.0,713.2998,0.0882353,1.0,76781368.000000
2,72.0,711.78284,0.0882353,1.0,76781384.000000
2,71.0,710.20856,0.0882353,1.0,76781392.000000
2,70.66144,708.66144,0.0882353,1.0,76781424.000000
2,70.0,707.121,0.0882353,1.0,76781432.000000
2,70.0,705.5815,0.0882353,1.0,76781448.000000
2,70.0,704.03357,0.0882353,1.0,76781464.000000
2,70.0,702.5,0.0882353,1.0,76781480.000000
2,68.94002,700.94,0.0882353,1.0,76781496.000000
2,69.0,699.3961,0.0882353,1.0,76781512.000000
2,67.86185,697.8619,0.0882353,1.0,76781536.000000
2,68.0,696.3102,0.0882353,1.0,76781560.000000
2,68.0,694.7672,0.0882353,1.0,76781568.000000
2,68.0,693.2211,0.0882353,1.0,76781592.000000
2,68.0,691.6737,0.0882353,1.0,76781608.000000
2,68.0,690.1302,0.0882353,1.0,76781624.000000
2,68.0,688.5978,0.0882353,1.0,76781656.000000
2,66.96825,685.96826,0.0882353,1.0,76781672.000000
2,67.0,684.78613,0.0882353,1.0,76781680.000000
2,67.0,682.5,0.07058824,1.0,76781696.000000
2,64.0,679.7665,0.07058824,1.0,76781768.000000
2,62.893867,678.89386,0.07058824,1.0,76781784.000000
2,62.129448,678.0,0.07058824,1.0,76781792.000000
2,62.0,676.5888,0.07058824,1.0,76781808.000000
2,60.832523,677.0,0.07058824,1.0,76781840.000000
2,59.5,675.5,0.07058824,1.0,76781864.000000
2,58.966534,676.0,0.07058824,1.0,76781896.000000
2,57.319588,676.0,0.07058824,1.0,76781912.000000
2,55.778553,676.0,0.07058824,1.0,76781928.000000
1,55.778553,676.0,0.07058824,1.0,76781952.000000
0,930.0,622.0,0.05294118,1.0,76876792.000000
2,926.9135,633.3172,0.12352942,1.0,76876808.000000
2,926.5732,653.3048,0.12352942,1.0,76876832.000000
2,928.11945,668.075,0.12352942,1.0,76876848.000000
2,932.0071,685.69727,0.12352942,1.0,76876872.000000
2,936.6185,708.0925,0.12352942,1.0,76876880.000000
2,940.24304,726.97217,0.12352942,1.0,76876896.000000
2,943.60284,746.9184,0.12352942,1.0,76876912.000000
2,947.69586,773.56683,0.12352942,1.0,76876944.000000
2,950.7874,793.3306,0.10588236,1.0,76876952.000000
2,952.9382,809.3816,0.10588236,1.0,76876976.000000
2,955.96405,823.33826,0.10588236,1.0,76876984.000000
2,957.03174,832.1904,0.10588236,1.0,76877008.000000
2,960.1325,846.5299,0.10588236,1.0,76877040.000000
2,961.6634,851.9902,0.10588236,1.0,76877056.000000
2,962.0,855.36774,0.10588236,1.0,76877072.000000
2,962.0,858.4438,0.10588236,1.0,76877080.000000
2,962.0,860.2999,0.10588236,1.0,76877096.000000
2,962.0,861.8447,0.10588236,1.0,76877112.000000
2,962.0,862.5,0.10588236,1.0,76877128.000000
2,962.0,862.0,0.10588236,1.0,76877152.000000
2,963.0,865.9338,0.10588236,1.0,76877168.000000
2,960.92474,872.15045,0.0882353,1.0,76877184.000000
1,960.92474,872.15045,0.0882353,1.0,76877192.000000
0,873.0,700.0,0.03529412,1.0,76877392.000000
2,873.0,700.0,0.07058824,1.0,76877408.000000
2,871.81256,703.5624,0.12352942,1.0,76877432.000000
2,870.2686,706.46277,0.12352942,1.0,76877456.000000
2,868.72754,708.27246,0.12352942,1.0,76877456.000000
1,868.72754,708.27246,0.12352942,1.0,76877488.000000
0,1007.0,923.0,0.07058824,1.0,77273120.000000
2,1007.0,923.0,0.0882353,1.0,77273144.000000
2,1007.0,923.0,0.0882353,1.0,77273160.000000
2,1007.0,923.0,0.0882353,1.0,77273176.000000
2,1007.0,923.0,0.10588236,1.0,77273192.000000
2,1004.62164,913.10815,0.10588236,1.0,77273232.000000
2,1003.076,903.5318,0.10588236,1.0,77273240.000000
2,1001.5307,891.24567,0.0882353,1.0,77273264.000000
2,1000.98254,873.8078,0.10588236,1.0,77273280.000000
2,1000.0,858.0795,0.10588236,1.0,77273296.000000
2,1000.0,845.1524,0.10588236,1.0,77273320.000000
2,1000.0,836.7872,0.0882353,1.0,77273336.000000
2,1000.0,829.23865,0.0882353,1.0,77273360.000000
2,1000.0,823.0547,0.10588236,1.0,77273368.000000
2,1000.0,818.1574,0.10588236,1.0,77273384.000000
2,1000.0,813.4842,0.10588236,1.0,77273392.000000
2,1000.0,810.22644,0.10588236,1.0,77273416.000000
2,1000.0,807.1353,0.10588236,1.0,77273432.000000
2,1000.0,804.52905,0.10588236,1.0,77273456.000000
2,1000.0,801.959,0.10588236,1.0,77273464.000000
2,1000.0,798.30725,0.10588236,1.0,77273480.000000
2,1000.0,793.6944,0.10588236,1.0,77273496.000000
2,1000.0,789.0268,0.10588236,1.0,77273512.000000
2,1000.0,784.3848,0.10588236,1.0,77273536.000000
2,1000.0,781.50323,0.10588236,1.0,77273544.000000
2,1000.0,779.408,0.10588236,1.0,77273560.000000
2,1000.0,776.3211,0.10588236,1.0,77273576.000000
2,1000.0,773.232,0.10588236,1.0,77273600.000000
2,1000.0,769.21106,0.10588236,1.0,77273616.000000
2,1000.0,765.6985,0.0882353,1.0,77273640.000000
2,1000.0,758.86835,0.10588236,1.0,77273672.000000
2,1000.0,756.88586,0.10588236,1.0,77273680.000000
2,1000.0,755.3404,0.10588236,1.0,77273704.000000
2,1000.0,753.7921,0.10588236,1.0,77273728.000000
2,1000.0,752.253,0.10588236,1.0,77273744.000000
2,1000.0,750.7069,0.10588236,1.0,77273760.000000
2,1000.0,749.15857,0.10588236,1.0,77273776.000000
2,1000.0,747.69525,0.10588236,1.0,77273792.000000
2,1000.0,745.124,0.10588236,1.0,77273808.000000
2,1000.0,743.03314,0.10588236,1.0,77273824.000000
2,1000.0,739.9478,0.10588236,1.0,77273848.000000
2,1000.0,734.33154,0.10588236,1.0,77273880.000000
2,1000.0,732.78577,0.10588236,1.0,77273896.000000
2,1000.0,729.4805,0.10588236,1.0,77273920.000000
2,1000.0,726.3967,0.10588236,1.0,77273936.000000
2,1000.0,723.3295,0.10588236,1.0,77273952.000000
2,1000.0,720.2058,0.10588236,1.0,77273968.000000
2,1000.0,717.07904,0.10588236,1.0,77273976.000000
2,1000.0,714.0303,0.10588236,1.0,77273992.000000
2,1000.0,710.9367,0.10588236,1.0,77274016.000000
2,1000.0,707.8586,0.10588236,1.0,77274032.000000
2,1000.0,704.76733,0.10588236,1.0,77274056.000000
2,1000.0,700.7867,0.10588236,1.0,77274080.000000
2,1000.0,698.2381,0.10588236,1.0,77274096.000000
2,1000.0,696.69073,0.10588236,1.0,77274112.000000
2,1000.0,695.14923,0.0882353,1.0,77274128.000000
2,1000.0,693.6063,0.0882353,1.0,77274152.000000
2,1000.0,692.06165,0.0882353,1.0,77274160.000000
2,1000.0,689.033,0.0882353,1.0,77274176.000000
2,1000.0,685.92523,0.0882353,1.0,77274192.000000
2,1000.0,684.4171,0.0882353,1.0,77274216.000000
2,1000.0,682.8717,0.0882353,1.0,77274224.000000
2,1000.0,681.32056,0.0882353,1.0,77274240.000000
2,1000.0,679.7722,0.0882353,1.0,77274264.000000
2,1000.0,676.46796,0.0882353,1.0,77274280.000000
2,1000.0,674.6795,0.0882353,1.0,77274296.000000
2,1000.0,673.1355,0.0882353,1.0,77274320.000000
2,1000.0,671.59436,0.10588236,1.0,77274328.000000
2,1000.0,670.04486,0.0882353,1.0,77274344.000000
2,1000.0,668.5,0.0882353,1.0,77274360.000000
2,1000.0,666.9512,0.0882353,1.0,77274376.000000
2,1000.0,665.4052,0.0882353,1.0,77274392.000000
2,1000.0,663.8546,0.0882353,1.0,77274416.000000
2,1000.0,662.312,0.0882353,1.0,77274424.000000
2,1000.0,659.5345,0.0882353,1.0,77274440.000000
2,1000.0,657.22046,0.0882353,1.0,77274472.000000
2,1000.0,655.36444,0.0882353,1.0,77274496.000000
2,1000.0,652.2718,0.0882353,1.0,77274512.000000
2,1000.0,649.1752,0.0882353,1.0,77274520.000000
2,1000.0,646.0897,0.0882353,1.0,77274536.000000
2,1001.0,642.98474,0.0882353,1.0,77274560.000000
2,1001.0,639.94556,0.0882353,1.0,77274576.000000
2,1001.0,635.72217,0.0882353,1.0,77274592.000000
2,1001.0,633.3083,0.0882353,1.0,77274616.000000
2,1001.0,631.76373,0.07058824,1.0,77274624.000000
2,1001.0,629.4353,0.07058824,1.0,77274648.000000
2,1001.0,627.35693,0.07058824,1.0,77274664.000000
2,1001.0,625.1281,0.07058824,1.0,77274680.000000
2,1001.0,623.57904,0.07058824,1.0,77274696.000000
2,1002.0,622.0307,0.0882353,1.0,77274712.000000
2,1002.0,620.5,0.0882353,1.0,77274728.000000
2,1002.0,618.9398,0.0882353,1.0,77274744.000000
2,1002.0,617.39435,0.0882353,1.0,77274760.000000
2,1003.14453,614.71094,0.0882353,1.0,77274784.000000
2,1003.0,613.3078,0.0882353,1.0,77274800.000000
2,1004.0,610.7552,0.0882353,1.0,77274816.000000
2,1004.0,609.208,0.0882353,1.0,77274824.000000
2,1004.0,607.6643,0.0882353,1.0,77274848.000000
2,1004.0,606.11597,0.0882353,1.0,77274880.000000
2,1004.0,603.02203,0.0882353,1.0,77274904.000000
2,1004.0,601.4825,0.0882353,1.0,77274920.000000
2,1004.0,599.93396,0.0882353,1.0,77274936.000000
2,1004.0,598.3876,0.0882353,1.0,77274952.000000
2,1004.0,596.8404,0.0882353,1.0,77274968.000000
2,1004.0,595.2921,0.0882353,1.0,77274984.000000
2,1004.25336,593.74664,0.0882353,1.0,77275000.000000
2,1005.80164,592.19836,0.0882353,1.0,77275016.000000
2,1006.0,590.6595,0.0882353,1.0,77275040.000000
2,1006.0,589.11,0.0882353,1.0,77275056.000000
2,1006.0,587.7518,0.0882353,1.0,77275096.000000
2,1006.0,587.2856,0.0882353,1.0,77275160.000000
2,1007.2476,585.7524,0.0882353,1.0,77275176.000000
2,1007.7937,584.2063,0.0882353,1.0,77275200.000000
2,1009.3414,582.6586,0.0882353,1.0,77275208.000000
2,1009.0,581.11346,0.0882353,1.0,77275224.000000
2,1009.0,579.56354,0.07058824,1.0,77275240.000000
2,1009.0,576.4652,0.05294118,1.0,77275280.000000
2,1009.0,576.0,0.03529412,1.0,77275288.000000
1,1009.0,576.0,0.03529412,1.0,77275296.000000
0,953.0,757.0,0.07058824,1.0,77325176.000000
2,953.0,757.0,0.0882353,1.0,77325200.000000
2,953.0,757.0,0.10588236,1.0,77325224.000000
2,953.0,757.0,0.10588236,1.0,77325248.000000
2,951.2758,741.86176,0.10588236,1.0,77325272.000000
2,952.274,706.15076,0.12352942,1.0,77325288.000000
2,954.81915,659.7018,0.10588236,1.0,77325304.000000
2,957.73395,629.0277,0.10588236,1.0,77325320.000000
2,961.8244,597.8438,0.12352942,1.0,77325344.000000
2,966.3775,572.5717,0.10588236,1.0,77325360.000000
2,971.01855,548.901,0.10588236,1.0,77325376.000000
2,978.2895,522.67975,0.10588236,1.0,77325392.000000
2,986.4572,499.7198,0.10588236,1.0,77325408.000000
2,992.92224,483.23322,0.10588236,1.0,77325424.000000
2,996.36926,471.70764,0.10588236,1.0,77325440.000000
2,1002.8398,449.6408,0.10588236,1.0,77325488.000000
2,1004.3783,443.48694,0.10588236,1.0,77325504.000000
2,1006.84766,436.38083,0.0882353,1.0,77325520.000000
2,1012.89374,427.15942,0.07058824,1.0,77325536.000000
2,1017.04645,413.791,0.07058824,1.0,77325560.000000
1,1017.04645,413.791,0.07058824,1.0,77325576.000000
0,915.0,875.0,0.07058824,1.0,77338000.000000
2,913.7678,868.83905,0.0882353,1.0,77338016.000000
2,910.1751,841.66327,0.10588236,1.0,77338040.000000
2,908.53925,806.402,0.10588236,1.0,77338056.000000
2,908.0,777.9914,0.10588236,1.0,77338072.000000
2,908.55005,753.19885,0.0882353,1.0,77338088.000000
2,910.094,727.40234,0.12352942,1.0,77338104.000000
2,913.9192,702.7643,0.12352942,1.0,77338128.000000
2,918.57416,674.3637,0.12352942,1.0,77338136.000000
2,924.2175,647.1733,0.12352942,1.0,77338160.000000
2,931.4128,623.76166,0.12352942,1.0,77338176.000000
2,940.8302,599.6739,0.12352942,1.0,77338184.000000
2,950.2404,575.0255,0.12352942,1.0,77338208.000000
2,959.52686,556.02515,0.12352942,1.0,77338224.000000
2,967.36743,535.84467,0.10588236,1.0,77338240.000000
2,976.10535,517.7893,0.10588236,1.0,77338256.000000
2,988.0,497.0,0.10588236,1.0,77338272.000000
2,1004.13855,470.1783,0.10588236,1.0,77338288.000000
2,1015.93634,444.78693,0.10588236,1.0,77338312.000000
2,1025.0769,418.3387,0.07058824,1.0,77338320.000000
1,1025.0769,418.3387,0.07058824,1.0,77338336.000000
0,235.0,826.0,0.03529412,1.0,77352952.000000
2,235.0,826.0,0.0882353,1.0,77352976.000000
2,235.0,826.0,0.0882353,1.0,77352992.000000
2,235.0,826.0,0.0882353,1.0,77353056.000000
1,235.0,826.0,0.0882353,1.0,77353072.000000
0,321.0,820.0,0.05294118,1.0,77428544.000000
2,321.0,820.0,0.10588236,1.0,77428576.000000
2,321.0,820.0,0.0882353,1.0,77428608.000000
2,316.67035,822.1648,0.0882353,1.0,77428624.000000
1,316.67035,822.1648,0.0882353,1.0,77428632.000000
0,868.0,1561.0,0.07058824,1.0,60091436.000000
2,868.0,1561.0,0.07058824,1.0,60091472.000000
2,868.0,1561.0,0.0882353,1.0,60091496.000000
2,868.0,1561.0,0.0882353,1.0,60091536.000000
2,869.01184,1557.9645,0.0882353,1.0,60091544.000000
2,870.55444,1551.2278,0.0882353,1.0,60091564.000000
2,873.20557,1541.2805,0.10588236,1.0,60091584.000000
2,875.6425,1532.1448,0.10588236,1.0,60091596.000000
2,877.188,1524.0599,0.0882353,1.0,60091616.000000
2,879.0,1513.43,0.0882353,1.0,60091664.000000
2,879.0,1508.6563,0.0882353,1.0,60091684.000000
2,879.0,1507.0845,0.0882353,1.0,60091700.000000
2,879.0,1505.5322,0.0882353,1.0,60091716.000000
2,879.0,1503.9967,0.0882353,1.0,60091736.000000
2,879.0,1502.45,0.0882353,1.0,60091748.000000
2,879.0,1500.9058,0.10588236,1.0,60091764.000000
2,879.0,1499.3575,0.10588236,1.0,60091800.000000
2,879.0,1496.4501,0.10588236,1.0,60091824.000000
2,879.0,1495.5,0.10588236,1.0,60091836.000000
2,879.0,1492.5,0.10588236,1.0,60091896.000000
2,879.0,1491.752,0.10588236,1.0,60091920.000000
2,879.0,1489.8915,0.10588236,1.0,60091956.000000
2,879.0,1488.3461,0.10588236,1.0,60091968.000000
2,879.0,1486.8011,0.10588236,1.0,60091984.000000
2,879.0,1485.6282,0.10588236,1.0,60092016.000000
2,879.0,1484.1643,0.10588236,1.0,60092040.000000
2,879.0,1482.6206,0.10588236,1.0,60092048.000000
2,879.0,1481.5,0.10588236,1.0,60092064.000000
2,879.0,1479.7069,0.10588236,1.0,60092200.000000
2,879.0,1478.1595,0.10588236,1.0,60092224.000000
2,879.0,1476.6143,0.10588236,1.0,60092240.000000
2,879.0,1475.0677,0.10588236,1.0,60092248.000000
2,879.0,1473.5236,0.10588236,1.0,60092272.000000
2,879.0,1472.0292,0.10588236,1.0,60092280.000000
2,879.0,1470.4326,0.10588236,1.0,60092296.000000
2,879.0,1468.889,0.10588236,1.0,60092320.000000
2,879.0,1468.0,0.10588236,1.0,60092336.000000
2,879.0,1468.0,0.10588236,1.0,60092344.000000
2,879.0,1467.2523,0.10588236,1.0,60092368.000000
2,879.0,1467.0,0.10588236,1.0,60092376.000000
2,879.0,1467.0,0.10588236,1.0,60092436.000000
2,879.0,1467.0,0.10588236,1.0,60092444.000000
2,879.0,1467.0,0.10588236,1.0,60092496.000000
2,879.0,1467.0,0.10588236,1.0,60092528.000000
2,879.0,1464.7041,0.10588236,1.0,60092572.000000
2,879.0,1463.1681,0.10588236,1.0,60092592.000000
2,879.0,1461.0349,0.10588236,1.0,60092624.000000
2,880.43414,1461.0,0.10588236,1.0,60092636.000000
2,880.0,1459.3367,0.10588236,1.0,60092700.000000
2,880.0,1457.7921,0.10588236,1.0,60092720.000000
2,880.0,1455.6951,0.10588236,1.0,60092756.000000
2,880.0,1454.1525,0.10588236,1.0,60092780.000000
2,880.0,1450.512,0.0882353,1.0,60092820.000000
2,880.0,1448.9652,0.0882353,1.0,60092832.000000
2,880.0,1448.4244,0.0882353,1.0,60092856.000000
2,880.0,1446.877,0.0882353,1.0,60092868.000000
2,880.0,1445.3262,0.0882353,1.0,60092880.000000
2,880.0,1444.5,0.0882353,1.0,60092896.000000
2,880.0,1442.6898,0.0882353,1.0,60092928.000000
2,880.0,1441.5,0.0882353,1.0,60092944.000000
2,881.19855,1440.8014,0.0882353,1.0,60092964.000000
2,882.0,1438.751,0.0882353,1.0,60093024.000000
2,882.0,1436.4171,0.0882353,1.0,60093040.000000
2,882.0,1434.8712,0.0882353,1.0,60093060.000000
2,882.0,1434.0,0.0882353,1.0,60093080.000000
2,882.0,1432.8904,0.0882353,1.0,60093096.000000
2,882.0,1431.6277,0.0882353,1.0,60093116.000000
2,882.0,1430.9857,0.0882353,1.0,60093208.000000
2,883.06714,1431.0,0.0882353,1.0,60093224.000000
2,883.0,1429.3235,0.0882353,1.0,60093248.000000
2,883.0,1427.771,0.0882353,1.0,60093264.000000
2,883.0,1427.2305,0.10588236,1.0,60093292.000000
2,883.0,1425.687,0.10588236,1.0,60093320.000000
2,883.0,1423.7969,0.10588236,1.0,60093348.000000
2,883.0,1421.5,0.10588236,1.0,60093364.000000
2,883.0,1419.9485,0.10588236,1.0,60093376.000000
2,883.0,1418.6271,0.10588236,1.0,60093408.000000
2,883.0,1417.3112,0.10588236,1.0,60093428.000000
2,883.0,1415.7672,0.10588236,1.0,60093448.000000
2,883.0,1414.5,0.10588236,1.0,60093464.000000
2,883.0,1413.6804,0.10588236,1.0,60093484.000000
2,883.0,1412.1355,0.10588236,1.0,60093504.000000
2,884.4006,1410.5995,0.10588236,1.0,60093520.000000
2,884.0,1409.7509,0.10588236,1.0,60093560.000000
2,884.0,1408.9257,0.10588236,1.0,60093664.000000
2,884.0,1407.1273,0.10588236,1.0,60093684.000000
2,884.0,1406.5819,0.10588236,1.0,60093696.000000
2,884.0,1406.0,0.10588236,1.0,60093712.000000
2,884.0,1404.5,0.10588236,1.0,60093732.000000
2,884.0,1403.8137,0.10588236,1.0,60093776.000000
2,884.0,1402.2158,0.10588236,1.0,60093836.000000
2,884.0,1400.6699,0.10588236,1.0,60093856.000000
2,885.0,1397.5718,0.10588236,1.0,60093880.000000
2,885.0,1396.028,0.10588236,1.0,60093896.000000
2,885.0,1394.4811,0.10588236,1.0,60093920.000000
2,885.0,1392.1932,0.10588236,1.0,60093944.000000
2,885.0,1390.8441,0.10588236,1.0,60093960.000000
2,885.0,1390.2938,0.10588236,1.0,60093976.000000
2,885.0,1389.5,0.10588236,1.0,60094004.000000
2,885.0,1388.1072,0.10588236,1.0,60094232.000000
2,885.0,1386.5579,0.10588236,1.0,60094240.000000
2,885.0,1385.0137,0.10588236,1.0,60094260.000000
2,885.0,1384.0,0.10588236,1.0,60094276.000000
2,885.0,1382.9193,0.0882353,1.0,60094296.000000
2,885.0,1381.6282,0.0882353,1.0,60094328.000000
2,885.0,1380.2836,0.0882353,1.0,60094344.000000
2,885.0,1378.7373,0.0882353,1.0,60094368.000000
2,885.0,1377.1915,0.0882353,1.0,60094376.000000
2,885.0,1375.6511,0.0882353,1.0,60094388.000000
2,885.0,1374.1017,0.0882353,1.0,60094408.000000
2,885.0,1372.5535,0.0882353,1.0,60094424.000000
2,885.0,1371.0107,0.0882353,1.0,60094440.000000
2,885.0,1369.5,0.0882353,1.0,60094456.000000
2,885.0,1367.9174,0.0882353,1.0,60094480.000000
2,885.0,1366.3745,0.0882353,1.0,60094512.000000
2,885.0,1364.1881,0.0882353,1.0,60094560.000000
2,885.0,1363.5,0.0882353,1.0,60094568.000000
2,885.0,1362.6293,0.0882353,1.0,60094592.000000
2,885.0,1361.7767,0.0882353,1.0,60094612.000000
1,885.0,1361.7767,0.0882353,1.0,60094712.000000
0,517.0,1221.0,0.03529412,1.0,62035708.000000
2,517.0,1221.0,0.0882353,1.0,62035740.000000
2,517.0,1221.0,0.0882353,1.0,62035788.000000
2,518.1116,1215.442,0.10588236,1.0,62035796.000000
2,522.31555,1197.966,0.10588236,1.0,62035816.000000
2,527.3299,1177.6805,0.07058824,1.0,62035836.000000
2,535.36646,1146.4075,0.07058824,1.0,62035856.000000
2,541.8804,1118.1263,0.0882353,1.0,62035872.000000
2,551.8281,1086.5845,0.0882353,1.0,62035892.000000
2,558.3933,1062.3414,0.10588236,1.0,62035908.000000
2,565.6527,1040.0419,0.0882353,1.0,62035924.000000
2,574.0895,1017.5852,0.0882353,1.0,62035952.000000
2,586.8986,983.02875,0.0882353,1.0,62035968.000000
2,591.8283,968.515,0.0882353,1.0,62035984.000000
2,595.6545,957.2094,0.0882353,1.0,62036000.000000
2,598.7454,947.76373,0.10588236,1.0,62036016.000000
2,600.92096,941.3163,0.10588236,1.0,62036036.000000
2,602.4735,936.57947,0.10588236,1.0,62036048.000000
2,604.01746,931.9476,0.10588236,1.0,62036072.000000
2,604.0,928.8562,0.10588236,1.0,62036088.000000
2,604.0,925.7604,0.10588236,1.0,62036100.000000
2,604.0,924.32715,0.10588236,1.0,62036120.000000
2,605.2221,921.5557,0.10588236,1.0,62036132.000000
2,606.7726,918.4549,0.0882353,1.0,62036148.000000
2,608.3282,915.3436,0.0882353,1.0,62036168.000000
2,608.873,912.25397,0.0882353,1.0,62036188.000000
2,610.43036,909.1393,0.0882353,1.0,62036200.000000
2,610.0,908.0196,0.0882353,1.0,62036220.000000
2,611.5,905.0,0.0882353,1.0,62036236.000000
2,612.0,902.9226,0.0882353,1.0,62036252.000000
2,613.6319,899.73615,0.0882353,1.0,62036268.000000
2,615.1776,896.4671,0.0882353,1.0,62036288.000000
2,616.7278,892.54443,0.0882353,1.0,62036304.000000
2,618.2761,888.1717,0.0882353,1.0,62036320.000000
2,621.66583,883.5013,0.0882353,1.0,62036336.000000
2,624.7568,877.48645,0.10588236,1.0,62036348.000000
2,629.77985,870.36694,0.10588236,1.0,62036372.000000
2,634.41534,862.6411,0.10588236,1.0,62036392.000000
2,638.0523,855.86914,0.0882353,1.0,62036408.000000
2,641.15765,848.10583,0.0882353,1.0,62036420.000000
2,644.25037,841.49927,0.0882353,1.0,62036432.000000
2,648.81195,833.9801,0.0882353,1.0,62036472.000000
2,656.0417,817.91656,0.0882353,1.0,62036488.000000
2,657.33105,814.0069,0.10588236,1.0,62036500.000000
2,658.8826,809.35205,0.10588236,1.0,62036516.000000
2,661.9895,803.021,0.10588236,1.0,62036556.000000
2,662.52905,799.94183,0.10588236,1.0,62036572.000000
2,663.0,797.9138,0.0882353,1.0,62036584.000000
2,663.0,796.36597,0.0882353,1.0,62036600.000000
2,664.1857,793.62854,0.0882353,1.0,62036616.000000
2,664.0,792.26086,0.0882353,1.0,62036636.000000
2,664.0,790.7154,0.0882353,1.0,62036648.000000
2,665.0,789.16187,0.10588236,1.0,62036668.000000
2,665.0,787.61597,0.0882353,1.0,62036680.000000
2,665.0,786.0624,0.0882353,1.0,62036696.000000
2,665.0,785.5,0.0882353,1.0,62036716.000000
2,665.0,786.0,0.0882353,1.0,62036876.000000
2,665.0,786.0,0.0882353,1.0,62036928.000000
2,665.0,786.0,0.0882353,1.0,62036968.000000
2,665.0,787.14923,0.0882353,1.0,62037000.000000
2,665.0,787.0,0.0882353,1.0,62037168.000000
2,665.0,787.0,0.07058824,1.0,62037176.000000
1,665.0,787.0,0.07058824,1.0,62037184.000000
0,840.0,1334.0,0.03529412,1.0,62067720.000000
2,840.0,1334.0,0.10588236,1.0,62067748.000000
2,840.0,1328.4869,0.10588236,1.0,62067776.000000
2,840.0,1312.809,0.10588236,1.0,62067796.000000
2,842.95557,1284.9221,0.10588236,1.0,62067824.000000
2,847.57806,1243.2195,0.12352942,1.0,62067860.000000
2,850.12585,1228.9932,0.12352942,1.0,62067876.000000
2,852.35144,1216.5942,0.12352942,1.0,62067892.000000
2,855.45557,1205.6333,0.12352942,1.0,62067912.000000
2,861.6569,1187.0292,0.12352942,1.0,62067932.000000
2,865.62646,1179.6226,0.12352942,1.0,62067952.000000
2,870.2835,1171.433,0.12352942,1.0,62067968.000000
2,873.96106,1162.1168,0.12352942,1.0,62067984.000000
2,877.0551,1153.3622,0.12352942,1.0,62068000.000000
2,879.0744,1145.7024,0.12352942,1.0,62068024.000000
2,880.62335,1140.13,0.12352942,1.0,62068040.000000
2,882.17377,1135.4786,0.12352942,1.0,62068060.000000
2,883.7241,1130.8276,0.12352942,1.0,62068076.000000
2,885.27405,1124.9038,0.12352942,1.0,62068092.000000
2,886.8244,1118.7024,0.12352942,1.0,62068124.000000
2,890.9296,1105.2814,0.10588236,1.0,62068136.000000
2,892.4749,1099.5753,0.10588236,1.0,62068148.000000
2,894.0262,1094.9215,0.12352942,1.0,62068168.000000
2,895.0,1090.8433,0.12352942,1.0,62068180.000000
2,895.0,1087.7424,0.12352942,1.0,62068200.000000
2,895.0,1086.3206,0.12352942,1.0,62068212.000000
2,895.0,1084.7716,0.12352942,1.0,62068236.000000
2,895.0,1082.4423,0.12352942,1.0,62068252.000000
2,895.0,1079.3379,0.12352942,1.0,62068264.000000
2,895.0,1076.244,0.10588236,1.0,62068280.000000
2,895.42786,1074.1443,0.10588236,1.0,62068320.000000
2,897.5,1068.0,0.10588236,1.0,62068328.000000
2,899.0774,1061.6903,0.10588236,1.0,62068348.000000
2,900.62445,1054.8779,0.10588236,1.0,62068368.000000
2,903.3476,1047.131,0.10588236,1.0,62068380.000000
2,905.725,1040.1002,0.0882353,1.0,62068416.000000
2,910.8272,1025.6913,0.12352942,1.0,62068444.000000
2,912.37225,1019.51105,0.12352942,1.0,62068464.000000
2,915.47626,1008.0949,0.12352942,1.0,62068480.000000
2,918.58325,998.2503,0.12352942,1.0,62068520.000000
2,920.1287,993.6138,0.12352942,1.0,62068528.000000
2,921.68036,988.95886,0.12352942,1.0,62068548.000000
2,922.0,985.5375,0.12352942,1.0,62068560.000000
2,922.0,982.44025,0.12352942,1.0,62068580.000000
2,923.3263,979.3475,0.12352942,1.0,62068596.000000
2,923.0,976.249,0.12352942,1.0,62068616.000000
2,923.0,974.68805,0.10588236,1.0,62068628.000000
2,923.0,973.0223,0.10588236,1.0,62068648.000000
2,923.0,971.5,0.10588236,1.0,62068664.000000
2,924.0779,969.9221,0.10588236,1.0,62068680.000000
2,926.0,967.3774,0.10588236,1.0,62068704.000000
2,927.2194,964.56116,0.07058824,1.0,62068712.000000
1,927.2194,964.56116,0.07058824,1.0,62068716.000000
0,491.0,1352.0,0.07058824,1.0,62083080.000000
2,491.0,1352.0,0.07058824,1.0,62083104.000000
2,491.0,1352.0,0.07058824,1.0,62083120.000000
2,491.0,1352.0,0.0882353,1.0,62083156.000000
2,491.0,1352.0,0.0882353,1.0,62083168.000000
2,491.0,1352.0,0.0882353,1.0,62083212.000000
2,491.0,1352.0,0.0882353,1.0,62083240.000000
2,491.0,1352.0,0.07058824,1.0,62083248.000000
2,491.0,1352.0,0.07058824,1.0,62083276.000000
1,491.0,1352.0,0.07058824,1.0,62083304.000000
0,976.0,896.0,0.07058824,1.0,62537632.000000
2,976.0,896.0,0.0882353,1.0,62537664.000000
2,969.87885,884.677,0.10588236,1.0,62537672.000000
2,966.40857,865.7201,0.10588236,1.0,62537692.000000
2,966.0,841.76404,0.10588236,1.0,62537712.000000
2,970.46826,798.80304,0.0882353,1.0,62537728.000000
2,979.45636,746.74744,0.0882353,1.0,62537744.000000
2,990.17017,700.394,0.10588236,1.0,62537760.000000
2,996.3851,666.72845,0.0882353,1.0,62537800.000000
2,1000.0,631.3965,0.07058824,1.0,62537816.000000
2,1002.0124,616.93805,0.05294118,1.0,62537824.000000
1,1002.0124,616.93805,0.05294118,1.0,62537832.000000
0,967.0,400.0,0.0882353,1.0,62540888.000000
2,967.0,400.0,0.0882353,1.0,62540924.000000
1,967.0,400.0,0.0882353,1.0,62540944.000000
0,919.0,749.0,0.0882353,1.0,52259964.000000
2,902.4328,778.08636,0.12352942,1.0,52259992.000000
2,864.0,1037.8903,0.12352942,1.0,52260164.000000
2,864.0,1052.6981,0.12352942,1.0,52260184.000000
2,864.0,1065.0,0.10588236,1.0,52260192.000000
2,864.0,1078.5682,0.10588236,1.0,52260208.000000
2,864.0,1093.0505,0.10588236,1.0,52260220.000000
2,864.0,1107.3048,0.12352942,1.0,52260244.000000
2,865.69855,1120.2867,0.12352942,1.0,52260264.000000
2,867.12897,1133.1606,0.0882353,1.0,52260276.000000
1,867.12897,1133.1606,0.0882353,1.0,52260292.000000
0,896.0,819.0,0.0882353,1.0,52551192.000000
2,896.0,819.0,0.07058824,1.0,52551196.000000
2,896.0,819.0,0.0882353,1.0,52551216.000000
2,896.0,805.4256,0.12352942,1.0,52551232.000000
2,907.2063,761.87714,0.10588236,1.0,52551248.000000
2,922.0558,721.0858,0.10588236,1.0,52551264.000000
2,933.003,692.99194,0.07058824,1.0,52551280.000000
1,933.003,692.99194,0.07058824,1.0,52551296.000000
0,800.0,743.0,0.03529412,1.0,52692052.000000
2,800.0,743.0,0.0882353,1.0,52692072.000000
2,797.8374,745.8835,0.10588236,1.0,52692084.000000
2,793.1865,755.89813,0.12352942,1.0,52692100.000000
2,788.55237,771.1588,0.12352942,1.0,52692112.000000
2,783.9192,787.9631,0.12352942,1.0,52692132.000000
2,779.25574,806.8918,0.12352942,1.0,52692152.000000
2,774.63007,828.39294,0.10588236,1.0,52692168.000000
2,770.9882,846.1179,0.10588236,1.0,52692192.000000
2,770.0,859.8816,0.10588236,1.0,52692204.000000
2,770.0,870.7191,0.0882353,1.0,52692220.000000
2,770.0,877.63416,0.0882353,1.0,52692236.000000
2,770.0,883.82904,0.10588236,1.0,52692252.000000
2,770.754,889.26215,0.10588236,1.0,52692264.000000
2,771.0,893.90497,0.10588236,1.0,52692284.000000
2,772.0,899.55225,0.10588236,1.0,52692304.000000
2,772.0,904.21,0.10588236,1.0,52692320.000000
2,772.0,905.9413,0.10588236,1.0,52692344.000000
2,772.6769,911.0,0.10588236,1.0,52692432.000000
2,773.0,911.0,0.10588236,1.0,52692448.000000
1,773.0,911.0,0.10588236,1.0,52692464.000000
0,915.0,730.0,0.05294118,1.0,52782764.000000
2,915.0,730.0,0.10588236,1.0,52782788.000000
2,915.0,730.0,0.10588236,1.0,52782808.000000
2,914.18134,733.27466,0.10588236,1.0,52782820.000000
2,912.25824,745.0798,0.0882353,1.0,52782840.000000
2,909.16376,765.77185,0.10588236,1.0,52782864.000000
2,903.05975,793.246,0.10588236,1.0,52782876.000000
2,897.94653,820.3207,0.10588236,1.0,52782892.000000
2,895.4358,841.3347,0.10588236,1.0,52782904.000000
2,895.0,858.05,0.10588236,1.0,52782924.000000
2,896.6643,871.979,0.0882353,1.0,52782940.000000
2,899.4202,884.68085,0.0882353,1.0,52782956.000000
2,900.75903,894.5541,0.10588236,1.0,52782976.000000
2,904.0,914.96735,0.10588236,1.0,52783044.000000
2,904.0,916.4991,0.10588236,1.0,52783056.000000
2,904.0,918.04596,0.10588236,1.0,52783072.000000
2,905.57996,921.1599,0.10588236,1.0,52783096.000000
2,907.1454,925.43616,0.10588236,1.0,52783116.000000
2,908.6928,930.07837,0.0882353,1.0,52783128.000000
2,910.24194,934.9679,0.0882353,1.0,52783144.000000
2,911.79315,941.17255,0.0882353,1.0,52783172.000000
2,914.8869,955.4346,0.0882353,1.0,52783192.000000
2,916.4295,964.5769,0.0882353,1.0,52783204.000000
2,919.9555,974.84424,0.10588236,1.0,52783220.000000
2,921.0,988.885,0.10588236,1.0,52783240.000000
2,919.91425,1005.9434,0.07058824,1.0,52783256.000000
1,919.91425,1005.9434,0.07058824,1.0,52783260.000000
0,931.0,1504.0,0.05294118,1.0,45245384.000000
2,931.0,1504.0,0.0882353,1.0,45245420.000000
2,931.0,1504.0,0.10588236,1.0,45245428.000000
2,928.3324,1497.3309,0.10588236,1.0,45245440.000000
2,926.121,1474.9359,0.10588236,1.0,45245460.000000
2,927.86707,1437.4277,0.12352942,1.0,45245484.000000
2,931.7251,1399.199,0.12352942,1.0,45245508.000000
2,937.57825,1367.0046,0.10588236,1.0,45245528.000000
2,950.5334,1317.1332,0.10588236,1.0,45245544.000000
2,955.52,1296.7465,0.10588236,1.0,45245560.000000
2,959.4597,1276.512,0.10588236,1.0,45245576.000000
2,962.54486,1255.4584,0.10588236,1.0,45245600.000000
2,966.47003,1235.2966,0.0882353,1.0,45245608.000000
2,971.118,1215.1554,0.10588236,1.0,45245628.000000
2,972.0,1200.7136,0.10588236,1.0,45245644.000000
2,973.0,1189.6744,0.0882353,1.0,45245664.000000
2,973.0,1182.9407,0.0882353,1.0,45245680.000000
2,973.0,1178.3195,0.0882353,1.0,45245704.000000
2,973.0,1173.6764,0.0882353,1.0,45245724.000000
2,973.0,1169.0386,0.0882353,1.0,45245760.000000
2,973.0,1153.3967,0.10588236,1.0,45245820.000000
2,973.0,1144.1332,0.10588236,1.0,45245832.000000
2,973.0,1141.0,0.10588236,1.0,45245844.000000
2,973.0,1139.9482,0.10588236,1.0,45245860.000000
2,973.0,1138.4028,0.10588236,1.0,45245876.000000
2,973.0,1136.8513,0.10588236,1.0,45245896.000000
2,973.0,1135.3043,0.10588236,1.0,45245912.000000
2,973.0,1133.7516,0.10588236,1.0,45245928.000000
2,973.0,1132.5,0.10588236,1.0,45245944.000000
2,973.0,1133.0,0.10588236,1.0,45246012.000000
2,973.0,1133.0,0.10588236,1.0,45246020.000000
2,973.0,1133.0,0.10588236,1.0,45246060.000000
2,973.0,1133.0,0.10588236,1.0,45246120.000000
2,973.0,1134.4664,0.10588236,1.0,45246176.000000
2,973.0,1135.5,0.10588236,1.0,45246192.000000
2,973.0,1136.6663,0.10588236,1.0,45246240.000000
2,973.0,1138.2101,0.10588236,1.0,45246264.000000
2,973.0,1139.5,0.10588236,1.0,45246276.000000
2,977.0,1145.5,0.10588236,1.0,45246576.000000
2,977.0,1146.1241,0.10588236,1.0,45246648.000000
2,977.0,1143.5876,0.10588236,1.0,45246840.000000
2,977.0,1143.0,0.10588236,1.0,45246856.000000
2,977.0,1143.0,0.10588236,1.0,45246872.000000
2,977.0,1142.0,0.10588236,1.0,45246920.000000
2,977.0,1142.0,0.10588236,1.0,45246944.000000
2,977.0,1142.0,0.10588236,1.0,45246952.000000
2,977.0,1142.0,0.10588236,1.0,45247024.000000
2,979.0478,1142.0,0.10588236,1.0,45247104.000000
2,982.4825,1142.0,0.10588236,1.0,45247124.000000
2,985.59534,1142.0,0.0882353,1.0,45247136.000000
1,985.59534,1142.0,0.0882353,1.0,45247148.000000
0,936.0,1524.0,0.03529412,1.0,45251296.000000
2,936.0,1520.8525,0.10588236,1.0,45251328.000000
2,936.0,1513.3217,0.0882353,1.0,45251344.000000
2,936.88684,1504.6791,0.12352942,1.0,45251356.000000
2,937.4364,1496.3816,0.12352942,1.0,45251376.000000
2,938.9948,1488.0258,0.12352942,1.0,45251400.000000
2,939.0,1480.5,0.12352942,1.0,45251408.000000
2,941.0774,1472.613,0.12352942,1.0,45251432.000000
2,941.6227,1466.5094,0.12352942,1.0,45251448.000000
2,942.0,1461.487,0.12352942,1.0,45251464.000000
2,942.0,1456.8485,0.10588236,1.0,45251480.000000
2,942.0,1453.7324,0.10588236,1.0,45251504.000000
2,942.0,1452.1818,0.10588236,1.0,45251512.000000
2,942.0,1450.637,0.10588236,1.0,45251544.000000
2,942.0,1445.9874,0.10588236,1.0,45251580.000000
2,942.0,1444.4414,0.10588236,1.0,45251600.000000
2,942.0,1443.5,0.10588236,1.0,45251608.000000
2,942.0,1442.7513,0.10588236,1.0,45251648.000000
2,942.0,1441.0591,0.10588236,1.0,45251744.000000
2,942.0,1437.9537,0.0882353,1.0,45251764.000000
2,942.0,1436.4086,0.0882353,1.0,45251776.000000
2,942.0,1434.857,0.0882353,1.0,45251792.000000
2,942.0,1433.3092,0.10588236,1.0,45251808.000000
2,942.0,1431.7637,0.10588236,1.0,45251828.000000
2,942.0,1430.2103,0.10588236,1.0,45251848.000000
2,942.0,1428.6614,0.10588236,1.0,45251864.000000
2,942.0,1427.857,0.10588236,1.0,45251896.000000
2,942.0,1426.0979,0.10588236,1.0,45252016.000000
2,942.0,1424.191,0.10588236,1.0,45252040.000000
2,942.0,1422.6302,0.10588236,1.0,45252048.000000
2,942.0,1421.0792,0.10588236,1.0,45252076.000000
2,942.0,1419.5322,0.10588236,1.0,45252088.000000
2,943.01465,1417.9854,0.10588236,1.0,45252104.000000
2,943.0,1416.4342,0.10588236,1.0,45252120.000000
2,943.1113,1414.8887,0.10588236,1.0,45252136.000000
2,944.6596,1413.3403,0.10588236,1.0,45252152.000000
2,945.20844,1411.7915,0.10588236,1.0,45252168.000000
2,946.0,1410.2438,0.10588236,1.0,45252188.000000
2,946.0,1408.6909,0.10588236,1.0,45252212.000000
2,948.0,1404.0441,0.10588236,1.0,45252248.000000
2,948.0,1402.5023,0.10588236,1.0,45252260.000000
2,948.0,1400.9569,0.10588236,1.0,45252288.000000
2,948.0,1399.4086,0.10588236,1.0,45252304.000000
2,949.0,1397.8673,0.10588236,1.0,45252324.000000
2,949.0,1396.314,0.10588236,1.0,45252336.000000
2,950.2153,1394.7848,0.10588236,1.0,45252352.000000
2,951.0,1393.2097,0.10588236,1.0,45252372.000000
2,952.0,1391.6614,0.10588236,1.0,45252388.000000
2,952.0,1388.5669,0.10588236,1.0,45252412.000000
2,952.9834,1387.0166,0.10588236,1.0,45252432.000000
2,954.42645,1385.5736,0.0882353,1.0,45252440.000000
2,956.0833,1383.9166,0.0882353,1.0,45252456.000000
2,957.0,1382.3319,0.0882353,1.0,45252484.000000
2,957.0,1380.8285,0.0882353,1.0,45252500.000000
2,957.0,1379.2787,0.0882353,1.0,45252512.000000
2,957.0,1378.5,0.0882353,1.0,45252528.000000
2,958.6624,1379.0,0.0882353,1.0,45252656.000000
2,960.21826,1377.7817,0.0882353,1.0,45252676.000000
1,960.21826,1377.7817,0.0882353,1.0,45252692.000000
0,750.0,1322.0,0.05294118,1.0,45374656.000000
2,750.0,1322.0,0.07058824,1.0,45374676.000000
2,749.2403,1315.2015,0.07058824,1.0,45374696.000000
2,747.6889,1307.4445,0.0882353,1.0,45374708.000000
2,748.8581,1299.7096,0.0882353,1.0,45374728.000000
2,750.4028,1287.778,0.10588236,1.0,45374748.000000
2,751.947,1270.6359,0.10588236,1.0,45374764.000000
2,753.4991,1255.5083,0.10588236,1.0,45374784.000000
2,755.049,1244.706,0.0882353,1.0,45374808.000000
2,756.59595,1237.0203,0.0882353,1.0,45374820.000000
2,757.0,1229.2546,0.0882353,1.0,45374828.000000
2,757.0,1222.2218,0.10588236,1.0,45374848.000000
2,757.0,1217.2528,0.10588236,1.0,45374872.000000
2,757.0,1214.4081,0.10588236,1.0,45374888.000000
2,757.0,1212.7313,0.10588236,1.0,45374904.000000
2,757.0,1211.1077,0.10588236,1.0,45374920.000000
2,757.0,1208.562,0.10588236,1.0,45374932.000000
2,757.0,1207.008,0.10588236,1.0,45374956.000000
2,757.0,1202.3539,0.10588236,1.0,45375008.000000
2,757.0,1200.8114,0.10588236,1.0,45375016.000000
2,757.0,1199.2637,0.10588236,1.0,45375040.000000
2,757.0,1197.4371,0.10588236,1.0,45375056.000000
2,757.0,1194.3333,0.10588236,1.0,45375072.000000
2,757.0,1190.232,0.10588236,1.0,45375088.000000
2,757.0,1187.1407,0.10588236,1.0,45375104.000000
2,757.0,1185.5181,0.0882353,1.0,45375120.000000
2,757.0,1183.9685,0.0882353,1.0,45375140.000000
2,756.0,1179.3206,0.0882353,1.0,45375192.000000
2,756.0,1177.7764,0.0882353,1.0,45375224.000000
2,755.0,1174.6737,0.0882353,1.0,45375240.000000
2,755.0,1173.127,0.0882353,1.0,45375256.000000
2,755.0,1172.5,0.0882353,1.0,45375268.000000
2,755.0,1170.5,0.0882353,1.0,45375292.000000
2,755.0,1168.9342,0.0882353,1.0,45375312.000000
2,755.0,1167.387,0.0882353,1.0,45375336.000000
2,755.0,1165.8352,0.0882353,1.0,45375368.000000
2,755.0,1162.7402,0.0882353,1.0,45375400.000000
2,755.0,1158.0837,0.0882353,1.0,45375432.000000
2,755.0,1156.5424,0.0882353,1.0,45375448.000000
2,755.0,1154.991,0.10588236,1.0,45375456.000000
2,755.0,1153.444,0.10588236,1.0,45375476.000000
2,755.0,1151.8972,0.10588236,1.0,45375496.000000
2,755.0,1150.3462,0.10588236,1.0,45375508.000000
2,755.0,1148.7977,0.10588236,1.0,45375540.000000
2,755.0,1147.2473,0.10588236,1.0,45375552.000000
2,755.0,1146.5,0.10588236,1.0,45375556.000000
2,758.0,1127.2012,0.10588236,1.0,45375728.000000
2,758.0,1125.7184,0.10588236,1.0,45375740.000000
2,758.0,1122.2098,0.10588236,1.0,45375760.000000
2,758.0,1120.5563,0.10588236,1.0,45375776.000000
2,758.0,1119.0079,0.10588236,1.0,45375792.000000
2,758.0,1117.4584,0.10588236,1.0,45375808.000000
2,758.0,1115.9114,0.10588236,1.0,45375828.000000
2,758.0,1114.366,0.0882353,1.0,45375840.000000
2,758.0,1112.8142,0.0882353,1.0,45375860.000000
2,758.0,1111.2666,0.0882353,1.0,45375884.000000
2,758.0,1109.7218,0.0882353,1.0,45375892.000000
2,758.0,1108.1671,0.0882353,1.0,45375908.000000
2,758.0,1106.6149,0.0882353,1.0,45375928.000000
2,758.0,1105.0676,0.0882353,1.0,45375940.000000
2,758.0,1103.5223,0.0882353,1.0,45375956.000000
2,758.0,1101.9711,0.0882353,1.0,45375976.000000
2,758.0,1100.4257,0.0882353,1.0,45375992.000000
2,758.0,1098.871,0.0882353,1.0,45376008.000000
2,758.0,1097.3234,0.0882353,1.0,45376028.000000
2,758.0,1095.7744,0.0882353,1.0,45376048.000000
2,758.0,1094.2217,0.0882353,1.0,45376072.000000
2,757.0,1092.6699,0.0882353,1.0,45376080.000000
2,757.0,1091.127,0.0882353,1.0,45376088.000000
2,757.0,1089.5751,0.0882353,1.0,45376108.000000
2,757.0,1088.0251,0.0882353,1.0,45376128.000000
2,757.0,1084.9619,0.10588236,1.0,45376152.000000
2,757.0,1081.3837,0.10588236,1.0,45376176.000000
2,758.1725,1079.8275,0.10588236,1.0,45376192.000000
2,758.0,1078.2832,0.10588236,1.0,45376208.000000
2,758.0,1076.7303,0.10588236,1.0,45376228.000000
2,758.0,1075.1824,0.10588236,1.0,45376248.000000
2,758.0,1074.5,0.10588236,1.0,45376256.000000
2,758.0,1073.6282,0.10588236,1.0,45376272.000000
2,758.0,1072.1688,0.10588236,1.0,45376376.000000
2,758.0,1071.0,0.10588236,1.0,45376388.000000
2,758.0,1067.5784,0.10588236,1.0,45376444.000000
2,758.0,1066.0419,0.10588236,1.0,45376460.000000
2,758.0,1064.5,0.10588236,1.0,45376476.000000
2,758.0,1062.9366,0.10588236,1.0,45376488.000000
2,758.0,1061.3921,0.10588236,1.0,45376508.000000
2,758.0,1059.8462,0.10588236,1.0,45376528.000000
2,758.0,1058.5,0.10588236,1.0,45376536.000000
2,758.0,1057.1864,0.10588236,1.0,45376572.000000
2,758.0,1055.6444,0.10588236,1.0,45376600.000000
2,758.0,1056.0,0.10588236,1.0,45376608.000000
2,758.0,1056.0,0.10588236,1.0,45376636.000000
2,758.0,1054.4465,0.10588236,1.0,45376656.000000
2,758.0,1052.8912,0.0882353,1.0,45376672.000000
1,758.0,1052.8912,0.0882353,1.0,45376680.000000
0,717.0,1471.0,0.05294118,1.0,45383820.000000
2,717.0,1471.0,0.10588236,1.0,45383856.000000
2,717.0,1471.0,0.10588236,1.0,45383876.000000
2,717.0,1471.0,0.10588236,1.0,45383884.000000
2,717.0,1471.0,0.10588236,1.0,45383916.000000
2,715.0,1459.7936,0.10588236,1.0,45383956.000000
2,715.0,1452.7384,0.12352942,1.0,45383964.000000
2,715.0,1445.0143,0.10588236,1.0,45383984.000000
2,715.0,1438.2133,0.12352942,1.0,45384004.000000
2,715.0,1432.0038,0.12352942,1.0,45384016.000000
2,716.04596,1426.862,0.12352942,1.0,45384036.000000
2,716.0,1421.6276,0.12352942,1.0,45384064.000000
2,717.0,1415.2871,0.12352942,1.0,45384084.000000
2,722.3492,1383.6033,0.10588236,1.0,45384136.000000
2,722.0,1380.2262,0.10588236,1.0,45384156.000000
2,722.0,1377.1296,0.10588236,1.0,45384168.000000
2,722.0,1376.0109,0.10588236,1.0,45384184.000000
2,722.0,1374.4655,0.10588236,1.0,45384204.000000
2,722.0,1372.9141,0.10588236,1.0,45384220.000000
2,722.0,1371.3649,0.10588236,1.0,45384236.000000
2,722.0,1369.8137,0.10588236,1.0,45384256.000000
2,722.0,1369.0,0.10588236,1.0,45384292.000000
2,722.0,1367.9069,0.10588236,1.0,45384372.000000
2,722.0,1368.0,0.10588236,1.0,45384384.000000
2,722.0,1368.0,0.10588236,1.0,45384400.000000
2,722.0,1365.865,0.10588236,1.0,45384436.000000
2,722.0,1364.2255,0.10588236,1.0,45384464.000000
2,722.0,1362.682,0.12352942,1.0,45384476.000000
2,722.0,1361.1304,0.12352942,1.0,45384496.000000
2,722.0,1359.5779,0.12352942,1.0,45384512.000000
2,722.0,1358.028,0.12352942,1.0,45384540.000000
2,722.0,1353.3741,0.12352942,1.0,45384568.000000
2,722.0,1351.8286,0.12352942,1.0,45384588.000000
2,722.0,1350.2808,0.12352942,1.0,45384600.000000
2,722.0,1348.7289,0.12352942,1.0,45384620.000000
2,722.0,1347.1814,0.12352942,1.0,45384640.000000
2,722.0,1345.6301,0.12352942,1.0,45384656.000000
2,722.0,1344.0792,0.12352942,1.0,45384668.000000
2,722.0,1342.5308,0.12352942,1.0,45384684.000000
2,722.0,1340.9854,0.12352942,1.0,45384700.000000
2,722.0,1337.8627,0.12352942,1.0,45384716.000000
2,722.0,1334.7716,0.12352942,1.0,45384736.000000
2,722.0,1331.6694,0.12352942,1.0,45384748.000000
2,722.0,1329.7864,0.12352942,1.0,45384768.000000
2,722.0,1328.2374,0.12352942,1.0,45384792.000000
2,722.0,1326.687,0.12352942,1.0,45384804.000000
2,722.0,1325.1362,0.12352942,1.0,45384816.000000
2,722.0,1323.5945,0.12352942,1.0,45384836.000000
2,722.0,1322.0393,0.12352942,1.0,45384848.000000
2,722.0,1320.5,0.12352942,1.0,45384864.000000
2,722.0,1319.9713,0.12352942,1.0,45384888.000000
2,722.0,1318.3916,0.12352942,1.0,45384900.000000
2,722.0,1316.8464,0.10588236,1.0,45384916.000000
2,722.0,1315.2921,0.10588236,1.0,45384936.000000
2,722.0,1313.7438,0.12352942,1.0,45384948.000000
2,722.0,1312.1956,0.12352942,1.0,45384968.000000
2,722.0,1310.65,0.10588236,1.0,45384984.000000
2,722.0,1309.0992,0.10588236,1.0,45385000.000000
2,722.0,1306.0847,0.10588236,1.0,45385016.000000
2,722.0,1302.9989,0.10588236,1.0,45385036.000000
2,722.0,1301.4484,0.10588236,1.0,45385048.000000
2,722.0,1298.8,0.10588236,1.0,45385064.000000
2,722.0,1297.3553,0.10588236,1.0,45385088.000000
2,722.0,1295.799,0.12352942,1.0,45385100.000000
2,722.0,1294.251,0.12352942,1.0,45385116.000000
2,722.0,1292.7013,0.12352942,1.0,45385136.000000
2,722.0,1290.3058,0.12352942,1.0,45385164.000000
2,722.0,1287.2092,0.12352942,1.0,45385184.000000
2,723.0,1279.5115,0.12352942,1.0,45385200.000000
2,723.0,1274.8616,0.12352942,1.0,45385216.000000
2,723.0,1270.8114,0.12352942,1.0,45385240.000000
2,723.0,1267.7084,0.12352942,1.0,45385252.000000
2,723.0,1264.6127,0.12352942,1.0,45385272.000000
2,723.0,1261.509,0.12352942,1.0,45385284.000000
2,723.0,1258.4182,0.12352942,1.0,45385296.000000
2,723.0,1255.3134,0.12352942,1.0,45385320.000000
2,723.0,1252.2155,0.12352942,1.0,45385344.000000
2,724.0,1249.1233,0.10588236,1.0,45385356.000000
2,724.0,1247.0138,0.10588236,1.0,45385372.000000
2,724.0,1245.5,0.10588236,1.0,45385384.000000
2,725.08575,1241.8285,0.10588236,1.0,45385400.000000
2,725.0,1238.7496,0.10588236,1.0,45385420.000000
2,725.0,1236.8125,0.10588236,1.0,45385440.000000
2,725.0,1234.5288,0.10588236,1.0,45385452.000000
2,725.0,1231.4366,0.10588236,1.0,45385464.000000
2,725.831,1228.338,0.10588236,1.0,45385484.000000
2,727.38055,1223.8584,0.12352942,1.0,45385504.000000
2,728.9465,1219.1605,0.12352942,1.0,45385528.000000
2,729.48065,1215.5581,0.12352942,1.0,45385540.000000
2,730.0,1211.9423,0.12352942,1.0,45385560.000000
2,730.0,1208.8398,0.12352942,1.0,45385580.000000
2,730.0,1202.625,0.12352942,1.0,45385600.000000
2,730.0,1200.773,0.12352942,1.0,45385616.000000
2,730.0,1198.2211,0.12352942,1.0,45385628.000000
2,730.0,1196.6691,0.12352942,1.0,45385648.000000
2,730.0,1195.1245,0.12352942,1.0,45385680.000000
2,730.0,1193.5701,0.12352942,1.0,45385696.000000
2,730.0,1190.5,0.12352942,1.0,45385716.000000
2,730.0,1187.8517,0.12352942,1.0,45385736.000000
2,730.0,1186.3738,0.12352942,1.0,45385760.000000
2,730.0,1184.836,0.12352942,1.0,45385768.000000
2,730.0,1183.273,0.12352942,1.0,45385792.000000
2,730.0,1181.726,0.10588236,1.0,45385808.000000
2,730.0,1180.1761,0.10588236,1.0,45385824.000000
2,730.0,1178.6273,0.10588236,1.0,45385844.000000
2,730.0,1177.0791,0.10588236,1.0,45385864.000000
2,730.0,1174.5,0.10588236,1.0,45385888.000000
2,730.0,1173.7515,0.10588236,1.0,45385916.000000
2,730.0,1172.5807,0.10588236,1.0,45386016.000000
2,730.0,1171.0308,0.10588236,1.0,45386032.000000
2,730.0,1169.4838,0.10588236,1.0,45386056.000000
2,730.0,1168.5,0.10588236,1.0,45386060.000000
2,730.0,1168.0,0.10588236,1.0,45386080.000000
2,730.0,1168.0,0.07058824,1.0,45386096.000000
1,730.0,1168.0,0.07058824,1.0,45386144.000000
0,566.0,667.0,0.07058824,1.0,45466368.000000
2,566.0,667.0,0.12352942,1.0,45466404.000000
2,566.0,667.0,0.12352942,1.0,45466416.000000
2,566.0,667.0,0.12352942,1.0,45466448.000000
2,560.35895,669.3205,0.10588236,1.0,45466476.000000
1,560.35895,669.3205,0.10588236,1.0,45466484.000000
0,941.0,806.0,0.03529412,1.0,45487452.000000
2,941.0,806.0,0.10588236,1.0,45487476.000000
2,941.0,806.0,0.12352942,1.0,45487516.000000
2,943.1152,806.0,0.12352942,1.0,45487536.000000
2,961.6938,804.1866,0.10588236,1.0,45487560.000000
2,972.50916,802.64154,0.10588236,1.0,45487588.000000
2,983.3652,801.0907,0.10588236,1.0,45487596.000000
2,990.8367,801.0,0.10588236,1.0,45487632.000000
2,1003.2471,801.0,0.07058824,1.0,45487664.000000
2,1011.3286,802.6643,0.07058824,1.0,45487680.000000
2,1015.76855,805.76855,0.07058824,1.0,45487716.000000
2,1017.3734,807.3734,0.07058824,1.0,45487744.000000
1,1017.3734,807.3734,0.07058824,1.0,45487848.000000
0,961.0,779.0,0.07058824,1.0,45998776.000000
2,961.0,779.0,0.05294118,1.0,45998796.000000
2,961.0,772.27136,0.0882353,1.0,45998820.000000
2,959.5195,764.5973,0.0882353,1.0,45998828.000000
2,958.9739,757.89545,0.0882353,1.0,45998844.000000
2,958.0,753.25494,0.10588236,1.0,45998864.000000
2,958.0,749.7376,0.12352942,1.0,45998880.000000
2,956.0,738.3785,0.12352942,1.0,45998916.000000
2,957.5578,725.99,0.12352942,1.0,45998936.000000
2,960.64874,710.7563,0.10588236,1.0,45998952.000000
2,968.53357,696.0495,0.0882353,1.0,45998968.000000
2,974.66956,680.82605,0.0882353,1.0,45998980.000000
2,977.9612,669.13586,0.10588236,1.0,45999000.000000
2,980.53174,659.3412,0.10588236,1.0,45999016.000000
2,982.0801,651.59955,0.10588236,1.0,45999032.000000
2,982.0,645.50073,0.10588236,1.0,45999056.000000
2,980.71875,633.43744,0.10588236,1.0,45999112.000000
2,979.1733,630.3466,0.10588236,1.0,45999124.000000
2,977.6217,627.2434,0.10588236,1.0,45999144.000000
2,976.0788,624.1576,0.10588236,1.0,45999160.000000
2,976.0,621.0388,0.10588236,1.0,45999176.000000
2,976.0,618.97394,0.10588236,1.0,45999192.000000
2,976.0,617.4236,0.10588236,1.0,45999208.000000
2,977.13116,614.7377,0.10588236,1.0,45999224.000000
2,978.6785,611.6429,0.10588236,1.0,45999240.000000
2,980.22906,608.5419,0.10588236,1.0,45999260.000000
2,983.33136,602.3373,0.10588236,1.0,45999288.000000
2,984.0,600.122,0.10588236,1.0,45999300.000000
2,985.0,597.1361,0.10588236,1.0,45999320.000000
2,985.0,595.01935,0.10588236,1.0,45999328.000000
2,986.5,593.5,0.10588236,1.0,45999344.000000
2,986.0,590.83984,0.10588236,1.0,45999372.000000
2,986.0,589.36884,0.10588236,1.0,45999400.000000
2,986.0,586.2694,0.10588236,1.0,45999420.000000
2,986.0,584.7166,0.10588236,1.0,45999428.000000
2,986.0,583.1671,0.10588236,1.0,45999456.000000
2,986.0,581.6109,0.10588236,1.0,45999468.000000
2,986.0,582.0,0.10588236,1.0,45999660.000000
2,987.2659,582.0,0.10588236,1.0,45999708.000000
2,988.0,582.0,0.10588236,1.0,45999728.000000
1,988.0,582.0,0.10588236,1.0,45999736.000000
0,187.0,857.0,0.05294118,1.0,44018844.000000
2,187.0,857.0,0.10588236,1.0,44018872.000000
2,188.19418,860.5825,0.12352942,1.0,44018896.000000
2,189.0,866.97095,0.12352942,1.0,44018904.000000
2,190.29109,874.4555,0.10588236,1.0,44018920.000000
2,190.0,883.1951,0.0882353,1.0,44018940.000000
2,190.0,892.3446,0.10588236,1.0,44018952.000000
2,190.0,901.628,0.10588236,1.0,44018972.000000
2,190.0,909.4312,0.10588236,1.0,44018996.000000
2,190.0,917.1725,0.10588236,1.0,44019008.000000
2,190.0,922.75366,0.10588236,1.0,44019024.000000
2,190.0,926.2624,0.0882353,1.0,44019040.000000
2,190.0,928.67377,0.0882353,1.0,44019060.000000
2,190.0,930.2193,0.0882353,1.0,44019084.000000
2,190.0,931.5,0.0882353,1.0,44019104.000000
2,190.0,932.0063,0.0882353,1.0,44019192.000000
2,190.0,932.0,0.0882353,1.0,44019300.000000
2,191.20338,937.4068,0.05294118,1.0,44019408.000000
1,191.20338,937.4068,0.05294118,1.0,44019432.000000
0,555.0,1424.0,0.07058824,1.0,44032128.000000
2,555.0,1424.0,0.0882353,1.0,44032152.000000
2,555.0,1424.0,0.10588236,1.0,44032164.000000
2,555.0,1424.0,0.10588236,1.0,44032184.000000
2,552.8854,1419.7708,0.12352942,1.0,44032204.000000
2,549.8047,1410.8165,0.12352942,1.0,44032224.000000
2,546.70355,1399.9625,0.12352942,1.0,44032236.000000
2,545.3074,1390.8444,0.12352942,1.0,44032252.000000
2,543.7672,1382.836,0.10588236,1.0,44032264.000000
2,542.20917,1376.8365,0.10588236,1.0,44032288.000000
2,540.65955,1372.3191,0.12352942,1.0,44032316.000000
2,539.11597,1369.2319,0.12352942,1.0,44032328.000000
2,537.56775,1367.5677,0.12352942,1.0,44032348.000000
2,536.0194,1366.0194,0.12352942,1.0,44032364.000000
2,536.0,1364.4711,0.12352942,1.0,44032388.000000
2,536.0,1361.3712,0.12352942,1.0,44032408.000000
2,536.0,1359.8291,0.12352942,1.0,44032420.000000
2,536.0,1358.2832,0.12352942,1.0,44032436.000000
2,536.0,1356.7361,0.12352942,1.0,44032456.000000
2,536.0,1355.8784,0.12352942,1.0,44032488.000000
2,536.0,1354.0875,0.12352942,1.0,44032504.000000
2,536.0,1352.5294,0.12352942,1.0,44032520.000000
2,533.991,1350.991,0.12352942,1.0,44032540.000000
2,533.0,1349.4436,0.12352942,1.0,44032564.000000
2,533.0,1347.8915,0.12352942,1.0,44032576.000000
2,533.0,1346.3451,0.12352942,1.0,44032596.000000
2,533.0,1344.7977,0.12352942,1.0,44032616.000000
2,532.24805,1343.248,0.12352942,1.0,44032632.000000
2,530.69836,1341.6984,0.12352942,1.0,44032648.000000
2,530.0,1340.15,0.12352942,1.0,44032664.000000
2,530.0,1338.6085,0.12352942,1.0,44032680.000000
2,529.06464,1337.0647,0.12352942,1.0,44032696.000000
2,528.50946,1336.0,0.12352942,1.0,44032712.000000
2,527.4805,1336.0,0.12352942,1.0,44032724.000000
2,526.62714,1336.0,0.12352942,1.0,44032752.000000
2,527.0,1334.9503,0.12352942,1.0,44032904.000000
2,525.62714,1335.0,0.12352942,1.0,44032952.000000
2,526.0,1333.9475,0.12352942,1.0,44032968.000000
2,525.0,1332.1893,0.12352942,1.0,44032984.000000
2,525.0,1330.6387,0.12352942,1.0,44033008.000000
2,524.09296,1329.093,0.12352942,1.0,44033016.000000
2,523.5,1328.5,0.12352942,1.0,44033032.000000
2,523.0,1329.0,0.12352942,1.0,44033084.000000
2,523.0,1329.0,0.12352942,1.0,44033104.000000
2,523.0,1329.0,0.12352942,1.0,44033112.000000
2,523.0,1327.9547,0.12352942,1.0,44033292.000000
2,523.0,1327.0,0.12352942,1.0,44033320.000000
2,523.0,1327.0,0.12352942,1.0,44033336.000000
2,523.0,1325.6277,0.12352942,1.0,44033356.000000
2,523.0,1326.0,0.12352942,1.0,44033396.000000
2,523.0,1325.3881,0.12352942,1.0,44033436.000000
2,521.8376,1323.8376,0.12352942,1.0,44033460.000000
2,522.0,1322.6271,0.12352942,1.0,44033488.000000
2,522.0,1323.0,0.12352942,1.0,44033600.000000
2,522.0,1323.0,0.12352942,1.0,44033632.000000
2,522.0,1323.0,0.12352942,1.0,44033664.000000
2,522.0,1321.871,0.12352942,1.0,44033700.000000
2,522.0,1322.0,0.12352942,1.0,44033712.000000
2,522.0,1322.0,0.12352942,1.0,44033728.000000
2,522.0,1320.8342,0.12352942,1.0,44033788.000000
2,521.0,1320.0,0.12352942,1.0,44033832.000000
2,521.0,1320.0,0.10588236,1.0,44033848.000000
2,521.0,1320.0,0.10588236,1.0,44033888.000000
2,521.0,1320.0,0.12352942,1.0,44033896.000000
2,521.0,1320.0,0.12352942,1.0,44033916.000000
2,521.0,1320.0,0.12352942,1.0,44033928.000000
2,521.0,1320.0,0.10588236,1.0,44033944.000000
2,521.0,1320.0,0.10588236,1.0,44033996.000000
2,521.0,1320.0,0.12352942,1.0,44034016.000000
2,521.0,1320.0,0.10588236,1.0,44034024.000000
2,521.0,1320.0,0.12352942,1.0,44034068.000000
2,521.0,1320.0,0.10588236,1.0,44034076.000000
2,521.0,1318.7517,0.10588236,1.0,44034120.000000
2,520.0,1317.2616,0.10588236,1.0,44034168.000000
2,520.0,1316.5,0.10588236,1.0,44034188.000000
2,519.0,1315.8717,0.10588236,1.0,44034308.000000
2,519.0,1314.3224,0.10588236,1.0,44034336.000000
2,518.0,1312.5,0.10588236,1.0,44034352.000000
2,518.0,1311.8376,0.10588236,1.0,44034372.000000
2,518.0,1312.0,0.10588236,1.0,44034568.000000
2,518.0,1310.3639,0.10588236,1.0,44034660.000000
2,518.0,1308.8142,0.10588236,1.0,44034684.000000
2,516.7515,1309.0,0.10588236,1.0,44034728.000000
2,515.42,1307.4199,0.10588236,1.0,44034800.000000
2,515.0,1305.8967,0.0882353,1.0,44034816.000000
2,514.0,1304.3271,0.0882353,1.0,44034832.000000
2,512.77795,1302.778,0.0882353,1.0,44034848.000000
2,513.0,1299.6912,0.0882353,1.0,44034880.000000
2,510.59723,1297.5972,0.0882353,1.0,44034912.000000
2,511.0,1296.6399,0.0882353,1.0,44034936.000000
2,510.51135,1295.5114,0.0882353,1.0,44034952.000000
2,508.94586,1293.9459,0.0882353,1.0,44034968.000000
2,507.3972,1292.3972,0.0882353,1.0,44034988.000000
2,507.0,1290.8457,0.0882353,1.0,44035000.000000
2,506.29666,1289.2966,0.10588236,1.0,44035012.000000
2,506.0,1287.7566,0.10588236,1.0,44035032.000000
2,506.0,1286.1967,0.10588236,1.0,44035056.000000
2,506.0,1285.5,0.10588236,1.0,44035068.000000
2,506.0,1284.9456,0.10588236,1.0,44035168.000000
2,506.0,1283.9255,0.10588236,1.0,44035184.000000
2,505.26657,1282.2666,0.10588236,1.0,44035200.000000
2,504.71698,1281.0,0.10588236,1.0,44035216.000000
2,503.5,1281.0,0.10588236,1.0,44035240.000000
2,504.0,1279.8757,0.10588236,1.0,44035296.000000
2,503.0,1273.0295,0.10588236,1.0,44035448.000000
2,501.5,1271.5,0.10588236,1.0,44035464.000000
2,502.0,1270.5,0.10588236,1.0,44035480.000000
2,500.9068,1271.0,0.10588236,1.0,44035556.000000
2,501.0,1268.9109,0.10588236,1.0,44035664.000000
2,499.36417,1267.3641,0.10588236,1.0,44035680.000000
2,499.0,1265.815,0.10588236,1.0,44035700.000000
2,499.0,1264.2715,0.10588236,1.0,44035724.000000
2,499.0,1264.0,0.10588236,1.0,44035728.000000
2,499.0,1264.0,0.10588236,1.0,44035748.000000
2,499.0,1264.0,0.10588236,1.0,44035768.000000
2,499.0,1264.0,0.10588236,1.0,44035828.000000
2,499.0,1264.0,0.10588236,1.0,44035844.000000
2,499.0,1264.0,0.10588236,1.0,44035856.000000
2,499.0,1264.0,0.10588236,1.0,44035876.000000
2,499.0,1264.0,0.10588236,1.0,44035892.000000
2,497.86447,1262.8645,0.10588236,1.0,44035920.000000
2,498.0,1260.5,0.10588236,1.0,44035944.000000
2,497.0,1259.5,0.10588236,1.0,44035980.000000
2,497.0,1260.0,0.10588236,1.0,44035988.000000
2,497.0,1260.0,0.10588236,1.0,44036008.000000
2,497.0,1260.0,0.10588236,1.0,44036156.000000
2,495.9114,1260.0,0.10588236,1.0,44036176.000000
2,496.0,1260.0,0.10588236,1.0,44036208.000000
2,496.0,1259.0,0.10588236,1.0,44036248.000000
2,496.0,1257.6271,0.10588236,1.0,44036280.000000
2,494.85098,1258.0,0.10588236,1.0,44036340.000000
2,493.96945,1258.0,0.10588236,1.0,44036388.000000
2,494.0,1255.9512,0.10588236,1.0,44036512.000000
2,492.8473,1252.8473,0.10588236,1.0,44036552.000000
2,492.0,1251.2977,0.10588236,1.0,44036564.000000
2,490.5,1249.5,0.10588236,1.0,44036616.000000
2,490.0,1248.5911,0.10588236,1.0,44036696.000000
2,489.35666,1247.3567,0.10588236,1.0,44036712.000000
2,488.0,1244.2527,0.0882353,1.0,44036752.000000
2,488.0,1242.7106,0.0882353,1.0,44036776.000000
2,488.0,1240.8094,0.0882353,1.0,44036800.000000
2,486.81357,1241.0,0.0882353,1.0,44036848.000000
2,487.0,1239.3337,0.0882353,1.0,44036888.000000
2,487.0,1237.7823,0.0882353,1.0,44036908.000000
2,487.0,1236.2318,0.0882353,1.0,44036920.000000
2,485.68323,1236.0,0.0882353,1.0,44036936.000000
2,485.0,1234.133,0.0882353,1.0,44036960.000000
2,483.58878,1232.5887,0.0882353,1.0,44036972.000000
2,484.0,1231.042,0.0882353,1.0,44036988.000000
2,484.0,1230.5,0.0882353,1.0,44037012.000000
2,482.93985,1230.0,0.0882353,1.0,44037024.000000
2,483.0,1228.9069,0.0882353,1.0,44037120.000000
2,481.75177,1229.0,0.0882353,1.0,44037160.000000
2,482.0,1227.4655,0.0882353,1.0,44037200.000000
2,482.0,1226.1218,0.0882353,1.0,44037232.000000
2,482.0,1224.8267,0.0882353,1.0,44037256.000000
2,479.5,1223.0,0.0882353,1.0,44037300.000000
2,480.0,1221.9974,0.0882353,1.0,44037356.000000
2,480.0,1221.0,0.0882353,1.0,44037404.000000
2,480.0,1220.3337,0.10588236,1.0,44037412.000000
2,480.0,1218.7865,0.12352942,1.0,44037432.000000
2,479.0,1217.6881,0.12352942,1.0,44037464.000000
2,477.8137,1218.0,0.12352942,1.0,44037512.000000
2,478.0,1216.9323,0.12352942,1.0,44037624.000000
2,478.0,1215.1699,0.12352942,1.0,44037724.000000
2,478.0,1213.5,0.12352942,1.0,44037752.000000
2,478.0,1212.7555,0.12352942,1.0,44037772.000000
2,478.0,1211.7515,0.12352942,1.0,44037812.000000
2,478.0,1210.9786,0.12352942,1.0,44038008.000000
2,478.0,1209.3972,0.12352942,1.0,44038080.000000
2,477.0,1206.7544,0.12352942,1.0,44038140.000000
2,477.0,1205.8859,0.12352942,1.0,44038160.000000
2,477.0,1204.9904,0.12352942,1.0,44038236.000000
2,476.0,1203.3699,0.12352942,1.0,44038260.000000
2,475.41254,1202.4125,0.12352942,1.0,44038276.000000
2,473.5,1199.5,0.12352942,1.0,44038332.000000
2,474.0,1198.5923,0.12352942,1.0,44038668.000000
2,474.0,1197.6586,0.12352942,1.0,44038684.000000
2,474.0,1196.5,0.12352942,1.0,44038704.000000
2,473.78714,1196.0,0.12352942,1.0,44038716.000000
2,472.63336,1196.0,0.12352942,1.0,44038732.000000
2,473.0,1194.9064,0.12352942,1.0,44038820.000000
2,471.99805,1195.0,0.12352942,1.0,44038904.000000
2,470.75128,1195.0,0.12352942,1.0,44038972.000000
2,469.99756,1193.9976,0.12352942,1.0,44039452.000000
2,470.0,1192.9298,0.12352942,1.0,44039480.000000
2,470.0,1191.6205,0.12352942,1.0,44039512.000000
2,470.0,1190.6277,0.12352942,1.0,44039544.000000
2,470.0,1191.0,0.12352942,1.0,44039580.000000
2,470.0,1190.0,0.12352942,1.0,44039604.000000
2,470.0,1190.0,0.12352942,1.0,44039632.000000
2,470.0,1190.0,0.12352942,1.0,44039684.000000
2,470.0,1189.6604,0.12352942,1.0,44039712.000000
2,470.0,1186.5579,0.12352942,1.0,44039732.000000
2,469.0,1186.0137,0.12352942,1.0,44039748.000000
2,469.0,1185.5,0.12352942,1.0,44039760.000000
2,469.0,1184.9686,0.12352942,1.0,44039904.000000
2,469.0,1181.1221,0.12352942,1.0,44040148.000000
2,469.0,1178.2963,0.12352942,1.0,44040176.000000
2,469.0,1177.5,0.12352942,1.0,44040184.000000
2,467.75177,1178.0,0.12352942,1.0,44040212.000000
2,468.0,1176.275,0.12352942,1.0,44040352.000000
2,468.0,1174.7247,0.12352942,1.0,44040376.000000
2,468.0,1173.5,0.12352942,1.0,44040388.000000
2,468.0,1173.0,0.10588236,1.0,44040432.000000
2,466.97964,1172.0,0.10588236,1.0,44040448.000000
2,467.0,1170.6006,0.10588236,1.0,44040596.000000
2,467.0,1167.5549,0.10588236,1.0,44040620.000000
2,467.0,1166.5,0.10588236,1.0,44040632.000000
2,467.0,1165.6996,0.10588236,1.0,44040652.000000
2,467.0,1166.0,0.10588236,1.0,44040664.000000
2,467.0,1166.0,0.10588236,1.0,44040684.000000
2,467.0,1166.0,0.10588236,1.0,44040696.000000
2,467.0,1166.0,0.10588236,1.0,44040712.000000
2,467.0,1166.0,0.10588236,1.0,44040732.000000
2,467.0,1166.0,0.10588236,1.0,44040796.000000
2,467.0,1165.362,0.10588236,1.0,44040888.000000
2,467.0,1165.0,0.10588236,1.0,44040896.000000
2,467.0,1165.0,0.10588236,1.0,44040912.000000
2,467.0,1163.0734,0.10588236,1.0,44040944.000000
2,467.0,1161.5236,0.10588236,1.0,44040956.000000
2,467.0,1160.5,0.10588236,1.0,44040968.000000
2,467.0,1159.7139,0.10588236,1.0,44040992.000000
2,467.0,1158.9386,0.10588236,1.0,44041016.000000
2,467.0,1157.7522,0.10588236,1.0,44041056.000000
2,467.0,1156.9067,0.10588236,1.0,44041128.000000
2,467.0,1155.9744,0.10588236,1.0,44041180.000000
2,467.0,1154.5,0.10588236,1.0,44041196.000000
2,467.0,1153.8733,0.10588236,1.0,44041212.000000
2,467.0,1154.0,0.10588236,1.0,44041244.000000
2,467.0,1154.0,0.12352942,1.0,44041280.000000
2,467.0,1154.0,0.12352942,1.0,44041312.000000
2,467.0,1154.0,0.12352942,1.0,44041392.000000
2,466.17468,1154.0,0.10588236,1.0,44041416.000000
2,465.5,1154.0,0.12352942,1.0,44041424.000000
2,466.0,1154.0,0.10588236,1.0,44041444.000000
2,466.0,1154.0,0.12352942,1.0,44041516.000000
2,466.0,1154.0,0.10588236,1.0,44041528.000000
2,466.0,1154.0,0.12352942,1.0,44041544.000000
2,466.0,1154.0,0.10588236,1.0,44041592.000000
2,466.0,1154.0,0.12352942,1.0,44041616.000000
2,466.0,1152.9485,0.12352942,1.0,44041668.000000
2,466.0,1151.3972,0.12352942,1.0,44041680.000000
2,466.0,1150.5,0.12352942,1.0,44041696.000000
2,466.0,1149.9323,0.12352942,1.0,44041816.000000
2,464.93225,1150.0,0.12352942,1.0,44041924.000000
2,465.0,1147.9855,0.12352942,1.0,44042000.000000
2,465.0,1145.5,0.12352942,1.0,44042028.000000
2,465.0,1143.6088,0.12352942,1.0,44042096.000000
2,465.0,1142.9907,0.12352942,1.0,44042208.000000
2,465.0,1141.2012,0.12352942,1.0,44042260.000000
2,465.0,1139.6528,0.12352942,1.0,44042276.000000
2,465.0,1138.5,0.12352942,1.0,44042296.000000
2,465.0,1137.7816,0.12352942,1.0,44042312.000000
2,465.0,1136.1333,0.12352942,1.0,44042408.000000
2,465.0,1134.7117,0.12352942,1.0,44042428.000000
2,465.0,1133.1652,0.12352942,1.0,44042448.000000
2,465.0,1131.6188,0.12352942,1.0,44042468.000000
2,465.0,1130.0704,0.12352942,1.0,44042476.000000
2,465.0,1128.5222,0.12352942,1.0,44042496.000000
2,465.0,1126.9711,0.12352942,1.0,44042512.000000
2,465.0,1127.0,0.12352942,1.0,44042524.000000
2,464.3253,1127.0,0.12352942,1.0,44042552.000000
2,464.0,1125.7882,0.12352942,1.0,44042576.000000
2,464.0,1124.8934,0.12352942,1.0,44042608.000000
2,464.0,1123.1383,0.12352942,1.0,44042628.000000
2,464.0,1121.5847,0.12352942,1.0,44042648.000000
2,464.0,1120.0364,0.12352942,1.0,44042660.000000
2,464.0,1119.244,0.12352942,1.0,44042676.000000
2,464.0,1118.6277,0.12352942,1.0,44042688.000000
2,464.0,1119.0,0.12352942,1.0,44042708.000000
2,464.0,1117.839,0.12352942,1.0,44042736.000000
2,464.0,1117.1006,0.12352942,1.0,44042776.000000
2,464.0,1115.6492,0.12352942,1.0,44042800.000000
2,464.0,1114.102,0.12352942,1.0,44042812.000000
2,464.0,1112.5576,0.12352942,1.0,44042824.000000
2,464.0,1109.6375,0.12352942,1.0,44042864.000000
2,464.0,1107.8217,0.12352942,1.0,44042880.000000
2,462.92538,1108.0,0.12352942,1.0,44042988.000000
2,463.0,1106.9941,0.12352942,1.0,44043032.000000
2,463.0,1105.96,0.12352942,1.0,44043060.000000
2,463.0,1101.2217,0.10588236,1.0,44043112.000000
2,463.0,1099.6813,0.10588236,1.0,44043128.000000
2,463.0,1100.0,0.10588236,1.0,44043156.000000
2,463.0,1100.0,0.10588236,1.0,44043176.000000
2,463.0,1098.7513,0.10588236,1.0,44043212.000000
2,463.0,1095.7427,0.10588236,1.0,44043280.000000
2,463.0,1094.5,0.10588236,1.0,44043292.000000
2,463.0,1095.0,0.10588236,1.0,44043336.000000
2,463.0,1095.0,0.10588236,1.0,44043384.000000
2,463.0,1095.0,0.10588236,1.0,44043436.000000
2,463.0,1095.0,0.10588236,1.0,44043456.000000
2,463.0,1095.0,0.10588236,1.0,44043468.000000
2,463.0,1095.0,0.10588236,1.0,44043484.000000
2,463.0,1095.0,0.10588236,1.0,44043504.000000
2,459.66617,1089.0,0.07058824,1.0,44043644.000000
2,458.14038,1089.0,0.07058824,1.0,44043656.000000
2,458.0,1087.5623,0.03529412,1.0,44043676.000000
2,456.9909,1087.0,0.03529412,1.0,44043688.000000
1,456.9909,1087.0,0.03529412,1.0,44043696.000000
0,181.0,655.0,0.03529412,1.0,44142516.000000
2,181.0,655.0,0.10588236,1.0,44142540.000000
2,181.0,655.0,0.12352942,1.0,44142552.000000
2,189.30441,668.6088,0.12352942,1.0,44142572.000000
2,198.46494,692.5732,0.12352942,1.0,44142592.000000
2,208.76384,720.37024,0.12352942,1.0,44142604.000000
2,216.5,746.5,0.12352942,1.0,44142624.000000
2,223.24057,774.0224,0.10588236,1.0,44142640.000000
2,228.42932,797.11,0.10588236,1.0,44142656.000000
2,233.47037,820.3518,0.10588236,1.0,44142672.000000
2,240.51173,859.55865,0.10588236,1.0,44142712.000000
2,242.80106,875.01056,0.0882353,1.0,44142736.000000
2,245.90657,903.1592,0.10588236,1.0,44142760.000000
2,247.0,914.70404,0.10588236,1.0,44142772.000000
2,247.9977,922.98846,0.10588236,1.0,44142792.000000
2,248.0,928.08014,0.10588236,1.0,44142808.000000
2,248.0,931.18396,0.0882353,1.0,44142824.000000
2,248.0,933.6345,0.0882353,1.0,44142848.000000
2,248.0,934.85693,0.0882353,1.0,44142860.000000
2,248.0,935.5,0.0882353,1.0,44142880.000000
2,246.93204,935.0,0.0882353,1.0,44142924.000000
1,246.93204,935.0,0.0882353,1.0,44142932.000000
0,617.0,743.0,0.07058824,1.0,44306976.000000
2,617.0,743.0,0.14117648,1.0,44307012.000000
2,617.0,743.0,0.14117648,1.0,44307032.000000
2,617.0,743.0,0.12352942,1.0,44307040.000000
1,617.0,743.0,0.12352942,1.0,44307052.000000
0,783.0,850.0,0.05294118,1.0,44387120.000000
2,783.0,850.0,0.12352942,1.0,44387136.000000
2,783.0,850.0,0.12352942,1.0,44387188.000000
1,783.0,850.0,0.12352942,1.0,44387196.000000
0,1018.0,505.0,0.0882353,1.0,44390312.000000
2,1016.4402,512.9186,0.0882353,1.0,44390332.000000
2,1014.8972,524.8222,0.07058824,1.0,44390352.000000
2,1012.34424,537.2463,0.07058824,1.0,44390372.000000
2,1012.0,548.43494,0.0882353,1.0,44390380.000000
2,1012.0,556.0106,0.0882353,1.0,44390404.000000
2,1011.0,560.79865,0.0882353,1.0,44390420.000000
2,1011.0,566.3997,0.0882353,1.0,44390448.000000
2,1011.0,572.57007,0.0882353,1.0,44390456.000000
2,1011.0,577.8225,0.0882353,1.0,44390480.000000
2,1011.0,581.9811,0.0882353,1.0,44390496.000000
2,1011.0,584.0374,0.0882353,1.0,44390512.000000
2,1011.0,587.3363,0.0882353,1.0,44390528.000000
2,1011.0,612.5192,0.07058824,1.0,44390552.000000
2,1012.0,629.5294,0.0882353,1.0,44390572.000000
2,1012.0,645.7389,0.0882353,1.0,44390592.000000
2,1014.86053,690.7449,0.07058824,1.0,44390632.000000
2,1016.96655,724.1966,0.0882353,1.0,44390652.000000
2,1019.5175,769.4912,0.07058824,1.0,44390680.000000
2,1021.0664,817.5907,0.07058824,1.0,44390696.000000
2,1022.0,887.3739,0.07058824,1.0,44390704.000000
2,1013.8196,953.5765,0.07058824,1.0,44390728.000000
1,1013.8196,953.5765,0.07058824,1.0,44390744.000000
0,881.0,581.0,0.07058824,1.0,44529120.000000
2,881.0,581.0,0.12352942,1.0,44529136.000000
2,880.0,607.9637,0.12352942,1.0,44529160.000000
2,880.0,642.705,0.12352942,1.0,44529176.000000
2,878.499,682.51666,0.12352942,1.0,44529200.000000
2,875.4081,735.06305,0.12352942,1.0,44529208.000000
2,870.9671,797.1161,0.12352942,1.0,44529224.000000
2,869.1072,882.213,0.10588236,1.0,44529244.000000
2,869.0,961.90283,0.10588236,1.0,44529260.000000
2,869.0,1012.9276,0.0882353,1.0,44529276.000000
2,869.54205,1042.1305,0.10588236,1.0,44529300.000000
2,873.1403,1064.7015,0.07058824,1.0,44529308.000000
1,873.1403,1064.7015,0.07058824,1.0,44529316.000000
0,111.0,899.0,0.07058824,1.0,44677128.000000
2,115.95539,870.37915,0.10588236,1.0,44677152.000000
2,116.0,841.5,0.10588236,1.0,44677172.000000
2,110.77632,820.9562,0.10588236,1.0,44677184.000000
2,102.27473,796.0659,0.10588236,1.0,44677200.000000
2,93.0479,771.46106,0.10588236,1.0,44677220.000000
2,85.42209,747.9819,0.10588236,1.0,44677236.000000
2,78.9553,730.1271,0.10588236,1.0,44677256.000000
2,75.39101,717.564,0.10588236,1.0,44677272.000000
2,72.27732,707.832,0.10588236,1.0,44677284.000000
2,67.28304,693.8491,0.07058824,1.0,44677304.000000
2,60.26182,671.3291,0.07058824,1.0,44677324.000000
2,53.94672,642.6803,0.05294118,1.0,44677344.000000
1,53.94672,642.6803,0.05294118,1.0,44677360.000000
0,251.0,861.0,0.03529412,1.0,44678752.000000
2,251.0,861.0,0.10588236,1.0,44678784.000000
2,251.0,861.0,0.10588236,1.0,44678800.000000
2,243.9898,857.32654,0.10588236,1.0,44678844.000000
1,243.9898,857.32654,0.10588236,1.0,44678852.000000
0,936.0,921.0,0.10588236,1.0,44734656.000000
2,936.0,921.0,0.12352942,1.0,44734676.000000
2,936.0,921.0,0.12352942,1.0,44734696.000000
2,936.0,921.0,0.12352942,1.0,44734708.000000
2,936.0,921.0,0.0882353,1.0,44734728.000000
1,936.0,921.0,0.0882353,1.0,44734736.000000
0,815.0,811.0,0.0882353,1.0,44862224.000000
2,815.0,811.0,0.12352942,1.0,44862252.000000
2,815.0,811.0,0.14117648,1.0,44862280.000000
2,815.0,811.0,0.12352942,1.0,44862336.000000
1,815.0,811.0,0.12352942,1.0,44862352.000000
0,111.0,866.0,0.05294118,1.0,44903192.000000
2,111.0,866.0,0.10588236,1.0,44903212.000000
2,111.0,866.0,0.10588236,1.0,44903220.000000
2,111.0,866.0,0.10588236,1.0,44903240.000000
2,111.0,866.0,0.12352942,1.0,44903260.000000
2,111.0,866.0,0.12352942,1.0,44903272.000000
2,111.0,866.0,0.10588236,1.0,44903312.000000
2,111.0,866.0,0.10588236,1.0,44903320.000000
1,111.0,866.0,0.10588236,1.0,44903332.000000
0,666.0,943.0,0.05294118,1.0,45027596.000000
2,666.0,943.0,0.07058824,1.0,45027624.000000
1,666.0,943.0,0.07058824,1.0,45027632.000000
0,1029.0,358.0,0.05294118,1.0,45038408.000000
2,1029.0,358.0,0.07058824,1.0,45038436.000000
1,1029.0,358.0,0.07058824,1.0,45038480.000000
