0,1009.0,244.0,0.07058824,1.0,41030996.000000
2,1009.0,244.0,0.0882353,1.0,41031008.000000
2,1009.0,244.0,0.10588236,1.0,41031032.000000
2,1009.0,244.0,0.10588236,1.0,41031048.000000
2,1009.0,244.0,0.10588236,1.0,41031056.000000
1,1009.0,244.0,0.10588236,1.0,41031136.000000
0,629.0,244.0,0.10588236,1.0,41077076.000000
2,629.0,244.0,0.10588236,1.0,41077104.000000
1,629.0,244.0,0.10588236,1.0,41077180.000000
0,548.0,656.0,0.07058824,1.0,41193268.000000
2,548.0,656.0,0.12352942,1.0,41193296.000000
2,548.0,656.0,0.14117648,1.0,41193312.000000
2,548.0,656.0,0.14117648,1.0,41193348.000000
2,548.0,656.0,0.12352942,1.0,41193356.000000
1,548.0,656.0,0.12352942,1.0,41193368.000000
0,797.0,666.0,0.0882353,1.0,39535300.000000
2,797.0,666.0,0.12352942,1.0,39535316.000000
2,788.84375,686.1511,0.14117648,1.0,39535368.000000
2,781.7017,732.2813,0.12352942,1.0,39535384.000000
2,774.8868,792.92456,0.14117648,1.0,39535400.000000
2,767.3089,853.3561,0.10588236,1.0,39535416.000000
2,761.8385,904.93774,0.12352942,1.0,39535432.000000
2,758.7289,948.9475,0.12352942,1.0,39535448.000000
2,757.1808,993.4799,0.12352942,1.0,39535464.000000
2,757.0,1033.7987,0.14117648,1.0,39535480.000000
2,757.0,1067.381,0.12352942,1.0,39535500.000000
2,757.4679,1100.2943,0.14117648,1.0,39535516.000000
2,758.02966,1130.2671,0.10588236,1.0,39535532.000000
2,761.12775,1161.5333,0.12352942,1.0,39535548.000000
2,778.8484,1261.9694,0.10588236,1.0,39535600.000000
2,788.88293,1299.2374,0.10588236,1.0,39535616.000000
2,790.6894,1315.447,0.12352942,1.0,39535640.000000
2,792.38855,1329.4972,0.12352942,1.0,39535652.000000
2,793.938,1340.5662,0.12352942,1.0,39535668.000000
2,795.4835,1348.4175,0.14117648,1.0,39535688.000000
2,797.0346,1355.1384,0.14117648,1.0,39535700.000000
2,798.5829,1361.3315,0.14117648,1.0,39535720.000000
2,799.0,1366.3566,0.12352942,1.0,39535736.000000
2,799.0,1371.024,0.12352942,1.0,39535752.000000
2,799.0,1380.8801,0.12352942,1.0,39535828.000000
2,799.0,1381.5,0.12352942,1.0,39535840.000000
2,796.8669,1381.0,0.14117648,1.0,39536068.000000
2,797.0,1379.9598,0.14117648,1.0,39536088.000000
2,795.78925,1378.7893,0.14117648,1.0,39536096.000000
2,796.0,1377.2382,0.14117648,1.0,39536120.000000
2,795.69464,1375.6946,0.14117648,1.0,39536140.000000
2,795.0,1375.0,0.14117648,1.0,39536152.000000
2,795.0,1375.0,0.14117648,1.0,39536168.000000
2,795.0,1372.5005,0.14117648,1.0,39536208.000000
2,795.0,1370.9537,0.14117648,1.0,39536220.000000
2,795.0,1368.8104,0.14117648,1.0,39536240.000000
2,792.63525,1344.3525,0.10588236,1.0,39536248.000000
1,792.63525,1344.3525,0.10588236,1.0,39536264.000000
0,743.0,580.0,0.10588236,1.0,39594732.000000
2,743.0,580.0,0.12352942,1.0,39594748.000000
2,739.5744,584.282,0.12352942,1.0,39594756.000000
2,730.5937,601.81256,0.14117648,1.0,39594776.000000
2,723.23914,645.70856,0.14117648,1.0,39594796.000000
2,717.99805,687.01556,0.14117648,1.0,39594824.000000
2,713.9081,731.24115,0.14117648,1.0,39594832.000000
2,711.40063,783.981,0.14117648,1.0,39594856.000000
2,710.0,836.45,0.12352942,1.0,39594868.000000
2,710.69934,879.8822,0.10588236,1.0,39594888.000000
2,711.24835,921.2159,0.10588236,1.0,39594920.000000
2,712.0,992.28796,0.10588236,1.0,39594932.000000
2,712.0,1020.0597,0.12352942,1.0,39594948.000000
2,712.0,1050.9,0.10588236,1.0,39594960.000000
2,712.0,1070.7852,0.10588236,1.0,39594984.000000
2,712.0,1090.0188,0.12352942,1.0,39595004.000000
2,712.0,1116.2079,0.10588236,1.0,39595024.000000
2,712.63116,1138.2052,0.10588236,1.0,39595048.000000
2,719.2781,1188.5027,0.12352942,1.0,39595080.000000
2,720.822,1197.11,0.12352942,1.0,39595096.000000
2,722.3738,1203.4951,0.12352942,1.0,39595104.000000
2,723.9236,1208.7708,0.14117648,1.0,39595128.000000
2,725.4734,1213.4203,0.14117648,1.0,39595144.000000
2,728.0291,1227.3204,0.10588236,1.0,39595156.000000
1,728.0291,1227.3204,0.10588236,1.0,39595168.000000
0,872.0,781.0,0.03529412,1.0,39621292.000000
2,872.0,781.0,0.12352942,1.0,39621304.000000
2,872.0,781.0,0.12352942,1.0,39621320.000000
2,872.0,781.0,0.14117648,1.0,39621340.000000
2,872.0,781.0,0.14117648,1.0,39621356.000000
2,872.0,781.0,0.14117648,1.0,39621756.000000
2,872.0,781.0,0.14117648,1.0,39621784.000000
2,872.0,781.0,0.14117648,1.0,39621836.000000
2,872.0,781.0,0.14117648,1.0,39621904.000000
2,872.0,781.0,0.12352942,1.0,39621952.000000
1,872.0,781.0,0.12352942,1.0,39621968.000000
0,543.0,378.0,0.03529412,1.0,39668788.000000
2,543.0,378.0,0.0882353,1.0,39668800.000000
2,543.0,378.0,0.05294118,1.0,39668808.000000
1,543.0,378.0,0.05294118,1.0,39668816.000000
0,220.0,676.0,0.07058824,1.0,39841020.000000
2,245.84564,715.4094,0.12352942,1.0,39841032.000000
2,256.77676,733.13727,0.14117648,1.0,39841052.000000
2,267.18875,755.4045,0.12352942,1.0,39841068.000000
2,274.27478,774.2556,0.12352942,1.0,39841088.000000
2,279.3226,790.0753,0.12352942,1.0,39841100.000000
2,282.33246,802.3299,0.14117648,1.0,39841120.000000
2,288.31946,842.8751,0.12352942,1.0,39841176.000000
2,289.85605,855.8484,0.12352942,1.0,39841188.000000
2,291.40387,868.231,0.10588236,1.0,39841208.000000
2,292.9468,881.52136,0.12352942,1.0,39841228.000000
2,295.50192,897.521,0.10588236,1.0,39841244.000000
2,297.05432,916.7061,0.10588236,1.0,39841260.000000
2,299.20328,936.8214,0.10588236,1.0,39841276.000000
2,302.29654,958.22394,0.10588236,1.0,39841292.000000
2,306.0837,981.4185,0.10588236,1.0,39841312.000000
2,310.73654,1004.68274,0.10588236,1.0,39841328.000000
2,315.36588,1027.8293,0.0882353,1.0,39841344.000000
2,327.97495,1086.8998,0.10588236,1.0,39841400.000000
2,334.66544,1104.93,0.12352942,1.0,39841416.000000
2,345.7418,1128.4836,0.07058824,1.0,39841432.000000
1,345.7418,1128.4836,0.07058824,1.0,39841448.000000
0,207.0,962.0,0.0882353,1.0,39848212.000000
2,204.36507,956.7301,0.0882353,1.0,39848236.000000
2,187.08298,917.4367,0.12352942,1.0,39848252.000000
2,156.54782,846.29486,0.10588236,1.0,39848264.000000
2,117.77154,723.0261,0.12352942,1.0,39848280.000000
2,86.703445,586.3071,0.10588236,1.0,39848296.000000
1,86.703445,586.3071,0.10588236,1.0,39848304.000000
0,211.0,1029.0,0.10588236,1.0,39878696.000000
2,206.9818,1019.9454,0.12352942,1.0,39878760.000000
2,197.63577,988.90735,0.12352942,1.0,39878764.000000
2,176.56844,923.77216,0.12352942,1.0,39878784.000000
2,137.67496,803.51013,0.12352942,1.0,39878804.000000
2,120.53142,707.3923,0.0882353,1.0,39878816.000000
1,120.53142,707.3923,0.0882353,1.0,39878824.000000
0,860.0,744.0,0.05294118,1.0,39932376.000000
2,856.5157,752.9373,0.12352942,1.0,39932404.000000
2,850.8629,783.82245,0.12352942,1.0,39932416.000000
2,846.2394,827.1273,0.14117648,1.0,39932436.000000
2,841.57855,877.3548,0.10588236,1.0,39932456.000000
2,836.9388,927.177,0.10588236,1.0,39932468.000000
2,832.28046,968.4761,0.10588236,1.0,39932488.000000
2,827.4353,1003.2115,0.10588236,1.0,39932508.000000
2,822.9754,1042.8796,0.10588236,1.0,39932520.000000
2,820.2383,1071.8556,0.10588236,1.0,39932536.000000
2,818.57495,1099.6505,0.12352942,1.0,39932560.000000
2,817.0307,1124.5398,0.12352942,1.0,39932576.000000
2,816.0,1140.697,0.10588236,1.0,39932588.000000
2,816.0,1153.5964,0.12352942,1.0,39932604.000000
2,816.0,1164.6849,0.10588236,1.0,39932616.000000
2,816.0,1171.307,0.12352942,1.0,39932632.000000
2,816.0,1175.4271,0.12352942,1.0,39932656.000000
2,816.0,1178.5251,0.12352942,1.0,39932664.000000
2,816.0,1179.8005,0.12352942,1.0,39932684.000000
2,816.0,1181.3519,0.12352942,1.0,39932704.000000
2,816.0,1182.8962,0.12352942,1.0,39932716.000000
2,816.0,1184.4481,0.12352942,1.0,39932736.000000
2,816.0,1187.5476,0.12352942,1.0,39932776.000000
2,816.0,1188.5,0.12352942,1.0,39932784.000000
2,813.6298,1186.815,0.10588236,1.0,39932816.000000
1,813.6298,1186.815,0.10588236,1.0,39932832.000000
0,365.0,932.0,0.07058824,1.0,40238324.000000
2,365.0,932.0,0.10588236,1.0,40238344.000000
2,365.0,932.0,0.10588236,1.0,40238360.000000
2,365.0,932.0,0.12352942,1.0,40238376.000000
2,365.0,932.0,0.12352942,1.0,40238388.000000
2,365.0,932.0,0.12352942,1.0,40238432.000000
2,361.57074,935.42926,0.12352942,1.0,40238440.000000
1,361.57074,935.42926,0.12352942,1.0,40238448.000000
0,387.0,564.0,0.07058824,1.0,40800288.000000
2,387.0,564.0,0.10588236,1.0,40800332.000000
2,387.0,564.0,0.10588236,1.0,40800344.000000
2,387.0,564.0,0.10588236,1.0,40800360.000000
2,387.0,564.0,0.10588236,1.0,40800368.000000
1,387.0,564.0,0.10588236,1.0,40800376.000000
0,569.0,1366.0,0.03529412,1.0,82367480.000000
2,569.0,1366.0,0.14117648,1.0,82367528.000000
2,569.0,1366.0,0.14117648,1.0,82367544.000000
2,569.0,1366.0,0.12352942,1.0,82367552.000000
1,569.0,1366.0,0.12352942,1.0,82367560.000000
0,786.0,775.0,0.03529412,1.0,82512624.000000
2,786.0,775.0,0.10588236,1.0,82512640.000000
2,786.0,775.0,0.12352942,1.0,82512656.000000
2,786.0,775.0,0.14117648,1.0,82512664.000000
2,786.0,775.0,0.14117648,1.0,82512688.000000
2,786.0,775.0,0.14117648,1.0,82512704.000000
2,786.0,775.0,0.14117648,1.0,82512712.000000
2,786.0,775.0,0.15882353,1.0,82512736.000000
2,786.0,775.0,0.15882353,1.0,82512744.000000
2,783.78357,770.56714,0.15882353,1.0,82512760.000000
2,783.0,759.8821,0.15882353,1.0,82512784.000000
2,785.6186,737.05145,0.12352942,1.0,82512808.000000
2,798.8482,705.5915,0.12352942,1.0,82512840.000000
2,825.48553,656.90027,0.12352942,1.0,82512864.000000
2,837.8338,636.24927,0.15882353,1.0,82512888.000000
2,915.4914,549.2821,0.14117648,1.0,82512960.000000
2,932.2865,530.96014,0.14117648,1.0,82512976.000000
2,951.98083,511.01913,0.15882353,1.0,82512984.000000
2,971.3538,487.7958,0.15882353,1.0,82513008.000000
2,985.5586,470.6506,0.12352942,1.0,82513024.000000
2,994.66235,457.5065,0.14117648,1.0,82513040.000000
2,1014.01135,440.49228,0.14117648,1.0,82513056.000000
2,1035.6089,411.7823,0.0882353,1.0,82513072.000000
1,1035.6089,411.7823,0.0882353,1.0,82513112.000000
0,895.0,550.0,0.05294118,1.0,82628936.000000
2,895.0,550.0,0.14117648,1.0,82628960.000000
2,881.333,563.58374,0.14117648,1.0,82628968.000000
2,857.9287,604.75867,0.14117648,1.0,82628992.000000
2,836.4007,686.3973,0.14117648,1.0,82629008.000000
2,817.5949,774.4579,0.12352942,1.0,82629024.000000
2,808.04584,851.93616,0.12352942,1.0,82629048.000000
2,801.5008,927.617,0.12352942,1.0,82629056.000000
2,796.23584,982.40546,0.12352942,1.0,82629072.000000
2,793.053,1014.4701,0.10588236,1.0,82629088.000000
2,790.9824,1029.1582,0.10588236,1.0,82629104.000000
2,789.437,1034.563,0.10588236,1.0,82629128.000000
2,787.88196,1033.882,0.0882353,1.0,82629136.000000
1,787.88196,1033.882,0.0882353,1.0,82629144.000000
0,910.0,564.0,0.05294118,1.0,83177088.000000
2,910.0,564.0,0.10588236,1.0,83177104.000000
2,910.0,564.0,0.10588236,1.0,83177120.000000
2,910.0,564.0,0.10588236,1.0,83177152.000000
1,910.0,564.0,0.10588236,1.0,83177160.000000
0,174.0,684.0,0.05294118,1.0,83184144.000000
2,174.0,684.0,0.12352942,1.0,83184192.000000
2,174.0,684.0,0.12352942,1.0,83184192.000000
2,174.0,684.0,0.10588236,1.0,83184224.000000
1,174.0,684.0,0.10588236,1.0,83184232.000000
0,610.0,723.0,0.07058824,1.0,48422216.000000
2,610.0,723.0,0.12352942,1.0,48422232.000000
2,610.0,723.0,0.12352942,1.0,48422264.000000
1,610.0,723.0,0.12352942,1.0,48422272.000000
0,859.0,1231.0,0.10588236,1.0,48450776.000000
2,859.0,1231.0,0.14117648,1.0,48450800.000000
2,859.0,1231.0,0.14117648,1.0,48450840.000000
2,859.0,1231.0,0.12352942,1.0,48450848.000000
2,860.1629,1227.5114,0.12352942,1.0,48450868.000000
2,861.79846,1220.0078,0.12352942,1.0,48450896.000000
2,871.2732,1188.817,0.14117648,1.0,48450944.000000
2,874.5344,1181.9312,0.14117648,1.0,48450960.000000
2,877.432,1176.136,0.14117648,1.0,48450984.000000
2,879.26184,1171.2145,0.14117648,1.0,48450996.000000
2,880.80786,1166.5764,0.14117648,1.0,48451008.000000
2,882.3556,1161.9331,0.12352942,1.0,48451028.000000
2,883.8954,1157.3137,0.12352942,1.0,48451044.000000
2,885.4396,1152.6813,0.12352942,1.0,48451056.000000
2,886.97797,1148.0662,0.12352942,1.0,48451072.000000
2,890.0433,1143.4352,0.12352942,1.0,48451108.000000
2,895.1712,1129.4863,0.14117648,1.0,48451148.000000
2,896.70667,1124.8799,0.14117648,1.0,48451156.000000
2,898.2533,1121.4934,0.15882353,1.0,48451172.000000
2,899.7965,1117.407,0.15882353,1.0,48451192.000000
2,901.3405,1114.319,0.15882353,1.0,48451208.000000
2,902.8819,1111.2362,0.15882353,1.0,48451224.000000
2,904.85486,1108.1451,0.14117648,1.0,48451240.000000
2,908.9336,1105.0443,0.14117648,1.0,48451256.000000
2,920.1859,1096.8606,0.14117648,1.0,48451272.000000
2,928.42566,1089.5743,0.0882353,1.0,48451288.000000
1,928.42566,1089.5743,0.0882353,1.0,48451304.000000
0,117.0,653.0,0.03529412,1.0,48606416.000000
2,117.0,653.0,0.12352942,1.0,48606440.000000
2,117.0,653.0,0.10588236,1.0,48606504.000000
1,117.0,653.0,0.10588236,1.0,48606512.000000
0,713.0,738.0,0.03529412,1.0,48608684.000000
2,707.18585,739.45355,0.0882353,1.0,48608696.000000
2,700.9389,739.0,0.14117648,1.0,48608716.000000
2,698.4358,739.0,0.14117648,1.0,48608736.000000
2,696.877,739.0,0.12352942,1.0,48608744.000000
1,696.877,739.0,0.12352942,1.0,48608756.000000
0,634.0,318.0,0.10588236,1.0,81697336.000000
2,634.0,318.0,0.10588236,1.0,81697360.000000
2,634.0,318.0,0.12352942,1.0,81697368.000000
2,634.0,318.0,0.12352942,1.0,81697392.000000
2,634.0,318.0,0.12352942,1.0,81697408.000000
2,634.0,318.0,0.10588236,1.0,81697432.000000
2,634.0,318.0,0.10588236,1.0,81697440.000000
1,634.0,318.0,0.10588236,1.0,81697448.000000
0,618.0,745.0,0.0882353,1.0,81702080.000000
2,618.0,745.0,0.14117648,1.0,81702096.000000
2,618.0,745.0,0.14117648,1.0,81702112.000000
2,618.0,745.0,0.14117648,1.0,81702160.000000
2,618.0,740.76996,0.12352942,1.0,81702176.000000
1,618.0,740.76996,0.12352942,1.0,81702184.000000
0,744.0,711.0,0.07058824,1.0,81797240.000000
2,744.0,711.0,0.12352942,1.0,81797256.000000
2,738.37915,730.4146,0.14117648,1.0,81797288.000000
2,741.5935,761.1546,0.14117648,1.0,81797312.000000
2,746.2373,790.8363,0.12352942,1.0,81797328.000000
2,749.8993,809.34534,0.14117648,1.0,81797344.000000
2,752.99817,833.98334,0.12352942,1.0,81797376.000000
2,755.0,858.63245,0.12352942,1.0,81797400.000000
2,754.8611,902.0838,0.12352942,1.0,81797416.000000
2,754.0,923.8205,0.12352942,1.0,81797432.000000
2,754.0,943.0541,0.12352942,1.0,81797456.000000
2,754.0,963.0888,0.12352942,1.0,81797472.000000
2,754.0,979.23456,0.12352942,1.0,81797488.000000
2,754.0,992.93854,0.12352942,1.0,81797504.000000
2,754.0,1002.07056,0.10588236,1.0,81797520.000000
2,754.0,1008.8103,0.12352942,1.0,81797536.000000
2,753.95355,1020.32513,0.0882353,1.0,81797568.000000
2,752.40576,1032.9425,0.10588236,1.0,81797576.000000
2,747.40375,1050.7887,0.10588236,1.0,81797600.000000
1,747.40375,1050.7887,0.10588236,1.0,81797616.000000
0,646.0,762.0,0.03529412,1.0,82014704.000000
2,646.0,762.0,0.10588236,1.0,82014720.000000
2,646.0,762.0,0.10588236,1.0,82014728.000000
2,646.0,762.0,0.10588236,1.0,82014744.000000
2,646.0,762.0,0.12352942,1.0,82014760.000000
2,642.8338,762.0,0.12352942,1.0,82014840.000000
2,637.0242,762.0,0.14117648,1.0,82014864.000000
2,632.3922,762.0,0.14117648,1.0,82014880.000000
2,628.83984,762.0,0.12352942,1.0,82014904.000000
2,626.3763,762.0,0.12352942,1.0,82014912.000000
2,624.82904,762.0,0.12352942,1.0,82014928.000000
2,623.28564,762.0,0.12352942,1.0,82014944.000000
2,621.73816,762.0,0.12352942,1.0,82014960.000000
2,620.1944,762.0,0.12352942,1.0,82014976.000000
2,618.65015,762.0,0.12352942,1.0,82015000.000000
2,619.0,762.0,0.12352942,1.0,82015040.000000
2,619.0,762.0,0.14117648,1.0,82015056.000000
2,619.0,762.0,0.14117648,1.0,82015104.000000
2,619.0,762.0,0.14117648,1.0,82015240.000000
2,619.0,762.0,0.14117648,1.0,82015256.000000
2,619.0,762.0,0.14117648,1.0,82015288.000000
2,625.0,761.0,0.12352942,1.0,82015424.000000
2,626.033,761.0,0.12352942,1.0,82015480.000000
2,626.0,761.0,0.14117648,1.0,82015488.000000
2,626.0,761.0,0.14117648,1.0,82015536.000000
2,626.0,761.0,0.14117648,1.0,82015576.000000
2,626.0,761.0,0.14117648,1.0,82015656.000000
2,626.0,761.0,0.14117648,1.0,82015680.000000
2,626.0,761.0,0.14117648,1.0,82015704.000000
2,626.0,761.0,0.12352942,1.0,82015720.000000
2,626.0,761.0,0.12352942,1.0,82015816.000000
2,626.0,761.0,0.14117648,1.0,82015840.000000
2,626.70874,761.0,0.14117648,1.0,82015856.000000
2,628.2533,761.0,0.15882353,1.0,82015880.000000
2,629.0,761.0,0.15882353,1.0,82015976.000000
2,629.0,761.0,0.15882353,1.0,82015984.000000
2,630.0,761.0,0.15882353,1.0,82016016.000000
2,630.0,761.0,0.15882353,1.0,82016024.000000
2,630.0,761.0,0.15882353,1.0,82016040.000000
2,630.0,761.0,0.15882353,1.0,82016056.000000
2,631.5,761.0,0.15882353,1.0,82016072.000000
2,631.0,761.0,0.15882353,1.0,82016112.000000
2,631.0,761.0,0.15882353,1.0,82016120.000000
2,631.0,761.0,0.15882353,1.0,82016136.000000
2,631.0,761.0,0.15882353,1.0,82016160.000000
2,631.0,761.0,0.15882353,1.0,82016168.000000
2,631.6199,761.0,0.15882353,1.0,82016192.000000
2,632.1648,761.0,0.15882353,1.0,82016208.000000
2,633.0,761.0,0.15882353,1.0,82016224.000000
2,634.2526,761.0,0.14117648,1.0,82016240.000000
2,635.7993,761.0,0.15882353,1.0,82016264.000000
2,637.34424,761.0,0.14117648,1.0,82016280.000000
2,638.885,761.0,0.14117648,1.0,82016288.000000
2,640.4352,761.0,0.14117648,1.0,82016312.000000
2,641.97516,761.0,0.14117648,1.0,82016320.000000
2,642.5,761.0,0.14117648,1.0,82016336.000000
2,643.1011,761.0,0.14117648,1.0,82016408.000000
2,643.0,761.0,0.14117648,1.0,82016560.000000
2,643.0,761.0,0.14117648,1.0,82016568.000000
2,643.0,761.0,0.14117648,1.0,82016592.000000
2,643.0,759.72076,0.10588236,1.0,82016608.000000
1,643.0,759.72076,0.10588236,1.0,82016640.000000
0,896.0,945.0,0.05294118,1.0,82271144.000000
2,896.0,945.0,0.10588236,1.0,82271184.000000
2,896.0,945.0,0.10588236,1.0,82271216.000000
1,896.0,945.0,0.10588236,1.0,82271224.000000
0,730.0,943.0,0.07058824,1.0,82275632.000000
2,730.0,943.0,0.10588236,1.0,82275656.000000
2,730.0,943.0,0.10588236,1.0,82275664.000000
2,730.0,943.0,0.12352942,1.0,82275688.000000
2,728.6467,939.6168,0.12352942,1.0,82275712.000000
2,728.0,924.53937,0.12352942,1.0,82275720.000000
2,736.1532,903.95746,0.14117648,1.0,82275736.000000
2,748.5452,878.9095,0.14117648,1.0,82275760.000000
2,759.978,858.75195,0.12352942,1.0,82275776.000000
2,769.3894,843.01764,0.15882353,1.0,82275792.000000
2,776.7605,831.3353,0.14117648,1.0,82275808.000000
2,784.46704,820.54614,0.14117648,1.0,82275824.000000
2,792.20135,812.79865,0.14117648,1.0,82275840.000000
2,799.3476,805.6524,0.14117648,1.0,82275856.000000
2,805.5231,799.4769,0.15882353,1.0,82275872.000000
2,810.0385,795.641,0.15882353,1.0,82275888.000000
2,813.4486,792.5514,0.15882353,1.0,82275912.000000
2,816.53015,790.2349,0.14117648,1.0,82275928.000000
2,819.6299,788.68506,0.14117648,1.0,82275936.000000
2,820.867,787.133,0.14117648,1.0,82275952.000000
2,821.0,785.5875,0.14117648,1.0,82275976.000000
2,821.96356,784.03644,0.14117648,1.0,82275992.000000
2,824.54443,780.45557,0.10588236,1.0,82276008.000000
2,834.52826,773.6698,0.10588236,1.0,82276024.000000
1,834.52826,773.6698,0.10588236,1.0,82276032.000000
0,857.0,811.0,0.05294118,1.0,82337944.000000
2,849.04047,818.9515,0.10588236,1.0,82337976.000000
2,836.7005,844.21124,0.10588236,1.0,82337992.000000
2,827.5557,869.3328,0.14117648,1.0,82338008.000000
2,819.19586,898.6804,0.14117648,1.0,82338024.000000
2,812.27075,924.91693,0.12352942,1.0,82338040.000000
2,808.53876,943.7676,0.14117648,1.0,82338056.000000
2,805.4406,966.1953,0.12352942,1.0,82338080.000000
2,802.3513,989.3652,0.12352942,1.0,82338088.000000
2,800.6299,1008.1817,0.12352942,1.0,82338112.000000
2,799.0814,1036.2899,0.12352942,1.0,82338120.000000
2,798.05853,1066.4734,0.12352942,1.0,82338144.000000
2,794.9707,1100.3518,0.12352942,1.0,82338152.000000
2,792.874,1137.3854,0.12352942,1.0,82338176.000000
2,789.79,1181.2556,0.12352942,1.0,82338192.000000
2,789.34875,1216.3268,0.12352942,1.0,82338208.000000
2,789.0,1249.2694,0.10588236,1.0,82338216.000000
2,790.7526,1271.537,0.12352942,1.0,82338240.000000
2,792.3053,1298.4954,0.0882353,1.0,82338248.000000
1,792.3053,1298.4954,0.0882353,1.0,82338264.000000
0,94.0,357.0,0.07058824,1.0,42939736.000000
2,94.0,357.0,0.10588236,1.0,42939756.000000
2,94.0,357.0,0.10588236,1.0,42939776.000000
2,87.01797,353.50897,0.10588236,1.0,42939788.000000
2,80.853355,351.71335,0.10588236,1.0,42939808.000000
2,76.501305,350.1671,0.10588236,1.0,42939828.000000
2,73.25316,348.6266,0.10588236,1.0,42939836.000000
2,71.08941,347.08942,0.10588236,1.0,42939856.000000
2,69.53789,345.53787,0.10588236,1.0,42939868.000000
2,67.99666,345.0,0.10588236,1.0,42939888.000000
2,66.45715,345.0,0.10588236,1.0,42939908.000000
2,64.91143,343.91144,0.10588236,1.0,42939936.000000
2,63.368782,344.0,0.10588236,1.0,42939948.000000
2,61.774414,344.0,0.10588236,1.0,42939968.000000
2,57.477562,344.0,0.10588236,1.0,42939988.000000
2,55.395557,344.0,0.10588236,1.0,42940008.000000
2,52.305737,344.0,0.10588236,1.0,42940028.000000
2,49.22,344.0,0.10588236,1.0,42940036.000000
2,46.137836,344.0,0.10588236,1.0,42940064.000000
2,42.075233,344.0,0.10588236,1.0,42940068.000000
2,39.0,344.0,0.10588236,1.0,42940088.000000
2,34.880455,344.0,0.10588236,1.0,42940112.000000
2,31.789993,344.605,0.0882353,1.0,42940128.000000
2,28.710123,345.0,0.0882353,1.0,42940136.000000
2,24.620476,346.0,0.0882353,1.0,42940156.000000
2,21.533037,346.0,0.0882353,1.0,42940168.000000
2,18.452215,346.0,0.0882353,1.0,42940188.000000
2,16.678438,346.0,0.07058824,1.0,42940208.000000
2,17.0,346.0,0.05294118,1.0,42940508.000000
2,17.0,346.0,0.03529412,1.0,42940608.000000
1,17.0,346.0,0.03529412,1.0,42940624.000000
0,96.0,909.0,0.0882353,1.0,42946656.000000
2,96.0,909.0,0.05294118,1.0,42946696.000000
2,96.0,909.0,0.10588236,1.0,42946724.000000
2,96.0,909.0,0.10588236,1.0,42946740.000000
2,96.0,909.0,0.10588236,1.0,42946752.000000
2,96.0,909.0,0.10588236,1.0,42946816.000000
2,96.0,909.0,0.10588236,1.0,42946864.000000
2,96.0,909.0,0.10588236,1.0,42947668.000000
2,96.0,909.0,0.10588236,1.0,42947684.000000
2,96.0,909.0,0.10588236,1.0,42947704.000000
2,96.0,909.0,0.10588236,1.0,42947720.000000
2,96.0,909.0,0.10588236,1.0,42947768.000000
2,96.0,909.0,0.10588236,1.0,42947792.000000
1,96.0,909.0,0.10588236,1.0,42947896.000000
0,668.0,1580.0,0.10588236,1.0,43000344.000000
2,668.0,1580.0,0.14117648,1.0,43000376.000000
2,668.0,1580.0,0.14117648,1.0,43000392.000000
2,668.0,1580.0,0.14117648,1.0,43000728.000000
2,668.0,1580.0,0.14117648,1.0,43000756.000000
2,668.0,1580.0,0.14117648,1.0,43000768.000000
2,668.0,1580.0,0.14117648,1.0,43001288.000000
2,668.0,1580.0,0.14117648,1.0,43001328.000000
2,668.0,1580.0,0.14117648,1.0,43001360.000000
2,668.0,1580.0,0.12352942,1.0,43001376.000000
1,668.0,1580.0,0.12352942,1.0,43001412.000000
0,586.0,914.0,0.10588236,1.0,43124620.000000
2,586.0,914.0,0.10588236,1.0,43124652.000000
2,586.0,914.0,0.12352942,1.0,43124676.000000
1,586.0,914.0,0.12352942,1.0,43124736.000000
0,805.0,1353.0,0.0,1.0,43369736.000000
2,812.5343,1332.9314,0.12352942,1.0,43369776.000000
2,825.16064,1306.772,0.14117648,1.0,43369800.000000
2,842.0073,1272.54,0.10588236,1.0,43369816.000000
2,854.89105,1241.286,0.14117648,1.0,43369828.000000
2,867.22986,1207.4253,0.14117648,1.0,43369848.000000
2,878.45844,1176.6902,0.14117648,1.0,43369860.000000
2,889.2628,1141.9937,0.14117648,1.0,43369876.000000
2,900.1002,1106.385,0.14117648,1.0,43369892.000000
2,910.1723,1071.397,0.15882353,1.0,43369908.000000
2,916.9679,1045.1284,0.14117648,1.0,43369928.000000
2,924.9341,1022.98456,0.14117648,1.0,43369940.000000
2,931.30145,1004.0956,0.12352942,1.0,43369956.000000
2,936.6043,989.1871,0.14117648,1.0,43369984.000000
2,941.23724,977.11316,0.14117648,1.0,43370000.000000
2,944.9103,968.2243,0.14117648,1.0,43370012.000000
2,947.4991,962.5027,0.14117648,1.0,43370036.000000
2,949.04285,957.9143,0.14117648,1.0,43370052.000000
2,950.5829,955.4171,0.14117648,1.0,43370068.000000
2,952.1276,953.8724,0.14117648,1.0,43370084.000000
2,953.66907,952.33093,0.14117648,1.0,43370104.000000
2,955.2085,952.0,0.14117648,1.0,43370116.000000
2,957.50946,952.0,0.14117648,1.0,43370128.000000
2,967.0853,952.0,0.14117648,1.0,43370136.000000
1,967.0853,952.0,0.14117648,1.0,43370168.000000
0,799.0,362.0,0.0882353,1.0,43462696.000000
2,800.3361,370.34454,0.12352942,1.0,43462724.000000
2,805.86554,388.81308,0.14117648,1.0,43462736.000000
2,812.01624,429.62186,0.14117648,1.0,43462760.000000
2,814.3017,477.35193,0.14117648,1.0,43462776.000000
2,811.47437,540.4656,0.12352942,1.0,43462824.000000
2,800.27966,655.6929,0.14117648,1.0,43462848.000000
2,791.9637,754.3629,0.12352942,1.0,43462860.000000
2,787.34033,796.1707,0.10588236,1.0,43462880.000000
2,780.4861,836.878,0.10588236,1.0,43462892.000000
2,774.434,870.11285,0.10588236,1.0,43462916.000000
2,742.0766,1083.7721,0.14117648,1.0,43463036.000000
2,740.01654,1114.6526,0.14117648,1.0,43463048.000000
2,738.5,1140.5,0.12352942,1.0,43463068.000000
2,738.0,1160.047,0.14117648,1.0,43463088.000000
2,738.0,1185.9207,0.12352942,1.0,43463096.000000
2,739.14136,1210.1207,0.14117648,1.0,43463104.000000
2,740.68976,1233.3467,0.14117648,1.0,43463120.000000
2,742.2363,1256.545,0.12352942,1.0,43463140.000000
2,742.0,1272.9962,0.14117648,1.0,43463156.000000
2,742.0,1284.8607,0.14117648,1.0,43463180.000000
2,742.8324,1293.9945,0.14117648,1.0,43463200.000000
2,744.0,1301.5997,0.14117648,1.0,43463220.000000
2,744.0,1309.9727,0.12352942,1.0,43463240.000000
2,744.0,1310.0,0.12352942,1.0,43463256.000000
2,744.0,1309.4297,0.12352942,1.0,43463280.000000
2,742.8738,1306.7476,0.0882353,1.0,43463296.000000
1,742.8738,1306.7476,0.0882353,1.0,43463320.000000
0,728.0,620.0,0.12352942,1.0,43690380.000000
2,728.0,620.0,0.0882353,1.0,43690420.000000
2,728.0,620.0,0.0882353,1.0,43690428.000000
1,728.0,620.0,0.0882353,1.0,43690440.000000
0,702.0,721.0,0.0882353,1.0,31224982.000000
2,702.0,721.0,0.10588236,1.0,31225004.000000
2,702.0,721.0,0.12352942,1.0,31225042.000000
2,702.0,721.0,0.10588236,1.0,31225092.000000
1,702.0,721.0,0.10588236,1.0,31225104.000000
0,669.0,743.0,0.07058824,1.0,31239068.000000
2,669.0,743.0,0.12352942,1.0,31239096.000000
2,669.0,743.0,0.14117648,1.0,31239116.000000
2,669.0,743.0,0.14117648,1.0,31239156.000000
2,669.0,743.0,0.10588236,1.0,31239168.000000
1,669.0,743.0,0.10588236,1.0,31239176.000000
0,852.0,970.0,0.07058824,1.0,31309828.000000
2,852.0,970.0,0.12352942,1.0,31309866.000000
2,852.0,954.1044,0.12352942,1.0,31309884.000000
2,854.59973,922.40283,0.12352942,1.0,31309898.000000
2,865.628,873.79285,0.14117648,1.0,31309916.000000
2,882.3486,826.14026,0.14117648,1.0,31309932.000000
2,908.9513,778.5422,0.12352942,1.0,31309952.000000
2,945.1826,736.7955,0.12352942,1.0,31309968.000000
2,978.9956,700.83844,0.10588236,1.0,31309980.000000
1,978.9956,700.83844,0.10588236,1.0,31309992.000000
0,489.0,1629.0,0.03529412,1.0,80015024.000000
2,489.0,1629.0,0.0882353,1.0,80015040.000000
2,584.76544,1447.7274,0.12352942,1.0,80015184.000000
2,626.98975,1388.0154,0.12352942,1.0,80015224.000000
2,644.8335,1361.5554,0.10588236,1.0,80015232.000000
2,664.3065,1336.8535,0.12352942,1.0,80015264.000000
2,698.4645,1289.3961,0.12352942,1.0,80015280.000000
2,715.38354,1268.8755,0.12352942,1.0,80015288.000000
2,733.6713,1245.9109,0.10588236,1.0,80015312.000000
2,749.184,1225.7546,0.10588236,1.0,80015328.000000
2,763.0696,1207.2406,0.12352942,1.0,80015344.000000
2,779.77313,1186.1176,0.12352942,1.0,80015368.000000
2,795.2528,1167.0966,0.10588236,1.0,80015384.000000
2,809.8575,1149.3965,0.10588236,1.0,80015408.000000
2,823.76276,1130.983,0.10588236,1.0,80015416.000000
2,852.09814,1093.365,0.10588236,1.0,80015448.000000
2,863.38104,1076.4012,0.12352942,1.0,80015456.000000
2,874.2395,1058.7322,0.12352942,1.0,80015480.000000
2,886.2052,1040.1923,0.0882353,1.0,80015488.000000
2,896.90967,1023.2848,0.0882353,1.0,80015504.000000
2,907.7185,1007.545,0.12352942,1.0,80015536.000000
2,917.76227,992.06287,0.12352942,1.0,80015544.000000
2,927.0373,975.26495,0.10588236,1.0,80015560.000000
2,935.44855,959.10284,0.10588236,1.0,80015584.000000
2,941.76465,944.02954,0.12352942,1.0,80015600.000000
2,947.9563,930.0983,0.10588236,1.0,80015624.000000
2,957.26636,906.2897,0.0882353,1.0,80015640.000000
2,960.2737,896.1789,0.0882353,1.0,80015656.000000
2,962.1851,888.0743,0.0882353,1.0,80015672.000000
2,963.7306,879.347,0.0882353,1.0,80015688.000000
2,965.27606,870.3437,0.10588236,1.0,80015704.000000
2,966.8244,861.0537,0.10588236,1.0,80015720.000000
2,968.3727,850.3911,0.0882353,1.0,80015744.000000
2,969.9158,839.5896,0.0882353,1.0,80015760.000000
2,970.0,829.19366,0.0882353,1.0,80015776.000000
2,970.0,820.9265,0.0882353,1.0,80015800.000000
2,970.0,813.2214,0.0882353,1.0,80015808.000000
2,970.0,805.45465,0.10588236,1.0,80015824.000000
2,971.0,796.7162,0.10588236,1.0,80015840.000000
2,972.2028,788.9859,0.10588236,1.0,80015864.000000
2,973.7512,781.244,0.0882353,1.0,80015880.000000
2,975.2988,772.2072,0.0882353,1.0,80015904.000000
2,978.6933,762.9201,0.0882353,1.0,80015912.000000
2,980.39136,755.0431,0.0882353,1.0,80015920.000000
2,981.9402,748.2394,0.0882353,1.0,80015936.000000
2,983.4848,742.06067,0.10588236,1.0,80015960.000000
2,985.03467,736.89606,0.10588236,1.0,80015976.000000
2,986.0,730.6977,0.10588236,1.0,80015992.000000
2,986.0,724.5222,0.10588236,1.0,80016008.000000
2,987.0,716.645,0.10588236,1.0,80016024.000000
2,987.0,708.88635,0.0882353,1.0,80016048.000000
2,987.0,700.38556,0.0882353,1.0,80016064.000000
2,987.0,691.1051,0.0882353,1.0,80016088.000000
2,986.13586,681.8151,0.0882353,1.0,80016104.000000
2,984.60944,672.6566,0.10588236,1.0,80016120.000000
2,979.97546,649.90173,0.10588236,1.0,80016160.000000
2,973.7979,622.59064,0.0882353,1.0,80016176.000000
2,970.70264,610.9592,0.0882353,1.0,80016192.000000
2,969.3044,600.8262,0.10588236,1.0,80016208.000000
2,966.5245,592.8111,0.10588236,1.0,80016224.000000
2,965.20917,585.8366,0.10588236,1.0,80016240.000000
2,963.66425,579.6571,0.10588236,1.0,80016256.000000
2,963.0,575.34784,0.0882353,1.0,80016272.000000
2,963.0,570.72375,0.0882353,1.0,80016296.000000
2,963.0,566.07513,0.0882353,1.0,80016320.000000
2,962.4796,562.95917,0.0882353,1.0,80016336.000000
2,962.0,555.7674,0.0882353,1.0,80016360.000000
2,962.0,551.47266,0.0882353,1.0,80016376.000000
2,962.0,548.55743,0.0882353,1.0,80016392.000000
2,962.0,544.19946,0.0882353,1.0,80016408.000000
2,962.0,539.5509,0.0882353,1.0,80016424.000000
2,962.0,534.92786,0.10588236,1.0,80016440.000000
2,962.0,528.37305,0.10588236,1.0,80016456.000000
2,962.0,522.185,0.10588236,1.0,80016480.000000
2,963.00055,515.99725,0.10588236,1.0,80016504.000000
2,966.10016,500.49915,0.0882353,1.0,80016520.000000
2,967.6454,493.77313,0.0882353,1.0,80016536.000000
2,969.19025,487.23895,0.0882353,1.0,80016560.000000
2,969.0,481.02075,0.0882353,1.0,80016576.000000
2,969.0,474.86798,0.0882353,1.0,80016592.000000
2,969.83057,470.5084,0.10588236,1.0,80016608.000000
2,971.37836,465.86487,0.10588236,1.0,80016624.000000
2,971.0,461.20535,0.10588236,1.0,80016640.000000
2,971.0,457.0387,0.10588236,1.0,80016664.000000
2,971.0,453.9429,0.10588236,1.0,80016680.000000
2,971.0,450.86105,0.10588236,1.0,80016688.000000
2,971.0,447.75464,0.10588236,1.0,80016704.000000
2,972.67096,444.6581,0.10588236,1.0,80016736.000000
2,973.21643,441.5671,0.10588236,1.0,80016760.000000
2,974.0,438.4763,0.10588236,1.0,80016784.000000
2,974.0,434.16293,0.0882353,1.0,80016800.000000
2,974.0,432.5995,0.0882353,1.0,80016816.000000
2,974.0,431.04544,0.0882353,1.0,80016832.000000
2,974.0,427.94528,0.0882353,1.0,80016872.000000
2,974.0,424.85178,0.0882353,1.0,80016896.000000
2,974.0,425.0,0.0882353,1.0,80016920.000000
1,974.0,425.0,0.0882353,1.0,80016936.000000
0,296.0,922.0,0.07058824,1.0,80248824.000000
2,296.0,922.0,0.10588236,1.0,80248864.000000
2,292.41547,915.12317,0.12352942,1.0,80248896.000000
2,289.33322,907.83307,0.12352942,1.0,80248912.000000
2,286.22772,900.0693,0.10588236,1.0,80248928.000000
2,283.14096,892.3524,0.10588236,1.0,80248944.000000
2,280.0446,884.6115,0.12352942,1.0,80248968.000000
2,276.95914,874.8774,0.12352942,1.0,80248984.000000
2,274.0,866.0,0.12352942,1.0,80248992.000000
2,270.76602,858.4151,0.12352942,1.0,80249008.000000
2,267.69385,850.7346,0.12352942,1.0,80249024.000000
2,264.58768,842.9692,0.12352942,1.0,80249048.000000
2,263.24384,836.9754,0.10588236,1.0,80249064.000000
2,260.40402,830.80804,0.10588236,1.0,80249080.000000
2,258.1671,824.6685,0.12352942,1.0,80249112.000000
2,247.9118,784.559,0.14117648,1.0,80249168.000000
2,243.10564,753.6338,0.12352942,1.0,80249176.000000
2,229.77707,681.5185,0.14117648,1.0,80249192.000000
2,192.46616,535.3421,0.12352942,1.0,80249216.000000
2,111.940834,397.7549,0.10588236,1.0,80249232.000000
1,111.940834,397.7549,0.10588236,1.0,80249232.000000
0,497.0,407.0,0.05294118,1.0,37971184.000000
2,497.0,407.0,0.14117648,1.0,37971240.000000
2,497.0,407.0,0.14117648,1.0,37971264.000000
2,497.0,407.0,0.12352942,1.0,37971304.000000
2,497.0,407.0,0.0882353,1.0,37971312.000000
1,497.0,407.0,0.0882353,1.0,37971324.000000
0,522.0,1461.0,0.05294118,1.0,37973392.000000
2,522.0,1461.0,0.12352942,1.0,37973428.000000
2,522.0,1461.0,0.12352942,1.0,37973448.000000
2,522.0,1461.0,0.12352942,1.0,37973472.000000
2,519.7856,1456.5712,0.10588236,1.0,37973488.000000
1,519.7856,1456.5712,0.10588236,1.0,37973492.000000
0,820.0,969.0,0.03529412,1.0,38121308.000000
2,820.0,969.0,0.07058824,1.0,38121328.000000
2,820.0,969.0,0.12352942,1.0,38121352.000000
2,820.0,969.0,0.14117648,1.0,38121356.000000
2,818.2909,963.87274,0.12352942,1.0,38121376.000000
2,818.0,956.6871,0.12352942,1.0,38121388.000000
2,818.8102,942.8983,0.12352942,1.0,38121420.000000
2,824.47626,921.33997,0.12352942,1.0,38121432.000000
2,845.08716,877.932,0.10588236,1.0,38121448.000000
2,909.85156,781.91516,0.12352942,1.0,38121460.000000
2,935.1785,737.60724,0.0882353,1.0,38121480.000000
1,935.1785,737.60724,0.0882353,1.0,38121492.000000
0,321.0,635.0,0.07058824,1.0,38180016.000000
2,323.38278,652.48804,0.12352942,1.0,38180052.000000
2,331.89493,712.1593,0.12352942,1.0,38180088.000000
2,335.52298,748.0248,0.14117648,1.0,38180104.000000
2,342.92886,797.7305,0.12352942,1.0,38180120.000000
2,353.5461,860.2119,0.14117648,1.0,38180136.000000
2,371.8018,940.1411,0.12352942,1.0,38180152.000000
2,384.14478,987.5791,0.12352942,1.0,38180188.000000
2,391.3203,1019.7618,0.12352942,1.0,38180216.000000
2,399.2135,1094.9889,0.12352942,1.0,38180244.000000
2,399.0,1131.2532,0.12352942,1.0,38180272.000000
2,399.0,1141.1699,0.14117648,1.0,38180288.000000
2,399.0,1148.6499,0.14117648,1.0,38180308.000000
2,399.0,1154.8425,0.14117648,1.0,38180328.000000
2,399.0,1163.5635,0.12352942,1.0,38180336.000000
2,399.0,1176.5416,0.12352942,1.0,38180360.000000
2,399.0,1191.4662,0.12352942,1.0,38180372.000000
2,400.15628,1205.4065,0.14117648,1.0,38180388.000000
2,400.0,1215.2133,0.14117648,1.0,38180408.000000
2,400.0,1224.5115,0.14117648,1.0,38180440.000000
2,400.0,1239.4126,0.12352942,1.0,38180456.000000
2,400.0,1244.6863,0.12352942,1.0,38180468.000000
2,400.0,1247.8905,0.12352942,1.0,38180484.000000
2,400.0,1249.9781,0.12352942,1.0,38180508.000000
2,400.0,1251.5,0.12352942,1.0,38180520.000000
2,400.0,1249.8086,0.12352942,1.0,38180568.000000
2,400.0,1248.263,0.12352942,1.0,38180588.000000
2,401.28665,1245.4268,0.14117648,1.0,38180612.000000
2,407.1499,1231.9336,0.14117648,1.0,38180640.000000
2,411.78793,1217.7069,0.12352942,1.0,38180652.000000
2,416.42883,1202.7135,0.12352942,1.0,38180668.000000
2,420.05222,1190.8173,0.12352942,1.0,38180688.000000
2,422.57153,1181.1423,0.14117648,1.0,38180704.000000
2,424.12015,1173.3992,0.14117648,1.0,38180716.000000
2,425.66718,1167.3313,0.14117648,1.0,38180736.000000
2,427.21988,1162.3403,0.12352942,1.0,38180752.000000
2,428.0,1158.4692,0.12352942,1.0,38180768.000000
2,428.0,1155.685,0.12352942,1.0,38180796.000000
2,428.0,1154.1362,0.12352942,1.0,38180812.000000
2,428.0,1152.5938,0.12352942,1.0,38180828.000000
2,428.0,1151.0393,0.12352942,1.0,38180844.000000
2,428.0,1149.5,0.12352942,1.0,38180860.000000
2,428.0,1150.0,0.12352942,1.0,38180868.000000
2,427.39264,1150.0,0.10588236,1.0,38180888.000000
2,425.8266,1150.0,0.10588236,1.0,38180896.000000
1,425.8266,1150.0,0.10588236,1.0,38180904.000000
0,94.0,741.0,0.05294118,1.0,38206612.000000
2,94.0,741.0,0.07058824,1.0,38206632.000000
2,94.0,741.0,0.03529412,1.0,38206660.000000
1,94.0,741.0,0.03529412,1.0,38206672.000000
0,317.0,984.0,0.05294118,1.0,38595692.000000
2,317.0,984.0,0.12352942,1.0,38595716.000000
2,317.0,984.0,0.12352942,1.0,38595728.000000
2,317.0,984.0,0.12352942,1.0,38595748.000000
1,317.0,984.0,0.12352942,1.0,38595796.000000
