0,527.0,1157.0,0.07058824,1.0,58427344.000000
2,527.0,1157.0,0.12352942,1.0,58427368.000000
2,524.1265,1162.747,0.14117648,1.0,58427384.000000
2,521.0554,1177.7505,0.12352942,1.0,58427404.000000
2,517.98224,1192.58,0.12352942,1.0,58427424.000000
2,514.9146,1206.3843,0.14117648,1.0,58427440.000000
2,512.4204,1218.6366,0.14117648,1.0,58427452.000000
2,509.7617,1232.0724,0.12352942,1.0,58427468.000000
2,508.34036,1249.2559,0.12352942,1.0,58427484.000000
2,505.62262,1266.0756,0.10588236,1.0,58427504.000000
2,502.53983,1279.5708,0.10588236,1.0,58427520.000000
2,499.18948,1295.5122,0.10588236,1.0,58427544.000000
2,495.38528,1315.4957,0.10588236,1.0,58427556.000000
2,490.9675,1338.1626,0.10588236,1.0,58427568.000000
2,486.3544,1361.8737,0.10588236,1.0,58427584.000000
2,481.75632,1392.2913,0.12352942,1.0,58427604.000000
2,473.25134,1427.9109,0.12352942,1.0,58427620.000000
2,461.99628,1465.0103,0.12352942,1.0,58427640.000000
2,452.76935,1488.5536,0.0882353,1.0,58427652.000000
1,452.76935,1488.5536,0.0882353,1.0,58427668.000000
0,558.0,1362.0,0.0882353,1.0,58549712.000000
2,558.0,1362.0,0.10588236,1.0,58549732.000000
2,555.56464,1365.2472,0.12352942,1.0,58549748.000000
2,550.94464,1374.1107,0.12352942,1.0,58549764.000000
2,546.3514,1392.4773,0.12352942,1.0,58549784.000000
2,536.786,1426.3276,0.12352942,1.0,58549804.000000
2,513.6542,1501.892,0.12352942,1.0,58549816.000000
2,487.977,1600.594,0.10588236,1.0,58549832.000000
2,472.61484,1664.6262,0.07058824,1.0,58549848.000000
1,472.61484,1664.6262,0.07058824,1.0,58549852.000000
0,748.0,644.0,0.05294118,1.0,54417348.000000
2,748.0,644.0,0.07058824,1.0,54417368.000000
2,748.0,644.0,0.0882353,1.0,54417388.000000
2,746.104,658.8562,0.0882353,1.0,54417400.000000
2,743.137,690.0613,0.07058824,1.0,54417420.000000
2,742.0278,728.3332,0.0882353,1.0,54417440.000000
2,742.0,769.2153,0.07058824,1.0,54417456.000000
2,742.0,807.28674,0.07058824,1.0,54417488.000000
2,744.0,861.5,0.07058824,1.0,54417504.000000
1,744.0,861.5,0.07058824,1.0,54417516.000000
0,931.0,777.0,0.07058824,1.0,54429972.000000
2,931.0,777.0,0.07058824,1.0,54430000.000000
2,931.0,777.0,0.10588236,1.0,54430020.000000
2,931.0,777.0,0.10588236,1.0,54430040.000000
2,922.61536,782.03845,0.10588236,1.0,54430072.000000
2,914.57837,800.4963,0.10588236,1.0,54430088.000000
2,906.9188,828.90845,0.0882353,1.0,54430104.000000
2,904.0781,861.2188,0.10588236,1.0,54430120.000000
2,901.0132,894.85504,0.0882353,1.0,54430136.000000
2,896.83936,926.8033,0.0882353,1.0,54430152.000000
1,896.83936,926.8033,0.0882353,1.0,54430160.000000
0,665.0,594.0,0.03529412,1.0,54536708.000000
2,665.0,598.60767,0.10588236,1.0,54536732.000000
2,662.4497,624.0533,0.0882353,1.0,54536752.000000
2,660.6859,667.10846,0.10588236,1.0,54536768.000000
2,659.0,732.291,0.10588236,1.0,54536784.000000
2,659.0,803.54126,0.10588236,1.0,54536804.000000
2,660.859,866.25085,0.0882353,1.0,54536816.000000
2,664.3276,919.83344,0.10588236,1.0,54536832.000000
2,670.03815,960.2287,0.07058824,1.0,54536848.000000
1,670.03815,960.2287,0.07058824,1.0,54536864.000000
0,702.0,822.0,0.07058824,1.0,54577844.000000
2,702.0,822.0,0.0882353,1.0,54577872.000000
1,702.0,822.0,0.0882353,1.0,54577912.000000
0,340.0,728.0,0.07058824,1.0,54661684.000000
2,340.0,728.0,0.0882353,1.0,54661712.000000
1,340.0,728.0,0.0882353,1.0,54661752.000000
0,316.0,808.0,0.03529412,1.0,54674064.000000
2,316.0,808.0,0.0882353,1.0,54674100.000000
2,316.0,808.0,0.0882353,1.0,54674136.000000
2,316.0,808.0,0.07058824,1.0,54674144.000000
1,316.0,808.0,0.07058824,1.0,54674156.000000
0,846.0,837.0,0.03529412,1.0,54680788.000000
2,844.5445,834.089,0.05294118,1.0,54680800.000000
2,836.5918,814.5781,0.0882353,1.0,54680816.000000
2,825.9403,779.9467,0.10588236,1.0,54680832.000000
2,818.1243,750.4725,0.0882353,1.0,54680848.000000
2,812.46875,724.3438,0.0882353,1.0,54680864.000000
2,808.915,704.48975,0.07058824,1.0,54680884.000000
2,808.0,688.13574,0.07058824,1.0,54680904.000000
2,808.0,674.9731,0.0882353,1.0,54680916.000000
1,808.0,674.9731,0.0882353,1.0,54680920.000000
0,697.0,874.0,0.05294118,1.0,54684088.000000
2,697.0,874.0,0.0882353,1.0,54684104.000000
2,697.0,874.0,0.10588236,1.0,54684128.000000
1,697.0,874.0,0.10588236,1.0,54684136.000000
0,842.0,723.0,0.05294118,1.0,54758400.000000
2,842.0,723.0,0.10588236,1.0,54758424.000000
2,831.76624,740.4676,0.10588236,1.0,54758456.000000
2,815.22095,803.1163,0.10588236,1.0,54758480.000000
2,809.0,889.0514,0.0882353,1.0,54758492.000000
2,811.12006,982.781,0.0882353,1.0,54758508.000000
2,815.97107,1064.3049,0.0882353,1.0,54758520.000000
2,822.55743,1131.7136,0.07058824,1.0,54758540.000000
1,822.55743,1131.7136,0.07058824,1.0,54758544.000000
0,973.0,873.0,0.07058824,1.0,54846048.000000
2,973.0,873.0,0.07058824,1.0,54846068.000000
2,972.5653,871.2613,0.0882353,1.0,54846088.000000
2,971.02795,864.1397,0.10588236,1.0,54846100.000000
2,969.5,853.5,0.10588236,1.0,54846120.000000
2,970.0,838.59076,0.0882353,1.0,54846140.000000
2,970.0,822.56213,0.0882353,1.0,54846160.000000
2,971.04785,805.4261,0.10588236,1.0,54846172.000000
2,974.9875,788.3751,0.10588236,1.0,54846192.000000
2,979.69904,775.136,0.07058824,1.0,54846204.000000
1,979.69904,775.136,0.07058824,1.0,54846208.000000
0,566.0,761.0,0.05294118,1.0,54913280.000000
2,566.0,761.0,0.07058824,1.0,54913308.000000
2,566.0,761.0,0.0882353,1.0,54913324.000000
2,566.0,761.0,0.0882353,1.0,54913344.000000
2,566.0,761.0,0.0882353,1.0,54913356.000000
1,566.0,761.0,0.0882353,1.0,54913396.000000
0,720.0,577.0,0.07058824,1.0,54937436.000000
2,719.35724,581.49927,0.10588236,1.0,54937456.000000
2,716.6365,598.18115,0.10588236,1.0,54937476.000000
2,714.28723,635.53253,0.10588236,1.0,54937504.000000
2,713.0,680.7794,0.10588236,1.0,54937512.000000
2,713.7864,733.524,0.10588236,1.0,54937532.000000
2,716.68884,782.67664,0.10588236,1.0,54937544.000000
1,716.68884,782.67664,0.10588236,1.0,54937548.000000
0,866.0,499.0,0.07058824,1.0,54940812.000000
2,866.0,499.0,0.0882353,1.0,54940840.000000
2,866.0,499.0,0.0882353,1.0,54940852.000000
2,866.0,499.0,0.10588236,1.0,54940872.000000
2,866.61285,511.1284,0.10588236,1.0,54940884.000000
2,868.1502,529.953,0.12352942,1.0,54940904.000000
2,873.07965,564.2507,0.10588236,1.0,54940920.000000
2,877.6672,593.0031,0.10588236,1.0,54940936.000000
2,883.29553,625.06885,0.10588236,1.0,54940960.000000
2,887.3073,651.6101,0.10588236,1.0,54940972.000000
2,888.85077,677.3138,0.10588236,1.0,54940984.000000
2,890.3854,704.1655,0.10588236,1.0,54941004.000000
2,891.9269,726.0491,0.10588236,1.0,54941032.000000
2,898.20825,758.45776,0.10588236,1.0,54941052.000000
1,898.20825,758.45776,0.10588236,1.0,54941064.000000
0,655.0,855.0,0.03529412,1.0,55004716.000000
2,655.0,855.0,0.10588236,1.0,55004728.000000
2,655.0,855.0,0.10588236,1.0,55004744.000000
2,655.0,855.0,0.07058824,1.0,55004792.000000
1,655.0,855.0,0.07058824,1.0,55004800.000000
0,472.0,892.0,0.05294118,1.0,55022092.000000
2,472.0,892.0,0.07058824,1.0,55022128.000000
1,472.0,892.0,0.07058824,1.0,55022160.000000
0,321.0,806.0,0.03529412,1.0,55120216.000000
2,321.0,806.0,0.10588236,1.0,55120224.000000
2,321.0,806.0,0.10588236,1.0,55120280.000000
1,321.0,806.0,0.10588236,1.0,55120296.000000
0,557.0,790.0,0.07058824,1.0,55129300.000000
2,557.0,790.0,0.10588236,1.0,55129332.000000
2,558.01,786.97,0.10588236,1.0,55129360.000000
1,558.01,786.97,0.10588236,1.0,55129372.000000
0,852.0,919.0,0.05294118,1.0,55140920.000000
2,852.0,919.0,0.07058824,1.0,55140952.000000
2,852.0,919.0,0.10588236,1.0,55140964.000000
2,852.0,919.0,0.10588236,1.0,55140984.000000
2,846.0901,907.01624,0.0882353,1.0,55141004.000000
2,832.8718,863.0515,0.0882353,1.0,55141016.000000
2,826.2927,749.8153,0.0882353,1.0,55141032.000000
2,834.2029,626.76074,0.0882353,1.0,55141048.000000
1,834.2029,626.76074,0.0882353,1.0,55141052.000000
0,894.0,820.0,0.07058824,1.0,55149296.000000
2,890.118,813.236,0.0882353,1.0,55149320.000000
2,884.094,799.7114,0.10588236,1.0,55149340.000000
2,876.9756,771.89636,0.07058824,1.0,55149360.000000
2,872.89734,740.31915,0.10588236,1.0,55149376.000000
2,869.8304,700.7106,0.10588236,1.0,55149392.000000
2,872.8691,653.30945,0.10588236,1.0,55149416.000000
2,876.33624,610.461,0.07058824,1.0,55149424.000000
1,876.33624,610.461,0.07058824,1.0,55149436.000000
0,724.0,681.0,0.07058824,1.0,55169180.000000
2,724.0,681.0,0.0882353,1.0,55169212.000000
2,724.0,681.0,0.10588236,1.0,55169220.000000
2,724.0,681.0,0.12352942,1.0,55169240.000000
2,716.63855,697.92474,0.10588236,1.0,55169292.000000
2,713.2498,720.62646,0.10588236,1.0,55169304.000000
2,714.9212,744.7389,0.10588236,1.0,55169324.000000
2,716.90546,769.79095,0.10588236,1.0,55169340.000000
2,719.97845,791.84906,0.10588236,1.0,55169356.000000
2,722.52875,816.51746,0.10588236,1.0,55169384.000000
2,725.06525,844.0444,0.10588236,1.0,55169404.000000
2,726.6022,867.4304,0.10588236,1.0,55169416.000000
2,728.1312,888.4432,0.10588236,1.0,55169432.000000
2,729.6756,903.40497,0.10588236,1.0,55169452.000000
2,730.0,910.63885,0.10588236,1.0,55169468.000000
2,730.0,914.4968,0.10588236,1.0,55169496.000000
2,730.0,920.4927,0.10588236,1.0,55169516.000000
2,730.0,930.2496,0.10588236,1.0,55169532.000000
2,730.8988,947.6846,0.0882353,1.0,55169544.000000
2,733.87115,969.0979,0.0882353,1.0,55169560.000000
2,735.9642,982.6775,0.0882353,1.0,55169572.000000
2,737.5,992.0,0.07058824,1.0,55169592.000000
2,737.0,994.10803,0.07058824,1.0,55169604.000000
2,737.0,995.5,0.07058824,1.0,55169624.000000
1,737.0,995.5,0.07058824,1.0,55169632.000000
0,93.0,913.0,0.07058824,1.0,55238848.000000
2,93.0,913.0,0.10588236,1.0,55238864.000000
2,93.0,913.0,0.10588236,1.0,55238888.000000
2,93.0,913.0,0.10588236,1.0,55238896.000000
1,93.0,913.0,0.10588236,1.0,55238920.000000
0,238.0,993.0,0.07058824,1.0,55273456.000000
2,238.0,993.0,0.10588236,1.0,55273472.000000
1,238.0,993.0,0.10588236,1.0,55273532.000000
0,361.0,647.0,0.05294118,1.0,55293836.000000
2,361.0,647.0,0.10588236,1.0,55293872.000000
2,361.0,647.0,0.10588236,1.0,55293912.000000
2,365.09146,642.90857,0.10588236,1.0,55293920.000000
1,365.09146,642.90857,0.10588236,1.0,55293928.000000
0,887.0,690.0,0.05294118,1.0,55380048.000000
2,887.0,690.0,0.07058824,1.0,55380072.000000
2,887.0,690.0,0.0882353,1.0,55380096.000000
2,887.0,690.0,0.07058824,1.0,55380152.000000
1,887.0,690.0,0.07058824,1.0,55380172.000000
0,178.0,841.0,0.03529412,1.0,55392788.000000
2,178.0,841.0,0.10588236,1.0,55392824.000000
2,181.4839,836.5161,0.10588236,1.0,55392872.000000
2,185.89291,833.4047,0.07058824,1.0,55392888.000000
1,185.89291,833.4047,0.07058824,1.0,55392896.000000
0,565.0,824.0,0.07058824,1.0,56073116.000000
2,565.0,824.0,0.07058824,1.0,56073140.000000
2,565.0,824.0,0.0882353,1.0,56073200.000000
1,565.0,824.0,0.0882353,1.0,56073216.000000
0,268.0,650.0,0.05294118,1.0,56134324.000000
2,268.0,650.0,0.0882353,1.0,56134356.000000
1,268.0,650.0,0.0882353,1.0,56134404.000000
0,667.0,773.0,0.07058824,1.0,56197212.000000
2,667.0,773.0,0.0882353,1.0,56197228.000000
2,667.0,773.0,0.0882353,1.0,56197236.000000
1,667.0,773.0,0.0882353,1.0,56197268.000000
0,722.0,1256.0,0.07058824,1.0,35603336.000000
2,720.0458,1253.0686,0.05294118,1.0,35603360.000000
2,715.46466,1241.3704,0.0882353,1.0,35603380.000000
2,710.8459,1223.3837,0.10588236,1.0,35603388.000000
2,707.82385,1207.1193,0.10588236,1.0,35603408.000000
2,707.0,1191.8467,0.10588236,1.0,35603428.000000
2,707.6523,1177.477,0.0882353,1.0,35603440.000000
2,709.197,1162.0297,0.10588236,1.0,35603468.000000
2,712.4726,1143.4282,0.10588236,1.0,35603480.000000
2,714.2737,1122.1681,0.10588236,1.0,35603492.000000
1,714.2737,1122.1681,0.10588236,1.0,35603500.000000
0,700.0,918.0,0.07058824,1.0,38179512.000000
2,698.26843,912.07367,0.0882353,1.0,38179548.000000
2,696.0,898.7822,0.0882353,1.0,38179568.000000
2,696.0,892.61536,0.10588236,1.0,38179588.000000
2,696.0,883.8097,0.10588236,1.0,38179608.000000
2,697.4323,865.8122,0.10588236,1.0,38179620.000000
2,702.8911,833.72595,0.10588236,1.0,38179640.000000
2,707.5,797.0,0.10588236,1.0,38179656.000000
2,704.8906,764.90643,0.0882353,1.0,38179672.000000
1,704.8906,764.90643,0.0882353,1.0,38179676.000000
0,268.0,668.0,0.05294118,1.0,38216336.000000
2,268.76385,671.8193,0.07058824,1.0,38216352.000000
2,274.2406,690.0319,0.12352942,1.0,38216372.000000
2,291.14664,733.521,0.12352942,1.0,38216388.000000
2,310.86337,786.0937,0.10588236,1.0,38216404.000000
2,322.39377,824.954,0.10588236,1.0,38216424.000000
2,330.319,853.3484,0.12352942,1.0,38216440.000000
2,330.0,864.06323,0.07058824,1.0,38216456.000000
1,330.0,864.06323,0.07058824,1.0,38216464.000000
0,278.0,877.0,0.0882353,1.0,38238336.000000
2,278.0,877.0,0.12352942,1.0,38238368.000000
2,278.0,872.1166,0.12352942,1.0,38238376.000000
2,278.0,846.21173,0.12352942,1.0,38238392.000000
2,278.0,811.9718,0.12352942,1.0,38238416.000000
2,280.68466,774.7841,0.12352942,1.0,38238428.000000
2,282.38177,732.3101,0.12352942,1.0,38238448.000000
2,279.15756,696.8121,0.12352942,1.0,38238464.000000
2,277.5349,668.6284,0.10588236,1.0,38238480.000000
2,275.92963,638.33154,0.07058824,1.0,38238496.000000
1,275.92963,638.33154,0.07058824,1.0,38238504.000000
0,738.0,802.0,0.0882353,1.0,38324240.000000
2,736.9714,805.0859,0.10588236,1.0,38324268.000000
2,732.1504,824.3984,0.14117648,1.0,38324288.000000
2,725.56995,857.36536,0.10588236,1.0,38324296.000000
2,716.409,897.7082,0.12352942,1.0,38324320.000000
2,704.3774,937.0706,0.10588236,1.0,38324332.000000
1,704.3774,937.0706,0.10588236,1.0,38324336.000000
0,679.0,886.0,0.05294118,1.0,38366496.000000
2,679.0,886.0,0.10588236,1.0,38366516.000000
2,679.0,886.0,0.12352942,1.0,38366536.000000
2,676.04724,881.57086,0.12352942,1.0,38366552.000000
2,670.9733,855.84875,0.12352942,1.0,38366568.000000
2,668.0,823.0,0.14117648,1.0,38366588.000000
2,665.8972,779.5338,0.10588236,1.0,38366600.000000
1,665.8972,779.5338,0.10588236,1.0,38366608.000000
0,528.0,951.0,0.07058824,1.0,38367320.000000
2,528.0,951.0,0.12352942,1.0,38367368.000000
2,528.0,951.0,0.12352942,1.0,38367376.000000
2,528.0,951.0,0.10588236,1.0,38367396.000000
1,528.0,951.0,0.10588236,1.0,38367408.000000
0,793.0,859.0,0.07058824,1.0,38604700.000000
2,793.0,859.0,0.10588236,1.0,38604764.000000
2,793.0,859.0,0.0882353,1.0,38604776.000000
1,793.0,859.0,0.0882353,1.0,38604784.000000
0,315.0,536.0,0.05294118,1.0,38718324.000000
2,315.0,536.0,0.10588236,1.0,38718344.000000
2,315.0,536.0,0.10588236,1.0,38718352.000000
2,315.0,536.0,0.10588236,1.0,38718372.000000
2,315.0,536.0,0.10588236,1.0,38718384.000000
2,315.0,536.0,0.12352942,1.0,38718404.000000
2,315.0,536.0,0.12352942,1.0,38718424.000000
2,315.0,536.0,0.10588236,1.0,38718444.000000
2,315.0,536.0,0.10588236,1.0,38718456.000000
1,315.0,536.0,0.10588236,1.0,38718464.000000
0,224.0,637.0,0.10588236,1.0,38976868.000000
2,224.0,637.0,0.10588236,1.0,38976888.000000
2,224.0,637.0,0.10588236,1.0,38976908.000000
2,223.20793,648.3365,0.10588236,1.0,38976932.000000
2,222.0,662.31964,0.12352942,1.0,38976952.000000
2,221.1315,682.02747,0.12352942,1.0,38976960.000000
2,221.0,711.3617,0.12352942,1.0,38976996.000000
2,222.89374,739.0436,0.10588236,1.0,38977012.000000
2,232.0954,812.7314,0.12352942,1.0,38977028.000000
2,237.13342,850.9009,0.10588236,1.0,38977048.000000
2,239.11443,880.0598,0.12352942,1.0,38977060.000000
1,239.11443,880.0598,0.12352942,1.0,38977072.000000
0,171.0,965.0,0.03529412,1.0,39013708.000000
2,171.0,965.0,0.0882353,1.0,39013744.000000
2,171.0,965.0,0.10588236,1.0,39013772.000000
2,171.0,965.0,0.10588236,1.0,39013792.000000
2,171.0,965.0,0.0882353,1.0,39013804.000000
1,171.0,965.0,0.0882353,1.0,39013832.000000
0,734.0,820.0,0.05294118,1.0,39230772.000000
2,734.0,820.0,0.14117648,1.0,39230792.000000
2,734.0,820.0,0.14117648,1.0,39230816.000000
2,734.0,820.0,0.12352942,1.0,39230824.000000
1,734.0,820.0,0.12352942,1.0,39230836.000000
0,644.0,1366.0,0.07058824,1.0,2086648.000000
2,644.0,1366.0,0.07058824,1.0,2086665.000000
2,644.0,1366.0,0.0882353,1.0,2086674.000000
2,644.0,1366.0,0.0882353,1.0,2086694.000000
2,643.0,1374.8848,0.10588236,1.0,2086712.000000
2,641.5,1393.0,0.10588236,1.0,2086728.000000
2,636.8375,1429.2999,0.0882353,1.0,2086745.000000
2,626.8438,1478.5935,0.10588236,1.0,2086766.000000
2,616.04236,1515.873,0.0882353,1.0,2086778.000000
1,616.04236,1515.873,0.0882353,1.0,2086785.000000
0,672.0,874.0,0.05294118,1.0,2149005.000000
2,672.0,874.0,0.12352942,1.0,2149047.000000
2,672.0,874.0,0.12352942,1.0,2149065.000000
2,672.85925,869.70374,0.12352942,1.0,2149073.000000
2,674.387,859.29083,0.12352942,1.0,2149093.000000
2,677.85406,842.80273,0.12352942,1.0,2149106.000000
2,680.936,824.3841,0.10588236,1.0,2149127.000000
2,681.0,815.9694,0.10588236,1.0,2149145.000000
2,681.53534,808.85876,0.10588236,1.0,2149166.000000
2,683.0744,802.7025,0.0882353,1.0,2149179.000000
1,683.0744,802.7025,0.0882353,1.0,2149186.000000
0,748.0,863.0,0.07058824,1.0,2401166.000000
2,748.0,863.0,0.10588236,1.0,2401176.000000
2,745.8698,857.67456,0.12352942,1.0,2401203.000000
2,742.79565,842.774,0.12352942,1.0,2401217.000000
2,742.0,816.1205,0.12352942,1.0,2401243.000000
2,746.72156,784.03143,0.10588236,1.0,2401254.000000
2,750.45557,758.5831,0.07058824,1.0,2401267.000000
1,750.45557,758.5831,0.07058824,1.0,2401274.000000
0,699.0,864.0,0.05294118,1.0,2428661.000000
2,700.7037,782.96344,0.10588236,1.0,2428716.000000
2,703.84454,763.23834,0.0882353,1.0,2428733.000000
2,711.0167,733.93646,0.10588236,1.0,2428745.000000
1,711.0167,733.93646,0.10588236,1.0,2428750.000000
0,663.0,882.0,0.03529412,1.0,2453802.000000
2,661.6135,877.8406,0.0882353,1.0,2453827.000000
2,659.15106,860.90643,0.10588236,1.0,2453844.000000
2,658.0,833.5042,0.10588236,1.0,2453865.000000
2,658.99207,795.2067,0.10588236,1.0,2453876.000000
2,663.5987,760.809,0.10588236,1.0,2453894.000000
2,666.07416,730.5908,0.0882353,1.0,2453910.000000
1,666.07416,730.5908,0.0882353,1.0,2453932.000000
0,692.0,698.0,0.05294118,1.0,2458369.000000
2,692.0,698.0,0.07058824,1.0,2458377.000000
2,688.31,706.61005,0.10588236,1.0,2458397.000000
2,683.72723,721.5758,0.10588236,1.0,2458409.000000
2,677.84094,739.4771,0.12352942,1.0,2458429.000000
2,670.826,762.5221,0.12352942,1.0,2458451.000000
2,663.12775,786.24225,0.10588236,1.0,2458469.000000
2,656.337,807.8207,0.10588236,1.0,2458480.000000
2,653.0899,824.0954,0.0882353,1.0,2458497.000000
2,648.9639,836.0841,0.03529412,1.0,2458515.000000
1,648.9639,836.0841,0.03529412,1.0,2458530.000000
0,672.0,823.0,0.0882353,1.0,2460332.000000
2,671.10376,820.3113,0.07058824,1.0,2460360.000000
2,669.5685,809.9792,0.10588236,1.0,2460371.000000
2,670.964,775.79175,0.10588236,1.0,2460392.000000
2,674.0,742.0,0.07058824,1.0,2460411.000000
2,675.0,708.793,0.07058824,1.0,2460425.000000
1,675.0,708.793,0.07058824,1.0,2460433.000000
0,638.0,757.0,0.03529412,1.0,2517650.000000
2,636.022,766.8462,0.0882353,1.0,2517688.000000
2,632.4646,786.6533,0.10588236,1.0,2517706.000000
2,620.64764,833.8212,0.10588236,1.0,2517728.000000
2,614.50226,856.8665,0.10588236,1.0,2517738.000000
2,610.007,874.97186,0.0882353,1.0,2517754.000000
2,606.59216,888.6312,0.07058824,1.0,2517771.000000
1,606.59216,888.6312,0.07058824,1.0,2517787.000000
0,680.0,764.0,0.07058824,1.0,2531200.000000
2,680.0,764.0,0.10588236,1.0,2531219.000000
2,677.3117,772.0649,0.12352942,1.0,2531240.000000
2,674.2469,786.76556,0.12352942,1.0,2531247.000000
2,670.1718,802.5551,0.12352942,1.0,2531268.000000
2,667.1004,818.4981,0.12352942,1.0,2531292.000000
2,664.0215,833.89246,0.12352942,1.0,2531303.000000
2,662.9714,845.20056,0.10588236,1.0,2531327.000000
2,661.4289,855.4268,0.10588236,1.0,2531339.000000
2,661.0,863.56903,0.07058824,1.0,2531352.000000
1,661.0,863.56903,0.07058824,1.0,2531359.000000
0,648.0,919.0,0.07058824,1.0,2571703.000000
2,646.5122,914.0488,0.10588236,1.0,2571738.000000
2,646.0,903.83887,0.12352942,1.0,2571746.000000
2,645.4455,885.23706,0.10588236,1.0,2571758.000000
2,643.90656,863.69165,0.10588236,1.0,2571780.000000
2,641.3649,843.10913,0.10588236,1.0,2571798.000000
2,638.6478,825.0629,0.0882353,1.0,2571811.000000
1,638.6478,825.0629,0.0882353,1.0,2571818.000000
0,691.0,930.0,0.05294118,1.0,2765153.000000
2,681.7589,915.5982,0.10588236,1.0,2765172.000000
2,666.67847,875.2676,0.12352942,1.0,2765206.000000
2,659.6999,829.7655,0.12352942,1.0,2765227.000000
2,658.0,788.6004,0.12352942,1.0,2765244.000000
2,667.5048,720.8519,0.12352942,1.0,2765264.000000
2,675.49475,687.93677,0.12352942,1.0,2765279.000000
2,685.2754,652.5333,0.12352942,1.0,2765316.000000
1,692.0134,620.9362,0.07058824,1.0,2765337.000000
0,220.0,685.0,0.05294118,1.0,2777447.000000
2,220.0,680.016,0.10588236,1.0,2777480.000000
2,218.23956,663.3176,0.10588236,1.0,2777495.000000
2,215.1362,644.3853,0.10588236,1.0,2777516.000000
2,212.06671,626.36694,0.0882353,1.0,2777528.000000
2,208.98492,609.41705,0.10588236,1.0,2777550.000000
2,203.78145,589.2351,0.07058824,1.0,2777562.000000
1,203.78145,589.2351,0.07058824,1.0,2777576.000000
0,671.0,942.0,0.07058824,1.0,2809670.000000
2,671.0,942.0,0.10588236,1.0,2809706.000000
2,671.0,942.0,0.12352942,1.0,2809726.000000
2,672.3235,932.73553,0.12352942,1.0,2809736.000000
2,678.946,904.2052,0.12352942,1.0,2809755.000000
2,692.8215,859.46423,0.10588236,1.0,2809775.000000
2,706.69446,811.5307,0.0882353,1.0,2809805.000000
1,706.69446,811.5307,0.0882353,1.0,2809816.000000
0,803.0,752.0,0.03529412,1.0,2857992.000000
2,803.0,752.0,0.07058824,1.0,2858013.000000
2,803.0,752.0,0.07058824,1.0,2858033.000000
2,803.0,752.0,0.07058824,1.0,2858074.000000
1,803.0,752.0,0.07058824,1.0,2858101.000000
0,672.0,883.0,0.03529412,1.0,2860736.000000
2,672.0,883.0,0.07058824,1.0,2860756.000000
1,672.0,883.0,0.07058824,1.0,2860787.000000
0,560.0,939.0,0.05294118,1.0,2862878.000000
2,557.6069,922.8548,0.12352942,1.0,2862917.000000
2,557.92706,890.75006,0.12352942,1.0,2862934.000000
2,562.3911,846.5527,0.12352942,1.0,2862949.000000
2,571.00226,800.98553,0.10588236,1.0,2862966.000000
2,577.0,766.5,0.10588236,1.0,2862981.000000
2,581.147,733.53,0.10588236,1.0,2862998.000000
2,581.6181,709.11066,0.10588236,1.0,2863017.000000
2,578.4943,688.9772,0.0882353,1.0,2863031.000000
1,578.4943,688.9772,0.0882353,1.0,2863039.000000
0,670.0,769.0,0.03529412,1.0,2960167.000000
2,670.0,769.0,0.10588236,1.0,2960183.000000
2,665.1643,784.4523,0.10588236,1.0,2960195.000000
2,660.5,800.0,0.10588236,1.0,2960213.000000
2,655.77136,819.8861,0.12352942,1.0,2960235.000000
2,650.5322,847.3602,0.10588236,1.0,2960254.000000
2,645.9133,867.3755,0.0882353,1.0,2960266.000000
1,645.9133,867.3755,0.0882353,1.0,2960274.000000
0,662.0,772.0,0.07058824,1.0,3145172.000000
2,659.40405,777.19183,0.0882353,1.0,3145184.000000
2,651.99756,790.60443,0.10588236,1.0,3145196.000000
2,642.4318,812.07465,0.12352942,1.0,3145215.000000
2,625.7883,842.4758,0.10588236,1.0,3145229.000000
2,609.91077,869.14276,0.14117648,1.0,3145248.000000
2,593.23987,894.1402,0.10588236,1.0,3145272.000000
2,585.6969,905.762,0.10588236,1.0,3145289.000000
2,573.8389,929.72473,0.07058824,1.0,3145303.000000
1,573.8389,929.72473,0.07058824,1.0,3145315.000000
0,548.0,702.0,0.07058824,1.0,3201006.000000
2,548.0,702.0,0.07058824,1.0,3201029.000000
2,538.6466,724.0601,0.12352942,1.0,3201050.000000
2,527.6658,773.05194,0.12352942,1.0,3201069.000000
2,514.601,825.285,0.10588236,1.0,3201082.000000
2,500.78406,873.79175,0.10588236,1.0,3201099.000000
2,483.07928,925.032,0.0882353,1.0,3201114.000000
1,483.07928,925.032,0.0882353,1.0,3201118.000000
0,528.0,789.0,0.07058824,1.0,3204663.000000
2,528.0,789.0,0.10588236,1.0,3204682.000000
2,528.0,789.0,0.10588236,1.0,3204701.000000
2,525.58545,802.48737,0.10588236,1.0,3204734.000000
2,523.09534,815.571,0.12352942,1.0,3204752.000000
2,518.51965,831.428,0.10588236,1.0,3204773.000000
2,513.9139,848.31573,0.10588236,1.0,3204793.000000
2,507.78857,875.9514,0.0882353,1.0,3204827.000000
2,505.36008,890.3992,0.10588236,1.0,3204837.000000
2,502.6563,905.71844,0.10588236,1.0,3204854.000000
2,499.57928,920.1036,0.10588236,1.0,3204873.000000
2,495.2294,933.05493,0.07058824,1.0,3204887.000000
1,495.2294,933.05493,0.07058824,1.0,3204892.000000
0,238.0,488.0,0.05294118,1.0,3234081.000000
2,238.0,488.0,0.10588236,1.0,3234108.000000
2,238.0,488.0,0.12352942,1.0,3234124.000000
2,238.0,488.0,0.12352942,1.0,3234141.000000
2,238.0,488.0,0.10588236,1.0,3234174.000000
1,238.0,488.0,0.10588236,1.0,3234181.000000
0,634.0,804.0,0.05294118,1.0,3476999.000000
2,633.0,815.08234,0.12352942,1.0,3477023.000000
2,632.0023,837.9606,0.10588236,1.0,3477036.000000
2,629.34546,860.5637,0.10588236,1.0,3477067.000000
2,624.31616,886.57733,0.10588236,1.0,3477080.000000
2,616.50476,913.9866,0.10588236,1.0,3477095.000000
2,608.1165,936.297,0.07058824,1.0,3477112.000000
1,608.1165,936.297,0.07058824,1.0,3477123.000000
0,351.0,598.0,0.0882353,1.0,3528089.000000
2,357.82108,654.77936,0.12352942,1.0,3528123.000000
2,358.0,688.00574,0.12352942,1.0,3528145.000000
2,358.0,718.1386,0.12352942,1.0,3528156.000000
2,356.56168,746.32794,0.10588236,1.0,3528173.000000
2,356.0,772.60297,0.12352942,1.0,3528189.000000
2,355.0,797.82153,0.12352942,1.0,3528205.000000
2,355.0,821.8097,0.10588236,1.0,3528224.000000
2,354.408,837.92017,0.10588236,1.0,3528243.000000
2,350.58948,852.2316,0.0882353,1.0,3528256.000000
1,350.58948,852.2316,0.0882353,1.0,3528264.000000
0,677.0,881.0,0.07058824,1.0,3541067.000000
2,677.0,881.0,0.07058824,1.0,3541088.000000
2,675.30896,875.9268,0.12352942,1.0,3541106.000000
2,670.8683,860.85034,0.12352942,1.0,3541131.000000
2,666.25195,843.92395,0.12352942,1.0,3541139.000000
2,661.15796,824.55286,0.10588236,1.0,3541156.000000
2,657.9938,802.91327,0.10588236,1.0,3541170.000000
1,657.9938,802.91327,0.10588236,1.0,3541176.000000
0,812.0,671.0,0.03529412,1.0,3592827.000000
2,812.0,671.0,0.07058824,1.0,3592845.000000
2,812.0,671.0,0.0882353,1.0,3592865.000000
2,812.0,671.0,0.07058824,1.0,3592894.000000
1,812.0,671.0,0.07058824,1.0,3592905.000000
0,491.0,655.0,0.03529412,1.0,3603946.000000
2,491.0,655.0,0.12352942,1.0,3603984.000000
2,491.0,655.0,0.10588236,1.0,3604000.000000
1,491.0,655.0,0.10588236,1.0,3604004.000000
0,711.0,575.0,0.05294118,1.0,3761408.000000
2,709.96356,580.18207,0.10588236,1.0,3761417.000000
2,702.2411,604.08704,0.12352942,1.0,3761432.000000
2,684.26733,653.7981,0.12352942,1.0,3761447.000000
2,653.9114,711.8229,0.14117648,1.0,3761469.000000
2,622.7399,772.52014,0.0882353,1.0,3761480.000000
1,622.7399,772.52014,0.0882353,1.0,3761487.000000
0,298.0,752.0,0.0882353,1.0,3860836.000000
2,306.63327,774.97314,0.12352942,1.0,3860863.000000
2,320.6641,815.32434,0.10588236,1.0,3860883.000000
2,333.02335,864.1001,0.12352942,1.0,3860898.000000
2,342.1663,911.7056,0.12352942,1.0,3860914.000000
2,341.82904,964.07733,0.0882353,1.0,3860931.000000
1,341.82904,964.07733,0.0882353,1.0,3860951.000000
0,532.0,1628.0,0.0882353,1.0,42482812.000000
2,531.0,1571.3981,0.14117648,1.0,42482844.000000
2,552.5276,1451.8898,0.12352942,1.0,42482876.000000
1,578.51587,1338.6786,0.10588236,1.0,42482896.000000
0,761.0,748.0,0.05294118,1.0,42504148.000000
2,761.0,748.0,0.10588236,1.0,42504180.000000
2,759.9276,749.87665,0.14117648,1.0,42504196.000000
2,754.59174,763.83026,0.12352942,1.0,42504212.000000
2,750.32294,785.7393,0.12352942,1.0,42504228.000000
2,748.1262,807.2326,0.14117648,1.0,42504248.000000
2,747.5871,833.1939,0.12352942,1.0,42504264.000000
2,747.0,855.29694,0.12352942,1.0,42504280.000000
2,746.4224,904.6204,0.10588236,1.0,42504320.000000
2,743.7654,918.05585,0.05294118,1.0,42504336.000000
1,743.7654,918.05585,0.05294118,1.0,42504352.000000
0,291.0,780.0,0.03529412,1.0,42540576.000000
2,291.0,780.0,0.07058824,1.0,42540604.000000
2,291.88782,777.33655,0.10588236,1.0,42540624.000000
2,297.69196,764.19305,0.0882353,1.0,42540632.000000
2,304.83286,717.3791,0.0882353,1.0,42540656.000000
2,304.0103,653.23706,0.0882353,1.0,42540672.000000
2,297.79874,581.10803,0.0882353,1.0,42540692.000000
1,297.79874,581.10803,0.0882353,1.0,42540712.000000
0,341.0,621.0,0.05294118,1.0,42549456.000000
2,341.0,621.0,0.07058824,1.0,42549464.000000
1,341.0,621.0,0.07058824,1.0,42549496.000000
0,572.0,773.0,0.05294118,1.0,42564536.000000
2,572.0,773.0,0.10588236,1.0,42564572.000000
2,565.4899,821.42755,0.12352942,1.0,42564588.000000
2,558.17194,869.6997,0.12352942,1.0,42564608.000000
2,544.8367,922.7463,0.12352942,1.0,42564628.000000
2,528.04004,975.3307,0.14117648,1.0,42564640.000000
2,514.09906,1007.7689,0.10588236,1.0,42564660.000000
2,505.0,1035.0,0.0882353,1.0,42564672.000000
2,497.70236,1048.6697,0.05294118,1.0,42564688.000000
1,497.70236,1048.6697,0.05294118,1.0,42564696.000000
0,437.0,716.0,0.0882353,1.0,42649328.000000
2,437.0,716.0,0.10588236,1.0,42649412.000000
1,437.0,716.0,0.10588236,1.0,42649416.000000
0,623.0,1138.0,0.03529412,1.0,42696020.000000
2,623.0,1138.0,0.10588236,1.0,42696032.000000
2,623.0,1138.0,0.10588236,1.0,42696052.000000
2,623.0,1138.0,0.10588236,1.0,42696104.000000
2,623.0,1138.0,0.0882353,1.0,42696120.000000
2,619.7166,1136.9055,0.05294118,1.0,42696136.000000
1,619.7166,1136.9055,0.05294118,1.0,42696144.000000
0,601.0,662.0,0.05294118,1.0,42700672.000000
2,601.0,662.0,0.0882353,1.0,42700696.000000
2,601.0,662.0,0.10588236,1.0,42700712.000000
2,601.0,662.0,0.10588236,1.0,42700736.000000
1,601.0,662.0,0.10588236,1.0,42700744.000000
0,718.0,1266.0,0.05294118,1.0,42704484.000000
2,718.0,1266.0,0.10588236,1.0,42704520.000000
2,718.0,1266.0,0.10588236,1.0,42704528.000000
2,718.0,1266.0,0.10588236,1.0,42704560.000000
1,718.0,1266.0,0.10588236,1.0,42704568.000000
0,702.0,558.0,0.07058824,1.0,54926676.000000
2,702.0,558.0,0.0882353,1.0,54926712.000000
2,702.0,558.0,0.0882353,1.0,54926732.000000
2,702.0,558.0,0.10588236,1.0,54926752.000000
2,702.0,558.0,0.0882353,1.0,54926816.000000
2,702.0,558.0,0.07058824,1.0,54926836.000000
1,702.0,558.0,0.07058824,1.0,54926856.000000
0,609.0,1442.0,0.03529412,1.0,54956048.000000
2,609.0,1442.0,0.07058824,1.0,54956100.000000
1,609.0,1442.0,0.07058824,1.0,54956152.000000
0,827.0,1298.0,0.0882353,1.0,83456416.000000
2,825.15405,1317.2274,0.14117648,1.0,83456464.000000
2,818.11926,1364.0366,0.12352942,1.0,83456472.000000
2,804.8123,1445.2633,0.12352942,1.0,83456496.000000
2,789.8396,1517.8774,0.12352942,1.0,83456512.000000
2,778.9459,1577.3246,0.0882353,1.0,83456528.000000
1,778.9459,1577.3246,0.0882353,1.0,83456528.000000
0,603.0,775.0,0.0882353,1.0,83460664.000000
2,603.0,775.0,0.10588236,1.0,83460696.000000
2,603.0,775.0,0.10588236,1.0,83460728.000000
2,603.0,775.0,0.10588236,1.0,83460816.000000
2,603.0,775.0,0.10588236,1.0,83461496.000000
2,603.0,775.0,0.10588236,1.0,83461536.000000
2,603.0,775.0,0.10588236,1.0,83461680.000000
2,603.0,775.0,0.10588236,1.0,83461712.000000
2,603.0,775.0,0.10588236,1.0,83461736.000000
1,603.0,775.0,0.10588236,1.0,83461760.000000
0,794.0,1083.0,0.0882353,1.0,83465192.000000
2,794.0,1083.0,0.0882353,1.0,83465216.000000
2,794.0,1083.0,0.07058824,1.0,83465264.000000
1,794.0,1083.0,0.07058824,1.0,83465296.000000
0,171.0,843.0,0.05294118,1.0,83559784.000000
2,171.0,831.8747,0.10588236,1.0,83559808.000000
2,171.0,789.5356,0.12352942,1.0,83559832.000000
2,156.75443,573.5757,0.12352942,1.0,83559888.000000
2,149.12413,532.771,0.14117648,1.0,83559896.000000
2,142.54478,504.06534,0.14117648,1.0,83559912.000000
2,134.04771,479.46057,0.14117648,1.0,83559928.000000
2,128.36406,461.8802,0.10588236,1.0,83559944.000000
1,128.36406,461.8802,0.10588236,1.0,83559960.000000
0,229.0,734.0,0.03529412,1.0,83583040.000000
2,229.0,734.0,0.0882353,1.0,83583064.000000
2,229.0,734.0,0.12352942,1.0,83583080.000000
2,229.0,736.1901,0.12352942,1.0,83583104.000000
2,230.26884,743.34424,0.12352942,1.0,83583120.000000
2,234.41832,763.0916,0.12352942,1.0,83583136.000000
2,239.03851,791.5772,0.12352942,1.0,83583152.000000
2,247.4217,826.1086,0.14117648,1.0,83583168.000000
2,255.12122,863.1818,0.12352942,1.0,83583184.000000
2,260.88272,887.3746,0.14117648,1.0,83583216.000000
2,263.5005,903.0039,0.12352942,1.0,83583224.000000
2,264.0,911.1719,0.12352942,1.0,83583232.000000
2,262.41547,913.58453,0.12352942,1.0,83583248.000000
2,262.0,914.0,0.0882353,1.0,83583264.000000
1,262.0,914.0,0.0882353,1.0,83583272.000000
0,168.0,842.0,0.05294118,1.0,83736736.000000
2,168.0,837.9788,0.0882353,1.0,83736752.000000
2,170.75165,814.9869,0.0882353,1.0,83736768.000000
2,173.82365,786.17535,0.10588236,1.0,83736792.000000
2,176.8934,758.066,0.10588236,1.0,83736808.000000
2,178.49057,718.2451,0.10588236,1.0,83736824.000000
2,175.95924,678.42944,0.10588236,1.0,83736848.000000
2,171.29617,641.3694,0.10588236,1.0,83736864.000000
2,164.45485,604.38324,0.0882353,1.0,83736872.000000
1,164.45485,604.38324,0.0882353,1.0,83736880.000000
0,220.0,750.0,0.05294118,1.0,83760272.000000
2,220.0,750.0,0.14117648,1.0,83760312.000000
2,222.39084,757.8679,0.14117648,1.0,83760320.000000
2,227.97389,774.9217,0.15882353,1.0,83760344.000000
2,237.24287,806.4776,0.15882353,1.0,83760360.000000
2,245.53745,834.2273,0.14117648,1.0,83760376.000000
2,249.54399,851.32794,0.12352942,1.0,83760392.000000
2,251.0,864.7325,0.14117648,1.0,83760416.000000
2,250.07016,874.5791,0.14117648,1.0,83760432.000000
2,245.58755,882.35406,0.10588236,1.0,83760440.000000
2,239.95609,893.1025,0.10588236,1.0,83760456.000000
1,239.95609,893.1025,0.10588236,1.0,83760472.000000
0,131.0,888.0,0.07058824,1.0,83885888.000000
2,131.0,888.0,0.10588236,1.0,83885920.000000
2,133.77193,859.3948,0.12352942,1.0,83885944.000000
2,136.85645,824.15094,0.12352942,1.0,83885952.000000
2,137.0,785.85736,0.12352942,1.0,83885976.000000
2,134.98764,756.3826,0.10588236,1.0,83885992.000000
2,132.94249,726.9074,0.0882353,1.0,83886008.000000
1,132.94249,726.9074,0.0882353,1.0,83886016.000000
0,605.0,767.0,0.07058824,1.0,84020808.000000
2,602.8639,776.68066,0.05294118,1.0,84020824.000000
1,602.8639,776.68066,0.05294118,1.0,84020848.000000
0,651.0,705.0,0.07058824,1.0,84022104.000000
2,651.0,705.0,0.05294118,1.0,84022112.000000
2,648.7997,709.40063,0.10588236,1.0,84022128.000000
2,641.4561,729.4475,0.10588236,1.0,84022144.000000
2,630.37683,778.367,0.12352942,1.0,84022160.000000
2,615.35626,850.0543,0.14117648,1.0,84022176.000000
2,598.577,911.7784,0.12352942,1.0,84022192.000000
2,580.0616,970.0601,0.0882353,1.0,84022208.000000
1,580.0616,970.0601,0.0882353,1.0,84022208.000000
0,112.0,815.0,0.03529412,1.0,84100416.000000
2,112.0,815.0,0.0882353,1.0,84100432.000000
2,112.0,815.0,0.10588236,1.0,84100464.000000
2,113.13106,811.6068,0.12352942,1.0,84100480.000000
2,118.0,777.80676,0.12352942,1.0,84100520.000000
2,116.84605,743.26764,0.14117648,1.0,84100536.000000
2,112.230194,706.4963,0.12352942,1.0,84100552.000000
2,98.919655,646.7322,0.10588236,1.0,84100568.000000
2,90.891205,602.2602,0.10588236,1.0,84100584.000000
1,90.891205,602.2602,0.10588236,1.0,84100592.000000
0,383.0,494.0,0.07058824,1.0,84730632.000000
2,388.42328,504.8466,0.10588236,1.0,84730664.000000
2,400.10284,529.98145,0.12352942,1.0,84730680.000000
2,415.0244,562.7805,0.12352942,1.0,84730696.000000
2,430.64868,597.2193,0.10588236,1.0,84730720.000000
2,442.03732,641.4478,0.10588236,1.0,84730744.000000
2,440.2733,661.63354,0.10588236,1.0,84730768.000000
2,436.76672,678.0498,0.0882353,1.0,84730776.000000
1,436.76672,678.0498,0.0882353,1.0,84730784.000000
0,430.0,724.0,0.0882353,1.0,84731696.000000
2,430.0,711.2646,0.10588236,1.0,84731728.000000
2,430.97516,660.9934,0.10588236,1.0,84731744.000000
2,428.9415,579.181,0.10588236,1.0,84731768.000000
2,414.38574,489.97992,0.10588236,1.0,84731776.000000
1,414.38574,489.97992,0.10588236,1.0,84731784.000000
0,734.0,540.0,0.07058824,1.0,54348196.000000
2,734.0,540.0,0.14117648,1.0,54348232.000000
2,734.0,540.0,0.12352942,1.0,54348248.000000
2,734.0,540.0,0.0882353,1.0,54348264.000000
1,734.0,540.0,0.0882353,1.0,54348272.000000
0,487.0,1652.0,0.07058824,1.0,54361848.000000
2,487.0,1652.0,0.0882353,1.0,54361868.000000
2,485.9567,1648.8701,0.10588236,1.0,54361900.000000
2,484.3394,1643.3575,0.10588236,1.0,54361920.000000
2,482.80515,1636.0258,0.12352942,1.0,54361928.000000
2,483.0,1621.7273,0.12352942,1.0,54361948.000000
2,483.0,1605.1523,0.12352942,1.0,54361968.000000
2,483.0,1585.9111,0.12352942,1.0,54361988.000000
2,483.0,1561.7335,0.12352942,1.0,54362004.000000
2,483.0,1538.925,0.12352942,1.0,54362020.000000
2,483.0,1518.7936,0.10588236,1.0,54362032.000000
2,484.93002,1501.7695,0.10588236,1.0,54362048.000000
2,486.46942,1487.2446,0.10588236,1.0,54362072.000000
2,488.0033,1474.9736,0.10588236,1.0,54362084.000000
1,488.0033,1474.9736,0.10588236,1.0,54362100.000000
0,130.0,675.0,0.03529412,1.0,54564536.000000
2,129.46413,671.24884,0.10588236,1.0,54564552.000000
2,127.93505,655.2206,0.12352942,1.0,54564580.000000
2,124.18834,629.5262,0.10588236,1.0,54564592.000000
2,119.5663,595.675,0.10588236,1.0,54564608.000000
2,113.28195,567.0893,0.10588236,1.0,54564624.000000
2,110.775696,541.4112,0.10588236,1.0,54564640.000000
1,110.775696,541.4112,0.10588236,1.0,54564656.000000
0,694.0,601.0,0.07058824,1.0,54776228.000000
2,694.0,601.0,0.10588236,1.0,54776260.000000
1,694.0,601.0,0.10588236,1.0,54776308.000000
0,740.0,630.0,0.03529412,1.0,67025564.000000
2,740.0,630.0,0.12352942,1.0,67025592.000000
2,740.0,630.0,0.07058824,1.0,67025612.000000
1,740.0,630.0,0.07058824,1.0,67025620.000000
0,825.0,797.0,0.05294118,1.0,67063472.000000
2,825.0,797.0,0.10588236,1.0,67063496.000000
2,825.0,792.7238,0.12352942,1.0,67063508.000000
2,827.89514,781.41956,0.10588236,1.0,67063528.000000
2,833.4598,763.1288,0.10588236,1.0,67063548.000000
2,841.14294,731.3424,0.10588236,1.0,67063560.000000
2,843.0,697.8827,0.10588236,1.0,67063576.000000
2,841.88617,661.2682,0.10588236,1.0,67063592.000000
1,841.88617,661.2682,0.10588236,1.0,67063596.000000
0,845.0,828.0,0.03529412,1.0,67182984.000000
2,845.0,828.0,0.12352942,1.0,67183024.000000
2,845.88214,817.94275,0.12352942,1.0,67183040.000000
2,850.1032,793.7484,0.12352942,1.0,67183056.000000
2,861.0,765.5,0.14117648,1.0,67183080.000000
2,905.36505,660.69617,0.10588236,1.0,67183104.000000
1,905.36505,660.69617,0.10588236,1.0,67183112.000000
0,652.0,1562.0,0.05294118,1.0,67259488.000000
2,652.0,1562.0,0.10588236,1.0,67259512.000000
2,652.0,1562.0,0.0882353,1.0,67259568.000000
1,652.0,1562.0,0.0882353,1.0,67259584.000000
0,649.0,1363.0,0.0882353,1.0,46457900.000000
2,649.0,1363.0,0.10588236,1.0,46457920.000000
2,642.04285,1377.2887,0.12352942,1.0,46457928.000000
2,631.76154,1409.035,0.10588236,1.0,46457948.000000
2,619.96545,1447.552,0.14117648,1.0,46457964.000000
2,609.2081,1485.9708,0.12352942,1.0,46457984.000000
2,597.4499,1524.329,0.14117648,1.0,46458016.000000
2,577.9066,1588.4202,0.10588236,1.0,46458032.000000
1,577.9066,1588.4202,0.10588236,1.0,46458040.000000
0,619.0,677.0,0.05294118,1.0,58500856.000000
2,619.0,677.0,0.10588236,1.0,58500892.000000
2,619.0,677.0,0.10588236,1.0,58500900.000000
1,619.0,677.0,0.10588236,1.0,58500912.000000
0,551.0,1265.0,0.05294118,1.0,58518224.000000
2,544.6766,1291.5583,0.10588236,1.0,58518236.000000
2,535.16693,1346.9983,0.12352942,1.0,58518260.000000
2,525.4274,1407.3939,0.0882353,1.0,58518280.000000
2,515.67334,1463.96,0.0882353,1.0,58518292.000000
1,515.67334,1463.96,0.0882353,1.0,58518328.000000
0,887.0,667.0,0.07058824,1.0,58877528.000000
2,887.0,667.0,0.05294118,1.0,58877552.000000
2,887.0,667.0,0.07058824,1.0,58877568.000000
2,887.0,667.0,0.05294118,1.0,58877596.000000
2,887.0,667.0,0.03529412,1.0,58877608.000000
1,887.0,667.0,0.03529412,1.0,58877640.000000
0,841.0,644.0,0.05294118,1.0,58943736.000000
2,841.0,644.0,0.10588236,1.0,58943756.000000
2,841.0,644.0,0.10588236,1.0,58943776.000000
2,845.54047,640.59467,0.0882353,1.0,58943788.000000
1,845.54047,640.59467,0.0882353,1.0,58943796.000000
0,578.0,693.0,0.03529412,1.0,82374232.000000
2,578.0,693.0,0.10588236,1.0,82374288.000000
2,578.0,693.0,0.10588236,1.0,82374312.000000
1,578.0,693.0,0.10588236,1.0,82374328.000000
0,566.0,1493.0,0.0882353,1.0,82376624.000000
2,566.0,1493.0,0.10588236,1.0,82376680.000000
2,566.0,1493.0,0.10588236,1.0,82376720.000000
2,566.0,1493.0,0.0882353,1.0,82376736.000000
1,566.0,1493.0,0.0882353,1.0,82376744.000000
0,130.0,562.0,0.05294118,1.0,82402176.000000
2,130.0,562.0,0.10588236,1.0,82402200.000000
1,130.0,562.0,0.10588236,1.0,82402208.000000
0,601.0,693.0,0.03529412,1.0,82458960.000000
2,601.0,693.0,0.14117648,1.0,82458984.000000
2,601.0,693.0,0.12352942,1.0,82459024.000000
2,601.0,693.0,0.12352942,1.0,82459032.000000
1,601.0,693.0,0.12352942,1.0,82459040.000000
0,517.0,1546.0,0.03529412,1.0,69689408.000000
2,517.0,1546.0,0.10588236,1.0,69689424.000000
2,517.0,1546.0,0.10588236,1.0,69689432.000000
2,517.0,1546.0,0.12352942,1.0,69689456.000000
2,513.2131,1536.6392,0.12352942,1.0,69689472.000000
2,510.14273,1525.9995,0.12352942,1.0,69689488.000000
2,507.06683,1499.6683,0.14117648,1.0,69689504.000000
2,506.0,1460.4883,0.14117648,1.0,69689528.000000
2,509.5788,1383.6879,0.12352942,1.0,69689576.000000
1,514.51636,1350.2892,0.10588236,1.0,69689584.000000
0,658.0,872.0,0.07058824,1.0,69964296.000000
2,658.0,872.0,0.07058824,1.0,69964320.000000
2,658.0,872.0,0.12352942,1.0,69964336.000000
2,658.0,872.0,0.12352942,1.0,69964352.000000
2,658.0,872.0,0.12352942,1.0,69964368.000000
2,656.35004,864.5752,0.12352942,1.0,69964392.000000
2,653.26654,845.4992,0.12352942,1.0,69964408.000000
2,650.19104,818.8149,0.14117648,1.0,69964424.000000
2,647.1233,796.61633,0.12352942,1.0,69964440.000000
2,645.02484,785.1491,0.12352942,1.0,69964456.000000
2,643.5,779.0,0.14117648,1.0,69964464.000000
2,643.0,773.8066,0.14117648,1.0,69964488.000000
2,644.16003,765.51996,0.14117648,1.0,69964512.000000
2,648.48645,752.66223,0.14117648,1.0,69964528.000000
2,653.976,735.09595,0.12352942,1.0,69964544.000000
2,656.2091,714.0729,0.10588236,1.0,69964560.000000
1,656.2091,714.0729,0.10588236,1.0,69964584.000000
0,630.0,737.0,0.07058824,1.0,69965360.000000
2,630.0,737.0,0.0882353,1.0,69965392.000000
2,630.0,737.0,0.10588236,1.0,69965400.000000
2,630.0,737.0,0.14117648,1.0,69965416.000000
2,630.0,737.0,0.14117648,1.0,69965432.000000
2,630.0,746.5983,0.14117648,1.0,69965448.000000
2,630.0,757.2283,0.12352942,1.0,69965472.000000
2,630.0,775.0369,0.12352942,1.0,69965488.000000
2,628.4587,793.95483,0.12352942,1.0,69965504.000000
2,625.8409,811.95465,0.14117648,1.0,69965520.000000
2,621.16144,833.58,0.12352942,1.0,69965536.000000
2,617.6995,851.6528,0.12352942,1.0,69965552.000000
2,616.3111,863.8222,0.12352942,1.0,69965568.000000
2,616.0,877.15826,0.0882353,1.0,69965584.000000
1,616.0,877.15826,0.0882353,1.0,69965592.000000
0,609.0,746.0,0.07058824,1.0,69967248.000000
2,609.0,746.0,0.12352942,1.0,69967272.000000
2,609.0,746.0,0.07058824,1.0,69967288.000000
1,609.0,746.0,0.07058824,1.0,69967296.000000
0,133.0,918.0,0.03529412,1.0,70144672.000000
2,133.0,914.40015,0.12352942,1.0,70144704.000000
2,133.0,906.3073,0.12352942,1.0,70144720.000000
2,133.0,897.3358,0.14117648,1.0,70144744.000000
2,132.18875,883.88745,0.12352942,1.0,70144752.000000
2,130.65204,863.12854,0.12352942,1.0,70144776.000000
2,129.11745,839.879,0.12352942,1.0,70144808.000000
2,126.04186,787.6698,0.12352942,1.0,70144824.000000
2,124.0103,764.5876,0.14117648,1.0,70144840.000000
2,120.93679,736.39954,0.12352942,1.0,70144856.000000
2,117.86021,715.73114,0.12352942,1.0,70144872.000000
2,119.24042,699.7979,0.0882353,1.0,70144888.000000
1,119.24042,699.7979,0.0882353,1.0,70144904.000000
0,794.0,1000.0,0.07058824,1.0,70260040.000000
2,790.8789,1001.04034,0.10588236,1.0,70260064.000000
1,790.8789,1001.04034,0.10588236,1.0,70260080.000000
0,354.0,840.0,0.03529412,1.0,70282024.000000
2,352.8231,836.4693,0.10588236,1.0,70282032.000000
2,351.18597,826.48773,0.14117648,1.0,70282048.000000
2,349.65015,811.5015,0.12352942,1.0,70282072.000000
2,349.0,797.94495,0.12352942,1.0,70282080.000000
2,349.0,787.50543,0.14117648,1.0,70282112.000000
2,349.0,778.4711,0.14117648,1.0,70282128.000000
2,347.51352,768.10815,0.14117648,1.0,70282136.000000
2,344.95386,754.79236,0.14117648,1.0,70282168.000000
2,340.31204,738.81085,0.14117648,1.0,70282192.000000
2,330.06277,706.54254,0.14117648,1.0,70282208.000000
2,325.45474,694.7277,0.14117648,1.0,70282224.000000
1,325.45474,694.7277,0.14117648,1.0,70282232.000000
0,87.0,845.0,0.05294118,1.0,70344288.000000
2,87.0,845.0,0.07058824,1.0,70344320.000000
2,87.0,845.0,0.10588236,1.0,70344336.000000
2,87.0,845.0,0.10588236,1.0,70344352.000000
2,87.0,845.0,0.10588236,1.0,70344400.000000
1,87.0,845.0,0.10588236,1.0,70344448.000000
0,828.0,1401.0,0.03529412,1.0,13884747.000000
2,828.0,1401.0,0.10588236,1.0,13884781.000000
2,826.93134,1404.2748,0.10588236,1.0,13884798.000000
2,823.29614,1419.3833,0.10588236,1.0,13884814.000000
2,818.6026,1449.2849,0.10588236,1.0,13884831.000000
2,803.0,1605.0206,0.10588236,1.0,13884912.000000
2,803.0,1613.5325,0.10588236,1.0,13884922.000000
2,803.0,1615.0,0.07058824,1.0,13884936.000000
1,803.0,1615.0,0.07058824,1.0,13884940.000000
0,646.0,553.0,0.07058824,1.0,13893920.000000
2,646.0,553.0,0.10588236,1.0,13893941.000000
2,646.0,553.0,0.12352942,1.0,13893961.000000
2,646.0,553.0,0.10588236,1.0,13893981.000000
2,646.0,553.0,0.10588236,1.0,13894001.000000
2,646.0,553.0,0.07058824,1.0,13894009.000000
1,646.0,553.0,0.07058824,1.0,13894020.000000
0,617.0,591.0,0.05294118,1.0,13943737.000000
2,617.0,591.0,0.10588236,1.0,13943776.000000
2,617.0,591.0,0.10588236,1.0,13943790.000000
1,617.0,591.0,0.10588236,1.0,13943796.000000
