0,225.0,1009.0,0.1875,0.4218,52226236.000000
2,225.0,1004.6509,0.21875,0.4662,52226448.000000
2,201.8719,918.74384,0.28125,0.5254,52226632.000000
1,178.1997,883.1997,0.1875,0.4514,52226836.000000
0,716.0,1043.0,0.1875,0.3552,52258808.000000
2,713.89923,1039.8489,0.1875,0.3922,52259012.000000
1,713.89923,1039.8489,0.1875,0.3922,52259208.000000
0,97.0,479.0,0.125,0.2516,66788400.000000
2,94.94512,474.89023,0.1875,0.4662,66788592.000000
2,96.01876,475.0,0.1875,0.4958,66789048.000000
1,96.01876,475.0,0.1875,0.4958,66789400.000000
0,180.0,632.0,0.15625,0.2442,66790704.000000
2,189.70448,621.4716,0.21875,0.37,66790816.000000
2,257.28226,569.98157,0.21875,0.3996,66791008.000000
2,287.02338,563.0,0.15625,0.4218,66791216.000000
2,372.30856,583.026,0.25,0.407,66791400.000000
2,474.08554,605.10645,0.25,0.3996,66791592.000000
2,529.44965,627.0,0.15625,0.333,66791800.000000
2,541.0142,631.0071,0.125,0.3552,66791988.000000
2,556.5999,635.3,0.125,0.3478,66792188.000000
2,563.0,634.88635,0.15625,0.3848,66792388.000000
2,568.2273,633.0,0.1875,0.37,66792592.000000
1,565.86694,633.0,0.15625,0.37,66792984.000000
0,87.0,655.0,0.1875,0.2368,66797580.000000
2,82.998375,655.0,0.25,0.3774,66797832.000000
2,369.0406,633.9983,0.15625,0.407,66798016.000000
2,474.9972,634.0,0.1875,0.407,66798228.000000
2,542.89075,636.0,0.1875,0.3552,66798416.000000
2,560.35077,636.0,0.1875,0.3848,66798600.000000
2,585.16516,636.0,0.21875,0.3922,66798828.000000
2,603.0569,634.0,0.15625,0.37,66798992.000000
2,605.2262,634.0,0.15625,0.3996,66799212.000000
2,612.2257,634.0,0.15625,0.3552,66799380.000000
1,612.2257,634.0,0.15625,0.3552,66799808.000000
0,99.0,611.0,0.125,0.259,66863768.000000
2,89.88709,656.33875,0.1875,0.3034,66863968.000000
2,63.0,689.30206,0.15625,0.2886,66864120.000000
2,62.075832,692.1517,0.125,0.3034,66864332.000000
2,62.0,697.02563,0.1875,0.2812,66864528.000000
2,64.0244,725.0488,0.25,0.333,66864720.000000
2,64.886925,725.1131,0.25,0.333,66864920.000000
2,65.06501,726.0,0.25,0.3256,66865120.000000
2,68.1978,720.8681,0.25,0.3256,66865388.000000
2,172.97012,724.0,0.21875,0.3256,66865576.000000
2,270.94742,713.30524,0.28125,0.3108,66865768.000000
2,331.53302,715.0,0.25,0.3626,66865920.000000
2,331.84906,708.5472,0.21875,0.3034,66866152.000000
2,318.4544,698.8485,0.1875,0.3626,66866364.000000
2,338.2254,702.0,0.15625,0.3256,66866564.000000
2,360.45447,706.1515,0.1875,0.3848,66866768.000000
2,316.7779,709.6068,0.15625,0.333,66866936.000000
2,204.26208,710.0,0.15625,0.3478,66867136.000000
2,155.20659,708.0,0.15625,0.37,66867348.000000
2,123.79928,707.0,0.21875,0.3626,66867536.000000
2,93.30741,705.0,0.125,0.333,66867716.000000
2,77.546265,704.0,0.1875,0.3478,66867952.000000
2,46.0,737.1662,0.1875,0.3108,66868132.000000
2,36.13727,737.9085,0.15625,0.3256,66868316.000000
1,37.0,736.8489,0.15625,0.3404,66868548.000000
0,182.0,659.0,0.28125,0.2886,66868920.000000
2,196.9045,673.5393,0.21875,0.333,66869132.000000
2,216.66241,695.83124,0.09375,0.3256,66869364.000000
2,240.15327,704.0511,0.25,0.3478,66869556.000000
2,316.31424,714.0,0.25,0.3404,66869764.000000
2,376.3305,714.0,0.21875,0.3404,66869936.000000
2,396.1925,706.5383,0.21875,0.3404,66870132.000000
2,421.2122,702.0,0.15625,0.3478,66870312.000000
2,455.02713,700.01807,0.21875,0.333,66870524.000000
2,461.67346,707.3469,0.1875,0.3182,66870732.000000
2,466.0933,724.8134,0.28125,0.3478,66870932.000000
2,460.0,746.8964,0.21875,0.3404,66871112.000000
2,461.0,743.9132,0.1875,0.37,66871312.000000
2,467.34027,741.8866,0.1875,0.3552,66871528.000000
2,473.02213,742.0,0.1875,0.3478,66871712.000000
2,478.14264,742.0,0.15625,0.3256,66871912.000000
2,480.0413,743.0,0.15625,0.3478,66872120.000000
2,485.92834,742.0,0.15625,0.3182,66872320.000000
2,489.0,740.9935,0.1875,0.3552,66872512.000000
1,489.0,740.9935,0.1875,0.3552,66872912.000000
0,297.0,596.0,0.1875,0.296,66893908.000000
2,295.19855,594.19855,0.21875,0.333,66894108.000000
2,299.0,598.11346,0.21875,0.407,66894296.000000
2,298.94327,598.0,0.25,0.4218,66894496.000000
2,298.9854,598.0,0.21875,0.4514,66894932.000000
2,300.0589,598.0,0.21875,0.4218,66895092.000000
1,300.0589,598.0,0.21875,0.4218,66895312.000000
0,397.0,583.0,0.25,0.2442,66895692.000000
2,385.84808,586.05066,0.3125,0.4662,66895892.000000
2,386.0,587.0379,0.3125,0.4292,66896088.000000
2,386.02905,587.0,0.3125,0.4514,66896292.000000
2,385.94305,587.0,0.28125,0.4736,66896492.000000
1,386.0207,587.0,0.28125,0.4588,66896892.000000
0,273.0,473.0,0.25,0.37,66905680.000000
2,238.51236,616.7345,0.15625,0.4366,66905880.000000
1,228.0,709.53687,0.125,0.4292,66906112.000000
0,216.0,563.0,0.125,0.296,66906480.000000
2,216.0,564.0351,0.21875,0.6512,66906680.000000
2,217.0,565.0963,0.21875,0.6438,66906880.000000
2,217.04993,565.0,0.21875,0.6512,66907120.000000
2,215.92041,565.0,0.28125,0.6956,66907328.000000
1,214.88588,565.0,0.28125,0.7104,66907548.000000
0,168.0,610.0,0.125,0.2368,66928464.000000
2,173.07465,607.77606,0.21875,0.4662,66928668.000000
2,175.02884,609.0,0.21875,0.4736,66928860.000000
2,176.00978,609.0,0.21875,0.4884,66929080.000000
1,176.00978,609.0,0.21875,0.4884,66929660.000000
0,245.0,522.0,0.25,0.3774,66944248.000000
2,244.0,523.05145,0.25,0.4884,66944448.000000
2,238.78584,526.2142,0.34375,0.6882,66944648.000000
2,240.11398,527.0,0.3125,0.7474,66944848.000000
2,238.0,527.7626,0.3125,0.7326,66945048.000000
1,238.0,528.4523,0.34375,0.7696,66945844.000000
0,355.0,699.0,0.09375,0.2294,66952272.000000
2,368.8956,704.0,0.1875,0.407,66952456.000000
2,392.60162,694.1992,0.15625,0.407,66952680.000000
2,420.94382,689.0,0.125,0.3774,66952876.000000
2,439.5438,707.36255,0.28125,0.3996,66953080.000000
2,451.0,727.4672,0.28125,0.4144,66953288.000000
2,458.22614,729.0,0.28125,0.37,66953440.000000
2,462.0,727.9146,0.25,0.4144,66953692.000000
2,470.16608,720.0,0.21875,0.4366,66953880.000000
2,474.0,714.8501,0.25,0.4218,66954052.000000
2,480.11392,711.8861,0.21875,0.444,66954272.000000
2,486.0836,711.0,0.21875,0.4736,66954440.000000
2,491.22656,711.0,0.1875,0.481,66954636.000000
2,490.91428,710.0,0.1875,0.4588,66954844.000000
1,490.91428,710.0,0.1875,0.4588,66955236.000000
0,153.0,658.0,0.21875,0.3108,66963444.000000
2,156.018,655.988,0.3125,0.7178,66963828.000000
2,157.09138,656.0,0.28125,0.6734,66964044.000000
1,157.09138,656.0,0.28125,0.6734,66964428.000000
0,215.0,574.0,0.15625,0.3108,74338016.000000
2,207.83304,578.12524,0.25,0.5032,74338208.000000
2,213.01788,576.991,0.25,0.5846,74338424.000000
1,213.01788,576.991,0.25,0.5846,74339240.000000
0,1.0,677.0,0.125,0.2442,74346824.000000
2,1.03452,676.8964,0.125,0.3848,74347024.000000
2,3.0,743.1022,0.1875,0.4144,74347200.000000
2,4.0,754.62665,0.15625,0.444,74347416.000000
2,0.0,769.63385,0.15625,0.4292,74347608.000000
2,16.087564,788.04376,0.1875,0.444,74347824.000000
2,29.0,785.88275,0.1875,0.4736,74348000.000000
2,35.27685,785.0,0.1875,0.4958,74348200.000000
1,38.442375,785.0,0.1875,0.4958,74348424.000000
0,411.0,715.0,0.1875,0.3478,74360792.000000
2,409.98016,717.0397,0.28125,0.5994,74360992.000000
2,411.01196,713.96405,0.25,0.5994,74361192.000000
1,411.0,712.8769,0.21875,0.5772,74361784.000000
0,187.0,543.0,0.25,0.4144,74375808.000000
2,159.99046,526.5218,0.25,0.5846,74376000.000000
2,119.57634,508.0,0.28125,0.518,74376200.000000
2,99.878136,516.89746,0.25,0.5328,74376400.000000
2,76.926636,545.1467,0.21875,0.5476,74376616.000000
2,64.749275,563.25073,0.1875,0.5402,74376792.000000
2,60.77378,570.0,0.1875,0.518,74376976.000000
2,60.050514,566.7979,0.1875,0.5994,74377184.000000
2,51.94209,563.98553,0.1875,0.5772,74377368.000000
2,47.92086,560.9407,0.15625,0.5254,74377768.000000
2,43.896782,561.0,0.15625,0.5772,74377968.000000
2,39.79772,561.0,0.15625,0.5846,74378168.000000
1,39.79772,561.0,0.15625,0.5846,74378568.000000
0,358.0,557.0,0.09375,0.2294,74379232.000000
2,367.4477,544.5523,0.1875,0.296,74379376.000000
2,421.91495,532.04254,0.21875,0.3478,74379576.000000
2,435.14987,519.9001,0.25,0.3478,74379800.000000
2,450.41998,555.83997,0.15625,0.3404,74379984.000000
2,453.677,561.0,0.1875,0.3552,74380176.000000
2,454.0,556.98157,0.21875,0.3626,74380400.000000
2,468.6619,543.66907,0.21875,0.3996,74380584.000000
2,475.0,543.151,0.1875,0.3626,74380768.000000
2,474.82947,545.0568,0.1875,0.3922,74381008.000000
2,468.33752,550.44165,0.1875,0.3848,74381200.000000
2,462.0,557.1518,0.1875,0.3774,74381384.000000
2,462.1507,558.0,0.15625,0.3774,74381568.000000
2,464.00705,554.98944,0.15625,0.37,74381792.000000
2,471.5751,554.0,0.125,0.407,74381968.000000
2,476.88065,554.0,0.15625,0.3774,74382168.000000
2,480.05936,554.0,0.15625,0.3848,74382568.000000
2,484.005,555.0,0.125,0.3848,74382768.000000
1,485.09128,555.0,0.15625,0.37,74383168.000000
0,619.0,711.0,0.125,0.3256,74392416.000000
2,615.8287,709.9429,0.21875,0.4736,74392560.000000
2,613.9428,712.0572,0.25,0.5402,74392760.000000
1,613.54956,712.0,0.21875,0.5476,74392968.000000
0,272.0,636.0,0.21875,0.3404,74433128.000000
2,272.0,640.22797,0.25,0.6068,74433328.000000
2,276.09134,639.9087,0.28125,0.6734,74433520.000000
2,277.0,638.9512,0.25,0.6956,74433728.000000
2,279.07584,637.92413,0.25,0.6882,74433976.000000
1,279.07584,637.92413,0.25,0.6882,74434352.000000
0,234.0,802.0,0.15625,0.3034,74434968.000000
2,225.2563,802.0,0.25,0.5254,74435152.000000
2,174.57483,792.8937,0.25,0.5476,74435352.000000
2,150.24295,797.60565,0.25,0.518,74435536.000000
2,131.23453,813.8436,0.21875,0.5106,74435768.000000
2,106.882126,814.0,0.21875,0.5846,74435936.000000
2,84.05876,815.0,0.21875,0.6216,74436128.000000
2,68.63628,811.0,0.1875,0.6142,74436320.000000
2,60.97564,811.0,0.1875,0.629,74436528.000000
2,52.599606,813.1001,0.15625,0.6216,74436720.000000
2,49.115005,813.0,0.15625,0.5846,74436920.000000
2,41.87888,811.9697,0.15625,0.5402,74437160.000000
2,37.949036,808.9618,0.1875,0.5698,74437328.000000
1,37.949036,808.9618,0.1875,0.5698,74437520.000000
0,354.0,334.0,0.1875,0.3478,74490288.000000
2,348.0,334.0,0.25,0.4514,74490480.000000
2,352.0914,335.0457,0.28125,0.6586,74490680.000000
2,352.82584,336.0,0.3125,0.7252,74490896.000000
2,353.03812,336.0,0.3125,0.7252,74491120.000000
1,353.03812,336.0,0.3125,0.7252,74491472.000000
0,425.0,515.0,0.15625,0.2442,74494488.000000
2,428.05814,517.03876,0.28125,0.407,74494760.000000
2,478.4537,540.89075,0.1875,0.3774,74494920.000000
2,503.80978,547.7301,0.1875,0.444,74495104.000000
2,548.57086,549.59515,0.15625,0.3922,74495272.000000
2,582.72845,553.0,0.1875,0.4218,74495488.000000
2,602.22516,554.0,0.15625,0.4292,74495688.000000
2,615.1176,553.0,0.125,0.3922,74495872.000000
2,617.038,553.0,0.125,0.4144,74496072.000000
1,617.038,553.0,0.125,0.4144,74496280.000000
0,553.0,391.0,0.21875,0.4514,74503264.000000
2,547.6196,392.07608,0.28125,0.7104,74503464.000000
2,548.0143,398.05713,0.28125,0.6364,74504080.000000
2,549.0,416.7114,0.21875,0.6734,74504304.000000
2,550.0,435.7458,0.1875,0.7178,74504464.000000
2,552.0415,434.95847,0.28125,0.7326,74504664.000000
1,552.0,433.59042,0.25,0.7622,74504864.000000
0,190.0,293.0,0.1875,0.3108,74514064.000000
2,196.07558,284.96222,0.3125,0.8288,74514728.000000
2,197.02559,286.0256,0.34375,0.8954,74514928.000000
1,197.02559,286.0256,0.34375,0.8954,74515088.000000
0,177.0,370.0,0.21875,0.3922,74522480.000000
2,141.22256,438.55487,0.25,0.6586,74522680.000000
2,98.11619,481.4419,0.28125,0.6808,74522848.000000
2,80.10587,492.89413,0.21875,0.6586,74523064.000000
2,68.023445,499.96875,0.21875,0.7178,74523480.000000
2,71.45499,498.545,0.21875,0.666,74523664.000000
2,79.17022,498.0,0.25,0.6882,74523848.000000
2,84.0,495.92386,0.21875,0.6956,74524048.000000
2,86.02402,494.97598,0.21875,0.703,74524288.000000
2,86.0,493.77063,0.25,0.703,74524448.000000
2,82.90218,487.83698,0.25,0.6216,74524688.000000
1,82.90218,487.83698,0.25,0.6216,74524880.000000
0,234.0,408.0,0.15625,0.2738,74525528.000000
2,234.0,408.45438,0.1875,0.3996,74525696.000000
2,234.26517,467.3371,0.21875,0.4514,74525848.000000
2,241.29735,478.29736,0.21875,0.4662,74526072.000000
2,247.62592,480.0,0.25,0.4588,74526280.000000
2,268.55212,478.0,0.25,0.4588,74526464.000000
2,292.0141,475.0,0.1875,0.4366,74526680.000000
2,308.49643,474.0,0.25,0.407,74526848.000000
2,319.15112,473.0,0.28125,0.4218,74527080.000000
2,330.44904,474.0,0.28125,0.4218,74527248.000000
2,334.00043,474.0,0.25,0.4514,74527448.000000
2,336.0,475.0856,0.28125,0.444,74527648.000000
1,336.0,475.0856,0.28125,0.444,74527856.000000
0,349.0,356.0,0.15625,0.333,74546048.000000
2,350.4787,357.4787,0.1875,0.4884,74546232.000000
2,351.0,356.9553,0.25,0.74,74546432.000000
2,349.95596,358.04404,0.25,0.6512,74546640.000000
2,348.931,358.0,0.25,0.7474,74547048.000000
1,354.45084,357.0,0.28125,0.8066,74547232.000000
0,267.0,609.0,0.25,0.3034,74568824.000000
2,260.0,621.66254,0.25,0.592,74569008.000000
2,259.0,627.0614,0.28125,0.6586,74569216.000000
2,260.0,628.0913,0.3125,0.703,74569472.000000
2,259.0,629.09155,0.3125,0.7326,74569624.000000
2,259.9543,629.0,0.3125,0.7622,74569824.000000
1,261.20746,629.0,0.3125,0.7178,74570016.000000
0,395.0,640.0,0.25,0.3996,74571824.000000
2,396.02563,644.1025,0.28125,0.6512,74572008.000000
2,397.01236,641.9753,0.3125,0.6734,74572216.000000
2,398.02536,640.9746,0.3125,0.6956,74572648.000000
2,396.9911,643.0089,0.3125,0.666,74573272.000000
2,395.57193,645.0,0.3125,0.703,74573416.000000
1,396.0,647.091,0.3125,0.703,74573608.000000
0,218.0,505.0,0.1875,0.3256,74914752.000000
2,220.15181,506.0759,0.21875,0.592,74914944.000000
2,222.03178,507.0,0.28125,0.6956,74915136.000000
2,223.06844,507.0,0.28125,0.6882,74915488.000000
2,224.0,506.943,0.28125,0.7474,74915576.000000
2,225.0912,507.0,0.28125,0.6956,74915760.000000
1,226.0,506.97394,0.21875,0.6586,74915936.000000
0,317.0,620.0,0.1875,0.3034,74921544.000000
2,311.9299,616.0,0.28125,0.6216,74921936.000000
2,315.0457,616.0,0.28125,0.6586,74922336.000000
1,315.0457,616.0,0.28125,0.6586,74922536.000000
0,347.0,738.0,0.25,0.3552,74926200.000000
2,390.89108,693.0968,0.1875,0.4662,74926360.000000
2,447.1315,669.0,0.1875,0.4292,74926560.000000
2,493.91452,676.9145,0.1875,0.3848,74926760.000000
2,516.31604,683.158,0.21875,0.3922,74926944.000000
2,540.4381,692.3615,0.125,0.3848,74927144.000000
2,571.4321,691.0,0.15625,0.3922,74927376.000000
2,582.7882,737.7882,0.28125,0.3922,74927536.000000
2,585.1044,726.58246,0.28125,0.3848,74927760.000000
2,593.0,704.1897,0.1875,0.4144,74927928.000000
2,595.0,702.0648,0.1875,0.4366,74928128.000000
1,595.0,702.0648,0.1875,0.4366,74928328.000000
0,152.0,676.0,0.21875,0.3922,74940720.000000
2,154.06097,674.9695,0.3125,0.6956,74941120.000000
1,155.22728,675.0,0.3125,0.703,74941720.000000
0,191.0,704.0,0.21875,0.3478,74955576.000000
2,174.30316,701.66064,0.1875,0.5624,74955736.000000
2,90.2636,690.74725,0.21875,0.5994,74955920.000000
2,72.86944,691.0,0.1875,0.5772,74956104.000000
2,64.8026,692.0494,0.15625,0.5328,74956336.000000
2,58.240467,700.7595,0.15625,0.518,74956536.000000
2,53.2262,710.0,0.15625,0.4736,74956720.000000
2,48.949512,711.0,0.15625,0.5772,74956912.000000
2,43.88257,706.88257,0.15625,0.5624,74957304.000000
2,40.930103,702.9068,0.15625,0.5698,74957544.000000
1,40.930103,702.9068,0.15625,0.5698,74957712.000000
0,285.0,696.0,0.125,0.3256,74958560.000000
2,301.7397,712.7397,0.28125,0.4588,74958736.000000
2,316.0,720.5533,0.28125,0.4662,74958904.000000
2,317.0284,722.02844,0.28125,0.4662,74959112.000000
2,320.27957,730.55914,0.28125,0.4366,74959352.000000
2,332.0,749.356,0.21875,0.4292,74959512.000000
2,333.0,759.69476,0.1875,0.4292,74959704.000000
2,335.11328,761.0,0.21875,0.4884,74959904.000000
2,333.96063,762.0,0.21875,0.4662,74960128.000000
2,335.1505,762.0,0.21875,0.5032,74960304.000000
2,335.0,760.965,0.21875,0.518,74960504.000000
1,335.0,760.965,0.21875,0.518,74960712.000000
0,342.0,434.0,0.15625,0.259,74979120.000000
2,338.79578,440.0,0.25,0.5698,74979288.000000
2,337.77155,442.0,0.25,0.592,74979504.000000
2,338.0,443.02856,0.3125,0.6734,74979744.000000
2,337.0,445.0063,0.3125,0.6882,74979920.000000
1,337.0,445.0063,0.3125,0.6882,74980104.000000
0,144.0,710.0,0.3125,0.4144,74998704.000000
2,136.37535,719.2493,0.28125,0.6512,74998880.000000
2,139.1243,716.79285,0.3125,0.7104,74999080.000000
2,141.07509,717.0,0.28125,0.7474,74999280.000000
1,141.07509,717.0,0.28125,0.7474,74999520.000000
0,668.0,414.0,0.125,0.2886,75022064.000000
2,658.56805,412.0,0.1875,0.3848,75022256.000000
2,653.9915,406.966,0.1875,0.5994,75022864.000000
2,651.9836,402.9672,0.21875,0.6512,75023064.000000
1,651.9836,402.9672,0.21875,0.6512,75023256.000000
0,583.0,437.0,0.21875,0.2516,75034848.000000
2,584.0,442.13974,0.25,0.3996,75035048.000000
2,581.0,448.22443,0.28125,0.5624,75035256.000000
2,583.41833,446.0,0.25,0.6364,75035848.000000
1,586.0255,446.0,0.28125,0.6734,75036248.000000
0,546.0,483.0,0.15625,0.3478,75038256.000000
2,546.4222,480.5778,0.1875,0.4884,75038448.000000
2,544.01935,472.96124,0.25,0.592,75038848.000000
2,545.0211,473.0,0.25,0.629,75039272.000000
1,545.0211,473.0,0.25,0.629,75039464.000000
0,500.0,689.0,0.15625,0.2442,75043272.000000
2,500.92627,663.2212,0.28125,0.4292,75043488.000000
2,500.774,648.32196,0.25,0.4514,75043640.000000
2,503.1514,642.77295,0.21875,0.4366,75043840.000000
2,509.8925,632.10754,0.25,0.4514,75044064.000000
2,495.74222,629.0,0.1875,0.4588,75044240.000000
2,486.9882,631.0354,0.21875,0.4662,75044448.000000
2,484.81766,634.2735,0.1875,0.4662,75044704.000000
2,489.31403,638.314,0.21875,0.4588,75044864.000000
2,489.0,644.7142,0.25,0.481,75045048.000000
2,487.97928,648.0,0.25,0.4884,75045264.000000
2,490.16367,648.0,0.25,0.4662,75045440.000000
2,482.09396,645.7735,0.25,0.518,75045640.000000
2,470.98526,646.0,0.25,0.3552,75046040.000000
1,470.98526,646.0,0.25,0.3552,75046240.000000
0,324.0,729.0,0.3125,0.3552,75086808.000000
2,262.98795,740.6687,0.25,0.5254,75087008.000000
2,135.3972,796.25836,0.28125,0.5772,75087224.000000
2,99.50668,797.0822,0.25,0.5698,75087432.000000
2,72.449814,798.5502,0.25,0.5328,75087608.000000
2,54.546124,794.88654,0.21875,0.5476,75087808.000000
2,42.82904,793.0,0.1875,0.5624,75088008.000000
2,33.63678,792.0,0.1875,0.5476,75088208.000000
2,29.967663,793.00806,0.1875,0.5106,75088408.000000
1,29.967663,793.00806,0.1875,0.5106,75088832.000000
0,396.0,496.0,0.15625,0.222,75138048.000000
2,379.74405,501.95358,0.25,0.5698,75138232.000000
2,322.0,527.09973,0.28125,0.592,75138368.000000
2,321.04074,530.0,0.28125,0.5772,75138576.000000
2,327.05347,528.98663,0.28125,0.6512,75138792.000000
2,342.3753,532.0,0.25,0.6364,75138968.000000
2,353.569,535.0,0.3125,0.6438,75139368.000000
2,356.00937,534.9953,0.28125,0.6882,75139592.000000
2,365.32083,536.0,0.3125,0.7104,75139768.000000
2,367.0,537.09125,0.28125,0.6956,75139968.000000
2,361.942,539.0232,0.28125,0.7326,75140568.000000
2,362.09457,539.0,0.3125,0.74,75140768.000000
1,360.85086,540.0,0.25,0.6808,75141192.000000
0,396.0,501.0,0.1875,0.2368,75141808.000000
2,387.0,503.54843,0.25,0.518,75141976.000000
2,376.9308,511.02768,0.3125,0.7326,75142592.000000
2,371.0,514.7388,0.3125,0.6882,75142784.000000
2,370.0,516.30334,0.3125,0.6808,75142968.000000
2,366.8531,516.0,0.3125,0.7104,75143168.000000
2,363.92834,517.0,0.3125,0.666,75143368.000000
2,362.9543,517.0,0.3125,0.6956,75143568.000000
2,361.00146,518.0,0.28125,0.6882,75143768.000000
2,361.03207,518.0,0.34375,0.6956,75143968.000000
2,366.25436,516.94916,0.28125,0.7622,75144168.000000
1,366.25436,516.94916,0.28125,0.7622,75144368.000000
0,397.0,484.0,0.21875,0.3478,75150800.000000
2,356.63235,492.1838,0.21875,0.5772,75151000.000000
2,353.2267,495.0,0.25,0.5772,75151232.000000
2,356.07617,495.0,0.21875,0.5994,75151368.000000
2,357.05444,495.0,0.21875,0.6216,75151592.000000
2,355.0,496.09128,0.25,0.629,75151768.000000
2,353.943,496.0,0.25,0.6364,75151960.000000
1,354.0,497.07626,0.21875,0.6142,75152160.000000
0,358.0,500.0,0.1875,0.3996,75153016.000000
2,369.88248,507.96082,0.25,0.518,75153200.000000
2,378.7044,512.0,0.25,0.5106,75153376.000000
1,375.88657,512.0,0.21875,0.4366,75153560.000000
0,190.0,571.0,0.1875,0.2886,75715112.000000
2,189.44725,574.44727,0.25,0.4736,75715312.000000
2,193.12119,573.9091,0.28125,0.6512,75715720.000000
1,193.12119,573.9091,0.28125,0.6512,75716184.000000
0,59.0,581.0,0.1875,0.3996,75718320.000000
2,56.175297,582.8247,0.1875,0.444,75718520.000000
1,50.174374,614.65125,0.1875,0.5476,75718752.000000
0,212.0,560.0,0.1875,0.4662,75719520.000000
2,205.90895,562.09106,0.28125,0.6512,75719712.000000
1,207.04173,562.0,0.25,0.6882,75720512.000000
0,246.0,702.0,0.1875,0.3626,75721328.000000
2,250.4248,704.8083,0.28125,0.4292,75721528.000000
2,306.33786,739.3379,0.21875,0.3996,75721728.000000
2,305.0,752.5114,0.125,0.3848,75721936.000000
2,300.50116,768.49884,0.15625,0.37,75722128.000000
2,299.87766,774.8776,0.1875,0.3774,75722336.000000
2,312.9068,788.9068,0.28125,0.4218,75722520.000000
2,314.94254,794.0,0.25,0.3848,75722712.000000
2,316.05048,790.84863,0.28125,0.3922,75722912.000000
2,322.0,791.90625,0.3125,0.4144,75723136.000000
2,327.22546,794.0,0.3125,0.4292,75723312.000000
1,327.22546,794.0,0.3125,0.4292,75723728.000000
0,128.0,705.0,0.25,0.2812,75724112.000000
2,125.0,708.69684,0.21875,0.3552,75724320.000000
2,100.27648,713.1809,0.28125,0.5106,75724528.000000
2,69.31428,727.34283,0.21875,0.481,75724736.000000
2,48.419548,738.58044,0.15625,0.4958,75724920.000000
2,37.11594,741.88403,0.15625,0.5032,75725120.000000
2,33.910385,742.0,0.15625,0.518,75725312.000000
1,33.910385,742.0,0.15625,0.518,75725512.000000
0,363.0,570.0,0.15625,0.407,75820448.000000
2,364.00528,571.00525,0.21875,0.5772,75820848.000000
2,361.93594,571.0,0.25,0.5698,75821040.000000
1,362.07214,571.0,0.21875,0.6142,75821472.000000
0,447.0,723.0,0.28125,0.4292,75833656.000000
2,442.40475,723.0,0.28125,0.5846,75833832.000000
2,445.0351,718.9298,0.3125,0.6882,75834240.000000
1,446.15088,719.0,0.3125,0.629,75834432.000000
0,544.0,658.0,0.1875,0.222,75995320.000000
2,568.2867,618.09406,0.28125,0.6438,75995528.000000
1,614.8226,569.1774,0.21875,0.629,75995744.000000
0,200.0,601.0,0.28125,0.3404,75999528.000000
2,204.12984,599.9675,0.28125,0.5698,75999920.000000
2,207.08037,600.0,0.3125,0.629,76000120.000000
2,211.41492,601.4149,0.3125,0.6882,76000368.000000
2,216.0,600.70337,0.3125,0.74,76000544.000000
1,217.45735,601.0,0.3125,0.6882,76000720.000000
0,231.0,693.0,0.0625,0.2664,76004176.000000
2,218.64716,760.2358,0.1875,0.5106,76004336.000000
2,219.0,781.0013,0.25,0.4736,76004544.000000
2,224.30609,802.6122,0.25,0.518,76004752.000000
2,235.5606,815.5606,0.21875,0.4884,76004912.000000
2,240.92374,818.9237,0.21875,0.518,76005152.000000
2,261.99457,827.9973,0.21875,0.5106,76005368.000000
2,291.50955,837.0,0.1875,0.5032,76005568.000000
2,303.4965,841.49646,0.21875,0.4662,76005728.000000
2,312.84296,846.84296,0.25,0.4884,76005928.000000
2,322.06482,842.9352,0.21875,0.481,76006112.000000
2,322.0,844.014,0.28125,0.481,76006312.000000
1,322.0,844.014,0.28125,0.481,76007152.000000
0,634.0,565.0,0.15625,0.222,76030304.000000
2,637.2292,567.1528,0.1875,0.6586,76030504.000000
2,642.1142,568.0,0.21875,0.6512,76030696.000000
1,643.21454,568.0,0.21875,0.7104,76031496.000000
0,393.0,519.0,0.25,0.407,76088256.000000
2,387.2315,520.0,0.375,0.9694,76088872.000000
2,388.0,522.03656,0.34375,0.9694,76089120.000000
1,389.5416,522.0,0.34375,0.9842,76089288.000000
0,311.0,614.0,0.28125,0.4884,76097328.000000
2,302.1573,637.2697,0.1875,0.518,76097480.000000
2,226.62383,706.79205,0.21875,0.555,76097680.000000
2,174.0,719.81146,0.25,0.592,76097872.000000
2,129.86115,738.8555,0.25,0.5698,76098128.000000
2,84.096756,753.0,0.21875,0.592,76098248.000000
2,82.163216,753.0653,0.21875,0.6734,76098648.000000
2,83.0,755.0047,0.21875,0.7178,76098864.000000
2,89.36269,759.3627,0.25,0.6956,76099048.000000
2,90.01195,759.98804,0.25,0.6882,76099456.000000
2,94.22693,755.7731,0.25,0.6586,76099648.000000
2,97.11384,755.0,0.21875,0.6512,76099848.000000
2,100.0,757.03516,0.25,0.6956,76100064.000000
1,100.0,757.03516,0.25,0.6956,76100480.000000
0,319.0,698.0,0.1875,0.333,76112488.000000
2,319.0,697.1064,0.25,0.6142,76112640.000000
2,322.07584,697.94946,0.3125,0.7992,76112848.000000
1,323.04764,698.0,0.3125,0.777,76113048.000000
0,302.0,427.0,0.09375,0.3182,76634384.000000
2,216.59769,450.0,0.1875,0.4218,76634528.000000
2,178.03142,452.51572,0.25,0.481,76634680.000000
2,171.99576,453.0,0.28125,0.4292,76634880.000000
2,147.67107,465.32892,0.21875,0.4514,76635104.000000
2,150.4536,480.0,0.25,0.4514,76635280.000000
1,148.77315,481.22687,0.21875,0.4218,76635520.000000
0,591.0,888.0,0.15625,0.3108,76831136.000000
2,593.02246,885.97754,0.1875,0.444,76831744.000000
2,589.99603,887.00134,0.1875,0.4736,76832144.000000
2,591.00165,887.0,0.1875,0.4514,76832344.000000
1,591.00165,887.0,0.1875,0.4514,76832744.000000
0,554.0,889.0,0.0625,0.2368,76833560.000000
2,553.0339,886.9661,0.25,0.518,76834136.000000
2,556.07587,887.0,0.1875,0.518,76834360.000000
2,566.3409,888.0,0.21875,0.5402,76834536.000000
1,567.0867,889.0,0.25,0.5328,76834936.000000
0,308.0,560.0,0.125,0.3034,77342568.000000
2,308.0,555.61847,0.28125,0.629,77342768.000000
2,313.06516,553.0,0.28125,0.6142,77342976.000000
1,315.1535,552.0,0.28125,0.6808,77343576.000000
0,95.0,562.0,0.0625,0.2516,77360368.000000
2,87.59606,566.40393,0.25,0.6586,77360560.000000
2,85.0,573.114,0.28125,0.7104,77360752.000000
2,85.060005,574.0,0.28125,0.7696,77360952.000000
2,85.0,575.15173,0.3125,0.777,77361160.000000
1,85.0,575.15173,0.3125,0.777,77361552.000000
0,87.0,616.0,0.125,0.4366,77362392.000000
2,87.0,615.5473,0.21875,0.5994,77362560.000000
2,83.96954,619.0,0.25,0.7178,77362952.000000
1,82.78099,619.0,0.25,0.6586,77363152.000000
0,337.0,947.0,0.21875,0.3552,77448496.000000
2,337.0,942.5531,0.25,0.5994,77448688.000000
2,338.0758,937.9621,0.25,0.6364,77448904.000000
2,339.01813,936.9819,0.3125,0.6956,77449328.000000
2,340.0456,935.9544,0.3125,0.7326,77449520.000000
1,341.1138,936.0,0.3125,0.6882,77449888.000000
0,301.0,887.0,0.125,0.2886,77453688.000000
2,296.99265,885.99817,0.25,0.6512,77455296.000000
2,294.9805,888.01953,0.21875,0.6364,77455696.000000
1,295.0,889.02875,0.25,0.6068,77455896.000000
0,276.0,900.0,0.15625,0.2368,77456936.000000
2,273.0,904.40906,0.25,0.6438,77457088.000000
2,271.9907,909.0465,0.3125,0.629,77457696.000000
2,266.6446,921.88855,0.28125,0.6216,77457896.000000
2,257.0,957.7695,0.3125,0.6512,77458096.000000
2,257.0,959.5835,0.3125,0.666,77458296.000000
2,261.0348,977.0348,0.3125,0.6512,77458480.000000
2,263.0,979.93225,0.28125,0.6586,77458688.000000
1,263.0,979.93225,0.28125,0.6586,77458896.000000
0,420.0,804.0,0.15625,0.3552,764294.000000
2,414.0,837.71826,0.15625,0.3478,764499.000000
1,414.44592,899.5541,0.125,0.3922,764717.000000
0,522.0,504.0,0.1875,0.2442,992643.000000
2,516.486,505.3785,0.1875,0.296,992825.000000
2,514.72064,628.9271,0.1875,0.3552,993014.000000
2,516.8498,666.4507,0.28125,0.333,993214.000000
1,507.3619,692.63806,0.15625,0.333,993442.000000
0,548.0,300.0,0.09375,0.259,1020994.000000
2,522.9247,335.15057,0.28125,0.4292,1021201.000000
2,500.3994,425.80173,0.1875,0.444,1021391.000000
2,494.55,436.45,0.15625,0.444,1021603.000000
2,500.0663,435.98343,0.1875,0.4884,1021994.000000
2,496.886,434.962,0.125,0.4292,1022190.000000
2,496.00787,439.01575,0.1875,0.481,1022392.000000
2,497.09085,443.3634,0.21875,0.4588,1022591.000000
2,498.0,455.41138,0.25,0.4588,1022790.000000
2,497.0,470.4093,0.1875,0.444,1022990.000000
2,494.0,474.83438,0.21875,0.518,1023192.000000
2,496.151,471.77347,0.21875,0.444,1023394.000000
2,499.0,466.6232,0.25,0.5106,1023589.000000
2,505.22647,460.77353,0.3125,0.4736,1023789.000000
2,518.8654,452.13458,0.25,0.5106,1024005.000000
2,531.09515,444.90488,0.21875,0.481,1024189.000000
2,547.69916,433.65042,0.15625,0.4292,1024403.000000
2,566.79785,422.80142,0.1875,0.4662,1024592.000000
2,590.82227,405.35553,0.28125,0.4736,1024801.000000
2,614.0711,388.8578,0.21875,0.4514,1024990.000000
2,628.31323,377.68674,0.1875,0.4514,1025190.000000
2,634.09064,374.0,0.1875,0.4514,1025392.000000
2,638.4473,373.0,0.15625,0.4292,1025590.000000
2,641.05084,368.94916,0.15625,0.4588,1025798.000000
2,639.8298,363.77304,0.15625,0.4884,1025991.000000
2,645.85803,359.0,0.15625,0.4514,1026214.000000
2,648.0,351.8757,0.15625,0.4736,1026389.000000
2,650.0341,350.98294,0.15625,0.481,1026591.000000
1,650.0341,350.98294,0.15625,0.481,1026787.000000
0,574.0,630.0,0.1875,0.296,2306603.000000
2,571.7741,625.5482,0.28125,0.592,2306822.000000
2,605.2808,549.8653,0.25,0.629,2307006.000000
2,616.1821,530.6357,0.25,0.6068,2307224.000000
2,622.12506,517.87494,0.21875,0.6512,2307429.000000
2,628.0,503.5207,0.21875,0.6808,2307607.000000
2,631.8085,494.0,0.21875,0.6882,2307804.000000
2,634.0488,491.0,0.21875,0.703,2308026.000000
1,634.0488,491.0,0.21875,0.703,2308204.000000
0,288.0,238.0,0.15625,0.333,74673736.000000
2,280.773,243.22697,0.25,0.6438,74673936.000000
2,286.11398,244.0,0.3125,0.7178,74674144.000000
2,282.9115,244.0,0.28125,0.8436,74674352.000000
1,284.09146,244.0,0.34375,0.8362,74675136.000000
0,162.0,331.0,0.1875,0.2294,74680600.000000
2,100.9634,395.0732,0.21875,0.4514,74680752.000000
2,91.420685,402.5793,0.1875,0.4884,74680944.000000
2,76.19047,411.80954,0.1875,0.4884,74681176.000000
2,54.11082,429.8892,0.125,0.4662,74681344.000000
2,55.0,444.5061,0.1875,0.444,74681584.000000
2,61.350224,463.35022,0.25,0.481,74681728.000000
2,69.45191,464.84937,0.25,0.4514,74681960.000000
2,75.88791,457.1121,0.25,0.4736,74682128.000000
1,76.44997,456.55002,0.25,0.4884,74682352.000000
0,166.0,365.0,0.09375,0.3108,74683184.000000
2,137.97057,397.98386,0.3125,0.3922,74683360.000000
2,79.5516,424.0,0.15625,0.3848,74683544.000000
2,48.779015,443.6105,0.15625,0.4736,74683744.000000
2,40.090824,455.2725,0.1875,0.4366,74683928.000000
2,45.682163,455.0,0.21875,0.444,74684144.000000
2,53.107613,454.0,0.1875,0.4292,74684368.000000
2,61.341976,444.0,0.15625,0.481,74684528.000000
1,62.0,442.7862,0.15625,0.4514,74684736.000000
0,355.0,358.0,0.15625,0.4958,74699520.000000
2,355.07358,358.07358,0.21875,0.629,74699720.000000
1,349.4323,356.88647,0.25,0.7326,74700512.000000
0,314.0,632.0,0.15625,0.2516,74745288.000000
2,310.0,633.05066,0.25,0.6586,74745480.000000
2,308.97885,633.0,0.25,0.7104,74745696.000000
2,309.11295,633.0,0.25,0.703,74745888.000000
2,305.9049,633.0,0.28125,0.6734,74746080.000000
2,307.02173,631.9783,0.3125,0.7844,74746488.000000
1,307.02173,631.9783,0.3125,0.7844,74747096.000000
0,513.0,952.0,0.1875,0.259,74851208.000000
2,509.67435,946.6744,0.25,0.5254,74851408.000000
2,521.1388,869.8612,0.3125,0.7548,74851608.000000
1,522.0756,864.62177,0.28125,0.6364,74851824.000000
0,355.0,622.0,0.15625,0.3996,74861400.000000
2,352.42746,620.71375,0.1875,0.4588,74861600.000000
2,352.01474,614.9705,0.25,0.555,74862256.000000
1,352.01474,614.9705,0.25,0.555,74862608.000000
0,279.0,812.0,0.25,0.3034,74863632.000000
2,257.26172,792.1963,0.28125,0.3848,74863832.000000
2,233.94646,775.95984,0.15625,0.4366,74864008.000000
2,227.97931,766.9379,0.15625,0.4218,74864200.000000
2,231.195,767.0,0.15625,0.4514,74864400.000000
2,235.24661,767.0,0.1875,0.4366,74864600.000000
2,237.11261,768.0,0.1875,0.4514,74864800.000000
2,240.0,768.92255,0.15625,0.4662,74864992.000000
2,241.0,767.90515,0.1875,0.5032,74865192.000000
1,241.0,767.90515,0.1875,0.5032,74865400.000000
0,299.0,704.0,0.15625,0.4218,74874592.000000
2,292.89847,708.1523,0.25,0.666,74874792.000000
2,291.98615,708.0,0.25,0.6586,74874992.000000
2,293.0,709.0269,0.21875,0.6882,74875400.000000
1,293.0,709.0269,0.21875,0.6882,74875584.000000
0,486.0,334.0,0.28125,0.5772,74943552.000000
2,411.79984,500.68054,0.28125,0.5846,74943752.000000
2,398.51212,678.04846,0.28125,0.5476,74943936.000000
1,396.9502,690.0332,0.25,0.5846,74944136.000000
0,286.0,425.0,0.125,0.3774,74947544.000000
2,282.93546,428.06454,0.25,0.6956,74947744.000000
2,283.22824,430.0,0.25,0.703,74947952.000000
2,285.00775,426.97675,0.28125,0.7326,74948544.000000
1,285.00775,426.97675,0.28125,0.7326,74948736.000000
0,624.0,615.0,0.125,0.2886,75123224.000000
2,623.0,613.38336,0.21875,0.4144,75123424.000000
2,629.9333,540.1668,0.21875,0.5624,75123616.000000
2,639.19824,519.50433,0.21875,0.518,75123824.000000
2,641.967,501.934,0.1875,0.5698,75124024.000000
2,645.19446,497.7407,0.1875,0.5994,75124232.000000
2,647.0,490.82507,0.1875,0.6364,75124424.000000
2,648.2614,482.65143,0.1875,0.592,75124640.000000
2,652.8832,475.0,0.21875,0.6068,75124816.000000
2,653.0,467.84882,0.1875,0.6142,75125016.000000
2,656.19495,463.7401,0.21875,0.6142,75125216.000000
2,656.0,459.8786,0.21875,0.6068,75125416.000000
2,652.97644,462.0157,0.21875,0.7104,75126416.000000
2,650.9495,462.0,0.21875,0.74,75126624.000000
2,649.84845,463.0,0.25,0.7474,75126832.000000
2,652.149,457.75168,0.21875,0.6734,75127024.000000
2,656.02374,447.88138,0.21875,0.703,75127232.000000
2,658.5919,444.0,0.1875,0.666,75127416.000000
2,656.9092,436.84866,0.1875,0.7178,75127632.000000
2,659.0607,433.90894,0.1875,0.6882,75128016.000000
2,661.002,431.99802,0.15625,0.629,75128216.000000
1,664.15106,431.0,0.1875,0.6882,75128440.000000
0,273.0,296.0,0.125,0.3182,75130816.000000
2,280.34073,296.0,0.1875,0.5106,75131016.000000
1,283.0,294.8485,0.1875,0.518,75132224.000000
0,308.0,294.0,0.125,0.2664,75138016.000000
2,311.10516,289.8598,0.21875,0.5846,75138208.000000
2,314.03925,289.0,0.25,0.629,75138416.000000
2,315.0,290.1559,0.28125,0.7104,75138608.000000
2,319.0,291.09125,0.28125,0.7326,75138880.000000
1,319.0,291.09125,0.28125,0.7326,75139416.000000
0,420.0,505.0,0.15625,0.4736,75163192.000000
2,416.82883,507.1141,0.21875,0.7104,75163392.000000
2,419.35767,508.0,0.25,0.6586,75163592.000000
2,421.01764,505.98236,0.25,0.6956,75163792.000000
2,422.04266,506.0,0.25,0.7696,75164040.000000
1,422.04266,506.0,0.25,0.7696,75164392.000000
0,175.0,553.0,0.21875,0.444,75322216.000000
2,183.87303,587.11127,0.28125,0.6142,75322424.000000
2,185.67714,633.29144,0.21875,0.5402,75322624.000000
2,186.61145,648.0,0.28125,0.5476,75322832.000000
2,189.08458,653.9154,0.28125,0.5698,75323016.000000
2,186.94048,661.0,0.3125,0.5846,75323216.000000
2,183.8477,647.2385,0.25,0.555,75323424.000000
2,177.0,620.2368,0.25,0.5772,75323616.000000
1,177.0,616.6957,0.25,0.592,75323840.000000
0,194.0,436.0,0.21875,0.3256,81960392.000000
2,194.0,444.79773,0.28125,0.5846,81960600.000000
2,231.11761,545.2352,0.25,0.629,81960784.000000
2,230.86285,568.0,0.1875,0.4736,81960992.000000
2,226.87868,564.909,0.15625,0.4736,81961200.000000
2,219.69579,561.8479,0.15625,0.3922,81961392.000000
2,217.0,562.1303,0.15625,0.481,81961592.000000
2,214.77167,566.45667,0.21875,0.4662,81961792.000000
2,215.0,580.11707,0.25,0.518,81961992.000000
2,214.60776,595.3922,0.3125,0.555,81962184.000000
2,210.69745,587.3949,0.25,0.555,81962400.000000
2,206.0,570.6761,0.1875,0.5772,81962592.000000
2,199.77226,546.08905,0.25,0.555,81962800.000000
2,197.92426,534.697,0.3125,0.4958,81962984.000000
2,195.0,522.8392,0.28125,0.5624,81963192.000000
1,195.0,519.7733,0.28125,0.4514,81963400.000000
0,324.0,496.0,0.15625,0.2886,82267744.000000
2,315.91583,496.0,0.1875,0.3996,82267944.000000
2,316.0,498.04443,0.1875,0.4514,82268160.000000
2,318.03497,498.0,0.1875,0.4514,82268344.000000
2,317.0,500.01807,0.21875,0.5254,82268544.000000
1,318.0,501.4531,0.21875,0.5106,82268744.000000
0,704.0,762.0,0.0625,0.2442,82281344.000000
2,655.612,763.0,0.125,0.3256,82281552.000000
2,477.3512,804.21625,0.1875,0.3996,82281760.000000
2,320.64597,817.09674,0.21875,0.4218,82281984.000000
2,155.28857,796.7148,0.28125,0.4884,82282168.000000
2,104.15792,796.0,0.25,0.481,82282344.000000
2,92.77199,795.0,0.25,0.4514,82282544.000000
2,90.0,801.0819,0.25,0.4514,82282784.000000
2,100.35845,802.0,0.1875,0.4292,82282960.000000
2,104.03305,803.0,0.25,0.4514,82283144.000000
2,115.44836,802.0,0.25,0.4662,82283336.000000
2,116.032486,802.0,0.25,0.4884,82283536.000000
2,112.98032,802.0,0.21875,0.4588,82283936.000000
2,113.11011,804.8899,0.21875,0.4662,82284168.000000
2,103.0,821.2328,0.125,0.3848,82284344.000000
1,107.449234,825.0,0.15625,0.4514,82284744.000000
0,301.0,694.0,0.09375,0.3478,82287736.000000
2,287.4414,694.0,0.1875,0.4588,82287928.000000
1,289.11102,694.0,0.1875,0.5328,82288560.000000
0,259.0,562.0,0.1875,0.2294,83180208.000000
2,244.38275,568.7448,0.21875,0.518,83180400.000000
2,227.0,585.2034,0.21875,0.5402,83180552.000000
2,227.36694,587.0,0.21875,0.518,83180776.000000
1,225.9141,589.0,0.25,0.5476,83180976.000000
0,354.0,357.0,0.09375,0.2516,83237136.000000
2,347.7715,352.8477,0.125,0.4292,83237312.000000
1,347.7715,352.8477,0.125,0.4292,83237952.000000
0,485.0,367.0,0.15625,0.3626,83874864.000000
2,482.42993,376.42993,0.1875,0.5032,83875040.000000
2,481.9572,377.0,0.21875,0.4736,83875240.000000
2,484.0,378.45218,0.25,0.5254,83875440.000000
2,486.03897,378.0,0.1875,0.4958,83875848.000000
1,486.03897,378.0,0.1875,0.4958,83876040.000000
0,430.0,368.0,0.15625,0.3774,83878040.000000
2,433.83347,372.83347,0.1875,0.481,83878240.000000
2,433.99643,375.0,0.1875,0.4958,83878440.000000
2,436.17142,375.0,0.21875,0.4884,83878752.000000
2,436.89096,376.0,0.21875,0.518,83878880.000000
1,435.8489,376.0,0.1875,0.5106,83879080.000000
0,252.0,507.0,0.21875,0.2664,83897624.000000
2,227.06613,521.98346,0.3125,0.6438,83898024.000000
1,227.06613,521.98346,0.3125,0.6438,83898224.000000
0,214.0,574.0,0.28125,0.4736,83901224.000000
2,201.07582,586.0758,0.25,0.5698,83901424.000000
2,202.0,583.36774,0.25,0.518,83901856.000000
1,203.00029,583.0,0.25,0.5846,83902224.000000
0,301.0,498.0,0.15625,0.296,84138712.000000
2,287.0383,501.49042,0.21875,0.37,84138896.000000
2,168.46385,520.63403,0.25,0.444,84139064.000000
2,156.86862,525.0985,0.28125,0.4588,84139296.000000
2,132.0,539.3053,0.25,0.407,84139456.000000
2,127.54973,542.45026,0.25,0.4218,84139648.000000
1,125.788414,543.0,0.25,0.5032,84139880.000000
0,192.0,423.0,0.21875,0.3034,84271576.000000
2,188.87056,415.74112,0.21875,0.518,84271768.000000
2,191.06514,416.0,0.25,0.518,84271960.000000
2,192.41043,415.0,0.25,0.5106,84272184.000000
2,193.04138,415.0,0.21875,0.518,84272416.000000
1,193.04138,415.0,0.21875,0.518,84272568.000000
0,637.0,962.0,0.15625,0.3108,84442048.000000
2,632.0112,963.6629,0.125,0.3478,84442240.000000
2,621.0,967.11395,0.1875,0.407,84442440.000000
2,622.07526,967.0,0.1875,0.4366,84442656.000000
2,622.0,968.04114,0.1875,0.4588,84442904.000000
2,624.038,968.0,0.21875,0.4588,84443064.000000
2,622.77295,969.0,0.1875,0.481,84443240.000000
2,621.962,969.0,0.1875,0.4588,84443464.000000
2,623.0,970.2252,0.1875,0.4736,84443648.000000
2,617.44916,974.55084,0.21875,0.4884,84443856.000000
1,608.9197,984.0,0.28125,0.4662,84444040.000000
0,610.0,959.0,0.09375,0.2738,84448640.000000
2,603.26373,959.0,0.125,0.4144,84448840.000000
2,602.9392,960.0304,0.15625,0.4662,84449048.000000
2,604.0651,960.0,0.1875,0.4736,84449240.000000
2,604.1725,961.1725,0.1875,0.5106,84449448.000000
1,604.1725,961.1725,0.1875,0.5106,84450248.000000
0,591.0,897.0,0.1875,0.2368,84451152.000000
2,589.8485,900.4544,0.21875,0.4588,84451272.000000
2,585.7745,904.0,0.21875,0.4958,84451440.000000
2,587.01404,902.98596,0.25,0.5106,84451856.000000
2,588.0132,901.9868,0.25,0.5328,84452048.000000
1,589.1515,902.0,0.25,0.555,84452240.000000
0,536.0,500.0,0.1875,0.2886,3004114.000000
2,573.0753,450.23288,0.25,0.4662,3004312.000000
1,584.052,433.96533,0.1875,0.37,3004516.000000
0,579.0,625.0,0.15625,0.2812,3200389.000000
2,574.1024,623.5512,0.1875,0.3478,3200604.000000
2,587.1114,561.7772,0.21875,0.4144,3200783.000000
2,591.0439,554.9561,0.1875,0.3626,3200994.000000
2,594.74445,550.25555,0.21875,0.3996,3201181.000000
1,614.39014,522.4148,0.15625,0.2294,3201381.000000
