0,66.0,182.0,0.10588236,1.0,38037008.000000
2,66.0,182.0,0.0882353,1.0,38037028.000000
2,66.0,182.0,0.0882353,1.0,38037048.000000
1,66.0,182.0,0.0882353,1.0,38037132.000000
0,983.0,173.0,0.07058824,1.0,38058660.000000
2,983.0,173.0,0.10588236,1.0,38058672.000000
2,983.0,173.0,0.10588236,1.0,38058696.000000
1,983.0,173.0,0.10588236,1.0,38058780.000000
0,83.0,175.0,0.03529412,1.0,38070632.000000
2,83.0,175.0,0.10588236,1.0,38070644.000000
2,83.0,175.0,0.07058824,1.0,38070720.000000
1,83.0,175.0,0.07058824,1.0,38070728.000000
0,465.0,165.0,0.07058824,1.0,38128276.000000
2,465.0,165.0,0.10588236,1.0,38128304.000000
2,465.0,165.0,0.12352942,1.0,38128336.000000
1,465.0,165.0,0.10588236,1.0,38128384.000000
0,870.0,909.0,0.03529412,1.0,38169240.000000
2,870.0,909.0,0.0882353,1.0,38169264.000000
2,870.0,909.0,0.07058824,1.0,38169316.000000
1,870.0,909.0,0.07058824,1.0,38169320.000000
0,826.0,1134.0,0.07058824,1.0,38170216.000000
2,826.0,1134.0,0.10588236,1.0,38170244.000000
1,826.0,1134.0,0.10588236,1.0,38170264.000000
0,583.0,369.0,0.05294118,1.0,38184608.000000
2,583.0,369.0,0.10588236,1.0,38184636.000000
1,583.0,369.0,0.10588236,1.0,38184668.000000
0,750.0,296.0,0.10588236,1.0,38257844.000000
2,750.0,296.0,0.0882353,1.0,38257880.000000
1,750.0,296.0,0.0882353,1.0,38257900.000000
0,558.0,339.0,0.03529412,1.0,38966880.000000
2,558.0,339.0,0.12352942,1.0,38966920.000000
2,558.0,339.0,0.12352942,1.0,38966932.000000
2,558.0,339.0,0.12352942,1.0,38966980.000000
2,558.0,339.0,0.0882353,1.0,38967008.000000
1,558.0,339.0,0.0882353,1.0,38967024.000000
0,920.0,1691.0,0.05294118,1.0,39422692.000000
2,920.0,1691.0,0.10588236,1.0,39422712.000000
2,918.8239,1688.0598,0.10588236,1.0,39422740.000000
2,913.49115,1672.4735,0.10588236,1.0,39422752.000000
2,904.00824,1615.0577,0.0882353,1.0,39422772.000000
2,895.97784,1543.1873,0.0882353,1.0,39422788.000000
2,892.77606,1477.83,0.0882353,1.0,39422804.000000
2,892.0,1429.4849,0.10588236,1.0,39422820.000000
2,892.0,1395.8234,0.12352942,1.0,39422836.000000
2,893.3641,1368.8109,0.10588236,1.0,39422852.000000
2,895.9016,1344.4757,0.12352942,1.0,39422868.000000
2,897.44086,1323.2688,0.10588236,1.0,39422892.000000
2,899.96704,1304.1979,0.0882353,1.0,39422900.000000
2,903.0549,1288.2532,0.10588236,1.0,39422920.000000
2,905.06244,1275.5005,0.10588236,1.0,39422936.000000
2,905.6011,1266.9945,0.10588236,1.0,39422952.000000
2,906.0,1260.4315,0.0882353,1.0,39422968.000000
2,906.0,1256.6373,0.0882353,1.0,39422988.000000
2,906.0,1254.7758,0.0882353,1.0,39423000.000000
2,906.0,1253.5,0.0882353,1.0,39423016.000000
2,904.84204,1251.6841,0.0882353,1.0,39423032.000000
1,904.84204,1251.6841,0.0882353,1.0,39423036.000000
0,158.0,1349.0,0.07058824,1.0,39771364.000000
2,158.0,1349.0,0.07058824,1.0,39771388.000000
2,158.0,1349.0,0.0882353,1.0,39771404.000000
2,158.0,1349.0,0.0882353,1.0,39771432.000000
2,158.83997,1337.8002,0.10588236,1.0,39771460.000000
2,161.712,1326.152,0.0882353,1.0,39771480.000000
2,164.87149,1309.7068,0.0882353,1.0,39771484.000000
2,167.95012,1292.7744,0.0882353,1.0,39771528.000000
2,174.55699,1263.5441,0.0882353,1.0,39771544.000000
2,176.09653,1251.2278,0.0882353,1.0,39771568.000000
2,177.63788,1235.6212,0.0882353,1.0,39771584.000000
2,179.17564,1219.068,0.10588236,1.0,39771608.000000
2,181.41446,1202.2205,0.10588236,1.0,39771624.000000
2,187.5841,1161.9113,0.0882353,1.0,39771640.000000
2,189.66393,1141.3484,0.12352942,1.0,39771664.000000
2,191.86365,1124.4999,0.10588236,1.0,39771672.000000
2,193.41293,1109.8707,0.0882353,1.0,39771688.000000
2,194.94978,1095.4519,0.10588236,1.0,39771724.000000
2,197.02,1056.7399,0.10588236,1.0,39771740.000000
2,197.0,1040.856,0.10588236,1.0,39771760.000000
2,197.0,1029.2496,0.12352942,1.0,39771772.000000
2,197.0,1020.7631,0.12352942,1.0,39771788.000000
2,197.0,1011.8579,0.12352942,1.0,39771808.000000
2,197.0,1000.1985,0.12352942,1.0,39771828.000000
2,197.0,987.1629,0.12352942,1.0,39771848.000000
2,197.0,976.3526,0.10588236,1.0,39771868.000000
2,195.65573,965.9344,0.10588236,1.0,39771888.000000
2,194.11032,955.7723,0.12352942,1.0,39771904.000000
2,191.0249,930.2491,0.12352942,1.0,39771932.000000
2,188.97627,914.88135,0.10588236,1.0,39771940.000000
2,186.9398,901.5185,0.0882353,1.0,39771964.000000
2,184.81694,889.26776,0.10588236,1.0,39771972.000000
2,181.73186,875.79333,0.10588236,1.0,39771988.000000
2,178.6544,856.58075,0.10588236,1.0,39772004.000000
2,173.15047,828.9647,0.0882353,1.0,39772024.000000
2,165.98116,795.66046,0.10588236,1.0,39772040.000000
2,161.11719,776.763,0.10588236,1.0,39772056.000000
2,159.1629,770.6516,0.0882353,1.0,39772072.000000
2,157.62267,765.868,0.10588236,1.0,39772088.000000
2,156.08426,763.1685,0.0882353,1.0,39772104.000000
2,155.54059,761.5406,0.10588236,1.0,39772120.000000
2,155.0,760.00226,0.10588236,1.0,39772144.000000
2,155.0,758.46124,0.10588236,1.0,39772160.000000
2,155.0,756.9205,0.10588236,1.0,39772172.000000
2,154.38695,755.38696,0.10588236,1.0,39772196.000000
2,154.0,753.8375,0.10588236,1.0,39772208.000000
2,154.0,752.30176,0.10588236,1.0,39772220.000000
2,154.0,751.5,0.10588236,1.0,39772240.000000
2,154.0,752.0,0.0882353,1.0,39772384.000000
2,154.0,752.0,0.0882353,1.0,39772424.000000
1,154.0,752.0,0.0882353,1.0,39772432.000000
0,195.0,1307.0,0.0882353,1.0,39782192.000000
2,197.24695,1300.2592,0.07058824,1.0,39782232.000000
2,201.32382,1286.381,0.10588236,1.0,39782272.000000
2,206.89435,1266.8698,0.10588236,1.0,39782292.000000
2,211.24725,1250.262,0.10588236,1.0,39782312.000000
2,216.96997,1224.7252,0.0882353,1.0,39782340.000000
2,219.02603,1201.6356,0.10588236,1.0,39782360.000000
2,220.55917,1180.7307,0.0882353,1.0,39782376.000000
2,222.0,1159.4901,0.10588236,1.0,39782404.000000
2,223.0,1115.0461,0.0882353,1.0,39782420.000000
2,223.0,1088.9235,0.0882353,1.0,39782448.000000
2,221.73544,1061.7672,0.10588236,1.0,39782456.000000
2,219.65099,1012.4159,0.10588236,1.0,39782480.000000
2,219.0,983.23846,0.10588236,1.0,39782492.000000
2,219.0,949.6135,0.10588236,1.0,39782516.000000
2,217.04155,926.5402,0.10588236,1.0,39782532.000000
2,217.0,912.5583,0.10588236,1.0,39782548.000000
2,215.97713,904.8856,0.10588236,1.0,39782564.000000
2,214.5,899.0,0.12352942,1.0,39782576.000000
2,215.0,894.64056,0.12352942,1.0,39782592.000000
2,214.0,891.6789,0.12352942,1.0,39782612.000000
2,213.0,888.59796,0.12352942,1.0,39782636.000000
2,213.0,885.5202,0.12352942,1.0,39782660.000000
2,213.0,883.72266,0.12352942,1.0,39782672.000000
2,213.0,882.17847,0.12352942,1.0,39782688.000000
2,213.0,880.6369,0.12352942,1.0,39782704.000000
2,213.0,879.0955,0.12352942,1.0,39782720.000000
2,213.0,877.55756,0.12352942,1.0,39782736.000000
2,213.0,876.02747,0.12352942,1.0,39782756.000000
2,213.0,875.0,0.12352942,1.0,39782772.000000
1,211.9313,875.0,0.10588236,1.0,39782784.000000
0,865.0,654.0,0.03529412,1.0,39984612.000000
2,862.0,661.5,0.10588236,1.0,39984632.000000
2,851.73016,730.2129,0.12352942,1.0,39984648.000000
2,848.0,800.3313,0.12352942,1.0,39984664.000000
2,848.0,858.036,0.12352942,1.0,39984684.000000
2,852.7329,910.2299,0.10588236,1.0,39984704.000000
2,858.8948,955.26337,0.10588236,1.0,39984716.000000
2,868.58344,1004.4448,0.12352942,1.0,39984732.000000
2,879.2238,1056.8013,0.12352942,1.0,39984748.000000
2,883.4143,1101.461,0.12352942,1.0,39984764.000000
2,888.1911,1138.132,0.12352942,1.0,39984780.000000
2,891.80725,1167.8434,0.0882353,1.0,39984804.000000
2,896.4338,1188.213,0.10588236,1.0,39984816.000000
2,901.0525,1208.2275,0.0882353,1.0,39984836.000000
2,912.03827,1235.756,0.0882353,1.0,39984852.000000
2,924.7457,1266.8644,0.10588236,1.0,39984864.000000
2,933.8893,1300.6125,0.0882353,1.0,39984880.000000
2,940.7477,1330.5516,0.0882353,1.0,39984904.000000
2,947.19415,1365.8218,0.0882353,1.0,39984912.000000
2,948.0,1411.8975,0.0882353,1.0,39984932.000000
1,948.0,1411.8975,0.0882353,1.0,39984944.000000
0,878.0,1620.0,0.07058824,1.0,43382760.000000
2,850.96295,1538.7798,0.07058824,1.0,43382784.000000
2,823.3856,1443.9281,0.0882353,1.0,43382804.000000
2,809.3149,1363.968,0.0882353,1.0,43382812.000000
2,800.0,1282.5,0.12352942,1.0,43382832.000000
2,802.0681,1189.9567,0.10588236,1.0,43382852.000000
2,813.2312,1097.7068,0.10588236,1.0,43382864.000000
2,832.6673,1001.3779,0.0882353,1.0,43382880.000000
2,861.56836,916.9253,0.0882353,1.0,43382904.000000
2,886.1179,851.6855,0.07058824,1.0,43382920.000000
1,886.1179,851.6855,0.07058824,1.0,43382932.000000
0,641.0,1239.0,0.03529412,1.0,43384216.000000
2,641.0,1239.0,0.0882353,1.0,43384240.000000
1,641.0,1239.0,0.0882353,1.0,43384272.000000
0,86.0,794.0,0.07058824,1.0,43668884.000000
2,86.0,794.0,0.07058824,1.0,43668912.000000
2,86.0,794.0,0.10588236,1.0,43668920.000000
2,86.0,794.0,0.10588236,1.0,43668944.000000
2,86.0,794.0,0.10588236,1.0,43668972.000000
2,86.0,794.0,0.10588236,1.0,43668992.000000
2,86.0,794.0,0.10588236,1.0,43669004.000000
2,86.0,794.0,0.10588236,1.0,43669044.000000
2,86.0,794.0,0.10588236,1.0,43669112.000000
2,86.0,794.0,0.10588236,1.0,43669164.000000
2,98.5,805.5,0.12352942,1.0,43669552.000000
2,98.0,805.0,0.10588236,1.0,43669580.000000
2,97.0,805.0,0.10588236,1.0,43669624.000000
2,97.0,803.9343,0.10588236,1.0,43669640.000000
2,99.39877,801.6012,0.10588236,1.0,43669664.000000
2,102.482574,799.7587,0.07058824,1.0,43669676.000000
1,102.482574,799.7587,0.07058824,1.0,43669688.000000
0,908.0,909.0,0.05294118,1.0,44187204.000000
2,908.0,909.0,0.10588236,1.0,44187232.000000
2,904.1807,887.08435,0.12352942,1.0,44187264.000000
2,905.94434,847.2799,0.12352942,1.0,44187288.000000
2,908.96985,805.9073,0.12352942,1.0,44187296.000000
2,912.0461,777.585,0.12352942,1.0,44187320.000000
2,916.207,748.41327,0.12352942,1.0,44187340.000000
2,923.5373,716.8507,0.12352942,1.0,44187352.000000
2,932.53754,685.091,0.14117648,1.0,44187364.000000
2,944.4691,652.1436,0.12352942,1.0,44187384.000000
2,953.39264,630.7505,0.12352942,1.0,44187396.000000
2,960.0674,613.06464,0.12352942,1.0,44187416.000000
2,963.6157,601.345,0.12352942,1.0,44187432.000000
2,966.68823,591.9353,0.10588236,1.0,44187448.000000
2,969.7637,582.70905,0.10588236,1.0,44187468.000000
2,972.83716,575.3257,0.10588236,1.0,44187488.000000
2,976.89856,569.13525,0.10588236,1.0,44187500.000000
2,983.07935,562.4339,0.10588236,1.0,44187536.000000
1,989.154,554.74335,0.0882353,1.0,44187544.000000
0,997.0,863.0,0.07058824,1.0,44196024.000000
2,997.0,863.0,0.07058824,1.0,44196044.000000
2,997.0,859.8295,0.07058824,1.0,44196056.000000
2,997.0,850.83594,0.07058824,1.0,44196076.000000
2,997.0,839.93115,0.07058824,1.0,44196092.000000
2,997.0,826.2812,0.07058824,1.0,44196116.000000
2,997.0,808.3614,0.10588236,1.0,44196124.000000
2,997.0,787.2159,0.10588236,1.0,44196144.000000
2,997.0,765.91907,0.10588236,1.0,44196160.000000
2,994.1685,729.21265,0.10588236,1.0,44196176.000000
2,991.6266,696.4122,0.10588236,1.0,44196196.000000
2,989.1741,660.08887,0.10588236,1.0,44196208.000000
2,986.1008,629.0083,0.10588236,1.0,44196224.000000
2,983.0324,594.2375,0.10588236,1.0,44196240.000000
2,980.0,565.5,0.10588236,1.0,44196264.000000
2,979.9397,540.9747,0.10588236,1.0,44196288.000000
2,979.0,514.63696,0.10588236,1.0,44196304.000000
2,978.0,488.15335,0.12352942,1.0,44196320.000000
2,977.31195,458.23953,0.10588236,1.0,44196336.000000
2,977.0,425.41455,0.12352942,1.0,44196352.000000
2,977.0,395.3918,0.12352942,1.0,44196368.000000
2,978.30927,369.05167,0.12352942,1.0,44196384.000000
2,979.8484,344.42563,0.12352942,1.0,44196400.000000
2,981.0,321.58167,0.10588236,1.0,44196416.000000
2,981.92645,300.02972,0.10588236,1.0,44196440.000000
2,985.88293,277.11447,0.12352942,1.0,44196468.000000
1,995.1434,224.16034,0.10588236,1.0,44196484.000000
0,276.0,798.0,0.05294118,1.0,45726768.000000
2,276.0,798.0,0.12352942,1.0,45726792.000000
2,276.0,798.0,0.12352942,1.0,45726808.000000
2,276.0,798.0,0.12352942,1.0,45726824.000000
2,276.0,791.81256,0.12352942,1.0,45726884.000000
2,276.0,787.2155,0.12352942,1.0,45726904.000000
2,276.0,783.7335,0.12352942,1.0,45726912.000000
2,276.0,781.33,0.12352942,1.0,45726928.000000
2,274.79663,779.79663,0.12352942,1.0,45726944.000000
2,272.5117,778.25586,0.12352942,1.0,45726964.000000
2,268.03918,779.32025,0.10588236,1.0,45726972.000000
1,268.03918,779.32025,0.10588236,1.0,45726984.000000
0,202.0,1429.0,0.05294118,1.0,46465400.000000
2,202.0,1429.0,0.10588236,1.0,46465424.000000
2,202.0,1429.0,0.10588236,1.0,46465432.000000
2,202.0,1429.0,0.12352942,1.0,46465456.000000
2,202.0,1429.0,0.10588236,1.0,46465496.000000
1,202.0,1429.0,0.10588236,1.0,46465504.000000
0,944.0,1451.0,0.05294118,1.0,46700000.000000
2,944.0,1451.0,0.07058824,1.0,46700028.000000
1,944.0,1451.0,0.07058824,1.0,46700044.000000
0,909.0,62.0,0.0882353,1.0,46714040.000000
2,909.0,62.0,0.0882353,1.0,46714064.000000
2,909.0,62.0,0.0882353,1.0,46714080.000000
1,909.0,62.0,0.0882353,1.0,46714128.000000
0,494.0,267.0,0.03529412,1.0,81974432.000000
2,494.0,267.0,0.0882353,1.0,81974488.000000
1,494.0,267.0,0.0882353,1.0,81974528.000000
0,974.0,58.0,0.0882353,1.0,81988840.000000
2,974.0,58.0,0.0882353,1.0,81988880.000000
2,974.0,58.0,0.0882353,1.0,81988888.000000
1,974.0,58.0,0.0882353,1.0,81988904.000000
0,952.0,948.0,0.07058824,1.0,32154292.000000
2,952.0,948.0,0.07058824,1.0,32154320.000000
2,952.0,948.0,0.07058824,1.0,32154336.000000
2,952.0,948.0,0.07058824,1.0,32154368.000000
2,952.0,948.0,0.07058824,1.0,32154380.000000
1,952.0,948.0,0.07058824,1.0,32154384.000000
0,895.0,816.0,0.07058824,1.0,32275686.000000
2,895.0,816.0,0.07058824,1.0,32275700.000000
2,895.0,812.4392,0.0882353,1.0,32275720.000000
2,895.0,805.3918,0.0882353,1.0,32275732.000000
2,895.0,798.97,0.10588236,1.0,32275754.000000
2,894.20514,792.0258,0.10588236,1.0,32275772.000000
2,894.0,781.6632,0.10588236,1.0,32275792.000000
2,894.0,765.42773,0.0882353,1.0,32275812.000000
2,894.35236,746.7715,0.10588236,1.0,32275824.000000
2,895.94684,728.5845,0.10588236,1.0,32275856.000000
2,897.0,700.83765,0.0882353,1.0,32275880.000000
2,897.0,690.62415,0.0882353,1.0,32275898.000000
2,898.10223,681.3867,0.10588236,1.0,32275914.000000
2,899.6381,671.53326,0.10588236,1.0,32275932.000000
2,901.1723,661.9663,0.10588236,1.0,32275948.000000
2,901.0,655.16187,0.10588236,1.0,32275964.000000
2,901.0,649.2548,0.10588236,1.0,32275984.000000
2,901.0,644.6493,0.10588236,1.0,32276000.000000
2,901.0,640.0466,0.10588236,1.0,32276016.000000
2,901.0,632.20245,0.0882353,1.0,32276046.000000
2,901.0,629.1343,0.0882353,1.0,32276056.000000
2,901.0,626.03,0.0882353,1.0,32276072.000000
2,901.0,624.9874,0.0882353,1.0,32276092.000000
2,901.0,623.5,0.0882353,1.0,32276106.000000
2,901.0,621.91473,0.0882353,1.0,32276124.000000
2,901.0,620.37445,0.0882353,1.0,32276136.000000
2,901.0,618.8329,0.0882353,1.0,32276152.000000
2,901.0,617.2953,0.0882353,1.0,32276176.000000
2,901.0,615.76874,0.0882353,1.0,32276192.000000
2,901.0,614.2255,0.10588236,1.0,32276206.000000
2,901.0,612.7043,0.10588236,1.0,32276228.000000
2,901.0,611.154,0.10588236,1.0,32276236.000000
2,901.0,610.5,0.10588236,1.0,32276252.000000
2,901.0,611.0,0.0882353,1.0,32276282.000000
2,901.0,608.98535,0.0882353,1.0,32276304.000000
1,901.0,608.98535,0.0882353,1.0,32276320.000000
0,872.0,494.0,0.10588236,1.0,32285732.000000
2,859.162,519.88556,0.12352942,1.0,32285764.000000
2,845.21497,578.78284,0.14117648,1.0,32285776.000000
2,830.18665,646.3414,0.12352942,1.0,32285792.000000
2,820.3918,696.7006,0.12352942,1.0,32285810.000000
2,815.219,743.54956,0.12352942,1.0,32285828.000000
2,815.0,788.95557,0.12352942,1.0,32285844.000000
2,816.0,832.6117,0.12352942,1.0,32285864.000000
2,816.0,870.3466,0.12352942,1.0,32285880.000000
2,817.41455,902.7059,0.12352942,1.0,32285892.000000
2,817.0,921.53973,0.12352942,1.0,32285912.000000
2,817.0,932.05774,0.10588236,1.0,32285928.000000
2,817.0,936.11053,0.10588236,1.0,32285948.000000
2,817.0,939.13983,0.10588236,1.0,32285964.000000
2,817.0,941.1107,0.10588236,1.0,32285980.000000
2,817.0,942.6521,0.10588236,1.0,32285992.000000
2,817.0,944.1864,0.10588236,1.0,32286012.000000
2,815.94446,941.8889,0.12352942,1.0,32286084.000000
2,806.8862,900.92474,0.12352942,1.0,32286104.000000
2,801.6019,818.7695,0.12352942,1.0,32286118.000000
2,813.3834,731.26776,0.12352942,1.0,32286138.000000
2,828.7524,666.99036,0.12352942,1.0,32286156.000000
2,844.1544,609.61993,0.15882353,1.0,32286176.000000
2,891.6393,516.1313,0.12352942,1.0,32286196.000000
2,910.0591,483.1653,0.10588236,1.0,32286212.000000
2,923.53143,453.36288,0.10588236,1.0,32286228.000000
1,923.53143,453.36288,0.10588236,1.0,32286242.000000
0,780.0,1010.0,0.07058824,1.0,32292606.000000
2,779.5221,1007.1325,0.10588236,1.0,32292620.000000
2,777.99115,980.79584,0.10588236,1.0,32292640.000000
2,778.0,925.9083,0.0882353,1.0,32292652.000000
2,780.17053,866.5043,0.10588236,1.0,32292670.000000
2,787.74457,802.4121,0.12352942,1.0,32292686.000000
2,799.29565,745.1697,0.10588236,1.0,32292706.000000
2,815.70245,695.2931,0.12352942,1.0,32292720.000000
2,830.66455,650.00635,0.12352942,1.0,32292736.000000
2,839.08936,623.1874,0.12352942,1.0,32292754.000000
2,843.314,609.4298,0.12352942,1.0,32292772.000000
2,844.7994,603.60187,0.12352942,1.0,32292788.000000
2,845.0,600.6164,0.12352942,1.0,32292804.000000
2,845.0,599.076,0.12352942,1.0,32292820.000000
2,897.0544,602.8649,0.12352942,1.0,32292860.000000
2,951.84235,613.6632,0.14117648,1.0,32292876.000000
1,951.84235,613.6632,0.14117648,1.0,32292890.000000
0,890.0,469.0,0.05294118,1.0,34648104.000000
2,890.0,469.0,0.12352942,1.0,34648152.000000
2,890.52325,467.43033,0.12352942,1.0,34648172.000000
2,892.0685,462.7946,0.10588236,1.0,34648184.000000
1,892.0685,462.7946,0.10588236,1.0,34648192.000000
0,656.0,775.0,0.05294118,1.0,34935760.000000
2,656.0,775.0,0.10588236,1.0,34935784.000000
1,656.0,775.0,0.10588236,1.0,34935820.000000
0,543.0,1396.0,0.10588236,1.0,34971300.000000
2,543.0,1396.0,0.12352942,1.0,34971320.000000
1,543.0,1396.0,0.12352942,1.0,34971376.000000
0,567.0,655.0,0.03529412,1.0,31345642.000000
2,567.0,655.0,0.10588236,1.0,31345672.000000
2,567.0,655.0,0.10588236,1.0,31345682.000000
2,567.0,655.0,0.10588236,1.0,31345722.000000
2,567.0,655.0,0.10588236,1.0,31345736.000000
1,567.0,655.0,0.10588236,1.0,31345748.000000
0,600.0,1899.0,0.10588236,1.0,32044576.000000
2,600.0,1899.0,0.05294118,1.0,32044588.000000
1,600.0,1899.0,0.05294118,1.0,32044888.000000
0,962.0,679.0,0.07058824,1.0,2559967.000000
2,962.0,679.0,0.07058824,1.0,2559979.000000
2,953.7301,690.0265,0.07058824,1.0,2560010.000000
2,933.2178,731.41925,0.10588236,1.0,2560031.000000
2,921.97156,767.1232,0.0882353,1.0,2560051.000000
2,910.63446,811.37085,0.0882353,1.0,2560069.000000
2,901.6456,854.89215,0.10588236,1.0,2560082.000000
2,895.5022,895.23566,0.0882353,1.0,2560100.000000
2,894.0,918.7347,0.10588236,1.0,2560114.000000
2,895.21576,936.3734,0.0882353,1.0,2560131.000000
2,898.5138,956.0827,0.0882353,1.0,2560150.000000
2,901.59985,972.99927,0.10588236,1.0,2560171.000000
2,904.68365,985.8929,0.10588236,1.0,2560183.000000
2,907.766,993.91504,0.0882353,1.0,2560199.000000
2,908.0,997.7805,0.0882353,1.0,2560214.000000
2,909.4666,1000.9332,0.0882353,1.0,2560231.000000
2,909.0,1002.009,0.0882353,1.0,2560249.000000
2,909.0,1003.0,0.0882353,1.0,2560263.000000
2,909.0,1003.0,0.0882353,1.0,2560278.000000
2,911.0014,997.33,0.0882353,1.0,2560531.000000
2,920.71313,971.64636,0.0882353,1.0,2560545.000000
2,933.0659,927.73627,0.0882353,1.0,2560561.000000
2,942.50385,879.977,0.07058824,1.0,2560575.000000
2,950.20935,835.42773,0.10588236,1.0,2560591.000000
2,956.1605,800.6499,0.10588236,1.0,2560608.000000
2,959.85443,776.0188,0.10588236,1.0,2560626.000000
2,961.4666,762.7338,0.0882353,1.0,2560652.000000
2,962.0,748.3449,0.10588236,1.0,2560679.000000
2,962.0,744.9926,0.10588236,1.0,2560696.000000
2,962.0,741.7469,0.10588236,1.0,2560710.000000
2,962.0,739.8295,0.10588236,1.0,2560724.000000
2,962.0,738.28357,0.10588236,1.0,2560740.000000
2,962.0,736.74243,0.10588236,1.0,2560757.000000
2,962.0,735.2006,0.10588236,1.0,2560774.000000
2,962.0,733.6605,0.10588236,1.0,2560791.000000
2,962.0,732.0,0.10588236,1.0,2560839.000000
2,962.0,732.0,0.10588236,1.0,2560850.000000
2,960.9299,732.0,0.07058824,1.0,2560859.000000
1,960.9299,732.0,0.07058824,1.0,2560872.000000
0,946.0,928.0,0.03529412,1.0,2561584.000000
2,946.0,925.51636,0.07058824,1.0,2561612.000000
2,944.8352,915.84625,0.07058824,1.0,2561631.000000
2,945.0,897.8343,0.07058824,1.0,2561640.000000
2,945.0,875.6084,0.07058824,1.0,2561661.000000
2,946.5659,846.1238,0.0882353,1.0,2561676.000000
2,949.6601,819.38916,0.0882353,1.0,2561694.000000
2,952.7354,794.9842,0.10588236,1.0,2561710.000000
2,955.4096,775.49426,0.0882353,1.0,2561733.000000
2,956.95245,761.3805,0.0882353,1.0,2561743.000000
2,958.49347,750.5457,0.0882353,1.0,2561760.000000
2,959.03156,740.8107,0.10588236,1.0,2561776.000000
2,960.5772,731.53674,0.10588236,1.0,2561794.000000
2,961.1199,723.40076,0.10588236,1.0,2561815.000000
2,962.6625,716.35004,0.10588236,1.0,2561832.000000
2,964.2016,710.19354,0.10588236,1.0,2561845.000000
2,967.4785,704.043,0.10588236,1.0,2561862.000000
2,970.5912,697.8177,0.0882353,1.0,2561876.000000
1,970.5912,697.8177,0.0882353,1.0,2561880.000000
0,830.0,738.0,0.07058824,1.0,2609205.000000
2,830.0,738.0,0.0882353,1.0,2609216.000000
2,825.61487,738.0,0.0882353,1.0,2609237.000000
2,823.76715,738.0,0.0882353,1.0,2609245.000000
2,822.22266,738.0,0.10588236,1.0,2609264.000000
2,819.3286,736.6643,0.07058824,1.0,2609277.000000
1,819.3286,736.6643,0.07058824,1.0,2609291.000000
0,793.0,933.0,0.03529412,1.0,2890569.000000
2,793.0,926.81,0.10588236,1.0,2890606.000000
2,793.0,908.77356,0.0882353,1.0,2890620.000000
2,794.31586,886.2618,0.0882353,1.0,2890639.000000
2,795.8569,855.863,0.10588236,1.0,2890652.000000
2,800.1913,825.66113,0.0882353,1.0,2890671.000000
2,805.75336,792.3565,0.10588236,1.0,2890686.000000
2,811.917,762.3735,0.0882353,1.0,2890708.000000
2,818.0811,736.6754,0.10588236,1.0,2890722.000000
2,826.2668,711.3661,0.10588236,1.0,2890743.000000
2,830.22314,690.6611,0.0882353,1.0,2890758.000000
1,830.22314,690.6611,0.0882353,1.0,2890770.000000
0,868.0,916.0,0.07058824,1.0,3050345.000000
2,868.0,916.0,0.12352942,1.0,3050376.000000
2,872.86273,896.6387,0.14117648,1.0,3050418.000000
2,887.41315,862.33374,0.14117648,1.0,3050429.000000
2,909.38776,825.18494,0.12352942,1.0,3050446.000000
2,932.5238,786.102,0.12352942,1.0,3050463.000000
2,953.15405,754.3514,0.14117648,1.0,3050478.000000
2,973.5861,724.6818,0.10588236,1.0,3050496.000000
2,988.71893,700.9216,0.12352942,1.0,3050514.000000
2,1006.6316,676.4912,0.0882353,1.0,3050528.000000
1,1006.6316,676.4912,0.0882353,1.0,3050540.000000
0,965.0,819.0,0.03529412,1.0,3052865.000000
2,964.87366,818.9368,0.07058824,1.0,3052876.000000
2,957.57336,812.43115,0.07058824,1.0,3052900.000000
2,937.0148,609.83746,0.10588236,1.0,3052939.000000
2,953.5346,543.6627,0.0882353,1.0,3052959.000000
2,969.9193,483.90656,0.07058824,1.0,3052971.000000
1,969.9193,483.90656,0.07058824,1.0,3052977.000000
0,866.0,516.0,0.07058824,1.0,3057561.000000
2,866.0,516.0,0.10588236,1.0,3057594.000000
2,866.0,516.0,0.10588236,1.0,3057610.000000
2,866.0,516.0,0.10588236,1.0,3057620.000000
2,857.7917,536.48615,0.0882353,1.0,3057643.000000
2,840.48096,588.8707,0.10588236,1.0,3057662.000000
2,821.5317,661.99567,0.10588236,1.0,3057676.000000
2,812.35034,753.4199,0.0882353,1.0,3057695.000000
2,811.2073,833.5344,0.07058824,1.0,3057717.000000
2,815.7456,896.9685,0.0882353,1.0,3057727.000000
2,827.3445,947.378,0.0882353,1.0,3057748.000000
2,840.7119,989.29675,0.0882353,1.0,3057763.000000
2,855.79016,1030.2334,0.07058824,1.0,3057776.000000
2,867.2643,1050.6206,0.07058824,1.0,3057792.000000
2,876.33203,1066.7313,0.07058824,1.0,3057811.000000
2,883.04724,1077.0709,0.07058824,1.0,3057825.000000
2,886.0,1081.5,0.07058824,1.0,3057843.000000
1,886.0,1081.5,0.07058824,1.0,3057850.000000
0,801.0,662.0,0.07058824,1.0,3058738.000000
2,801.0,662.0,0.10588236,1.0,3058757.000000
2,801.0,662.0,0.10588236,1.0,3058772.000000
2,799.87476,654.1234,0.10588236,1.0,3058790.000000
1,799.87476,654.1234,0.10588236,1.0,3058805.000000
0,934.0,857.0,0.03529412,1.0,3144876.000000
2,934.0,857.0,0.07058824,1.0,3144905.000000
2,932.69073,851.76294,0.0882353,1.0,3144923.000000
2,932.0,837.3211,0.0882353,1.0,3144933.000000
2,932.0,823.4622,0.07058824,1.0,3144952.000000
2,932.9299,808.70123,0.0882353,1.0,3144973.000000
2,934.4778,793.222,0.10588236,1.0,3144989.000000
2,936.02026,777.79706,0.0882353,1.0,3145009.000000
2,937.0,763.50867,0.07058824,1.0,3145029.000000
2,938.09766,752.3163,0.0882353,1.0,3145043.000000
2,939.0,742.76306,0.10588236,1.0,3145055.000000
2,939.0,735.06244,0.12352942,1.0,3145075.000000
2,939.0,729.0745,0.12352942,1.0,3145089.000000
2,939.0,722.88434,0.10588236,1.0,3145104.000000
2,939.0,718.56573,0.10588236,1.0,3145126.000000
2,939.0,715.2929,0.10588236,1.0,3145142.000000
2,939.0,712.2117,0.0882353,1.0,3145171.000000
2,939.0,708.0076,0.0882353,1.0,3145193.000000
2,939.0,706.5,0.0882353,1.0,3145205.000000
2,939.0,704.93146,0.0882353,1.0,3145223.000000
2,939.0,703.38477,0.0882353,1.0,3145236.000000
2,939.0,701.8409,0.0882353,1.0,3145255.000000
2,939.0,702.0,0.0882353,1.0,3145266.000000
2,939.0,702.0,0.07058824,1.0,3145284.000000
1,939.0,702.0,0.07058824,1.0,3145299.000000
0,541.0,1785.0,0.03529412,1.0,3295816.000000
2,541.0,1785.0,0.07058824,1.0,3295829.000000
1,541.0,1785.0,0.07058824,1.0,3295893.000000
0,659.0,914.0,0.07058824,1.0,55666664.000000
2,659.0,914.0,0.07058824,1.0,55666704.000000
1,659.0,914.0,0.07058824,1.0,55666772.000000
0,625.0,977.0,0.05294118,1.0,55667336.000000
2,625.0,977.0,0.10588236,1.0,55667372.000000
2,625.0,977.0,0.10588236,1.0,55667432.000000
1,625.0,977.0,0.10588236,1.0,55667440.000000
0,670.0,284.0,0.07058824,1.0,55845524.000000
2,670.0,284.0,0.07058824,1.0,55845552.000000
1,670.0,284.0,0.07058824,1.0,55845580.000000
0,557.0,354.0,0.05294118,1.0,55992464.000000
2,557.0,354.0,0.07058824,1.0,55992496.000000
1,557.0,354.0,0.07058824,1.0,55992552.000000
0,392.0,770.0,0.07058824,1.0,56063892.000000
2,392.0,770.0,0.0882353,1.0,56063920.000000
2,392.0,770.0,0.10588236,1.0,56063932.000000
1,392.0,770.0,0.10588236,1.0,56063972.000000
0,759.0,826.0,0.10588236,1.0,56068200.000000
2,759.0,826.0,0.0882353,1.0,56068220.000000
1,759.0,826.0,0.0882353,1.0,56068264.000000
0,566.0,955.0,0.03529412,1.0,56116584.000000
2,566.0,955.0,0.0882353,1.0,56116608.000000
1,566.0,955.0,0.0882353,1.0,56116664.000000
0,252.0,659.0,0.0882353,1.0,56266744.000000
2,239.79718,657.6993,0.10588236,1.0,56266804.000000
2,233.70993,656.1775,0.10588236,1.0,56266824.000000
2,228.91371,653.2758,0.10588236,1.0,56266832.000000
2,224.28664,650.1911,0.10588236,1.0,56266852.000000
2,221.12584,647.12585,0.10588236,1.0,56266864.000000
2,216.04959,641.0661,0.10588236,1.0,56266884.000000
2,212.96213,634.92426,0.0882353,1.0,56266904.000000
2,209.88005,627.70013,0.0882353,1.0,56266936.000000
2,204.85873,612.2937,0.12352942,1.0,56266960.000000
2,202.32625,601.2837,0.12352942,1.0,56266980.000000
2,200.79846,589.5893,0.12352942,1.0,56266992.000000
2,199.25865,578.8105,0.12352942,1.0,56267008.000000
2,197.69917,569.195,0.0882353,1.0,56267020.000000
2,196.15767,561.7884,0.0882353,1.0,56267040.000000
2,194.23763,555.4753,0.10588236,1.0,56267056.000000
2,191.15714,549.3143,0.10588236,1.0,56267072.000000
2,188.07292,543.1459,0.10588236,1.0,56267100.000000
2,184.98778,536.9755,0.10588236,1.0,56267116.000000
2,181.91637,530.8327,0.10588236,1.0,56267128.000000
2,178.82948,524.7442,0.10588236,1.0,56267148.000000
2,175.74684,520.12024,0.10588236,1.0,56267164.000000
2,172.67035,516.67035,0.10588236,1.0,56267180.000000
2,169.59059,513.5906,0.10588236,1.0,56267196.000000
2,166.50601,510.506,0.10588236,1.0,56267216.000000
2,163.42831,507.4283,0.10588236,1.0,56267232.000000
2,160.1291,503.1291,0.10588236,1.0,56267264.000000
2,158.59557,501.59555,0.10588236,1.0,56267272.000000
2,157.05598,500.05597,0.10588236,1.0,56267296.000000
2,150.88538,493.88538,0.10588236,1.0,56267352.000000
2,149.36105,492.36105,0.10588236,1.0,56267368.000000
2,147.81819,490.81818,0.10588236,1.0,56267384.000000
1,147.81819,490.81818,0.10588236,1.0,56267420.000000
0,188.0,577.0,0.10588236,1.0,56267888.000000
2,188.0,577.0,0.10588236,1.0,56267916.000000
2,188.0,577.0,0.10588236,1.0,56267932.000000
2,186.4239,574.63586,0.10588236,1.0,56267948.000000
2,183.34363,570.01544,0.10588236,1.0,56267964.000000
2,179.39064,564.5209,0.10588236,1.0,56267976.000000
2,172.94377,556.9438,0.0882353,1.0,56267992.000000
2,165.26443,548.3173,0.10588236,1.0,56268024.000000
2,145.28912,515.008,0.10588236,1.0,56268048.000000
2,140.68579,503.26685,0.12352942,1.0,56268084.000000
2,136.05841,492.4696,0.0882353,1.0,56268096.000000
2,131.45308,480.54153,0.10588236,1.0,56268112.000000
2,126.814415,468.17178,0.10588236,1.0,56268128.000000
2,118.37116,450.9279,0.10588236,1.0,56268164.000000
2,112.21805,438.4361,0.10588236,1.0,56268200.000000
2,104.48471,425.96942,0.0882353,1.0,56268240.000000
2,102.94833,422.89667,0.0882353,1.0,56268252.000000
2,99.86951,417.8695,0.0882353,1.0,56268296.000000
2,98.327156,416.32715,0.10588236,1.0,56268308.000000
2,96.78989,414.7899,0.10588236,1.0,56268328.000000
2,95.24811,413.2481,0.10588236,1.0,56268344.000000
2,93.71336,411.71335,0.10588236,1.0,56268372.000000
2,92.0,407.0759,0.10588236,1.0,56268416.000000
2,91.0,405.54468,0.10588236,1.0,56268440.000000
2,91.0,402.4641,0.10588236,1.0,56268464.000000
2,91.0,400.84644,0.10588236,1.0,56268476.000000
2,91.0,397.7674,0.10588236,1.0,56268492.000000
2,91.0,394.69394,0.10588236,1.0,56268512.000000
2,91.0,391.61478,0.10588236,1.0,56268536.000000
2,89.22829,385.45657,0.10588236,1.0,56268556.000000
2,88.68593,382.37186,0.10588236,1.0,56268568.000000
2,87.62409,376.24817,0.10588236,1.0,56268624.000000
2,83.99872,369.99872,0.10588236,1.0,56268648.000000
2,84.0,368.44864,0.10588236,1.0,56268676.000000
2,84.0,366.90628,0.10588236,1.0,56268692.000000
2,84.0,365.3667,0.10588236,1.0,56268708.000000
2,84.0,363.82718,0.10588236,1.0,56268724.000000
2,84.0,362.2856,0.10588236,1.0,56268760.000000
2,83.0,359.2164,0.10588236,1.0,56268784.000000
2,83.0,356.12167,0.0882353,1.0,56268800.000000
2,83.0,354.5859,0.0882353,1.0,56268824.000000
2,83.0,353.0474,0.0882353,1.0,56268844.000000
2,83.0,351.508,0.0882353,1.0,56268856.000000
2,83.0,349.9684,0.0882353,1.0,56268876.000000
2,83.0,348.42563,0.0882353,1.0,56268892.000000
2,83.0,346.88715,0.0882353,1.0,56268908.000000
2,83.0,345.34708,0.0882353,1.0,56268928.000000
2,83.0,343.60345,0.0882353,1.0,56268944.000000
2,82.0,337.1668,0.10588236,1.0,56268972.000000
2,82.0,332.56467,0.10588236,1.0,56269000.000000
2,80.10371,323.31113,0.10588236,1.0,56269016.000000
2,80.0,318.68127,0.10588236,1.0,56269032.000000
2,80.0,314.08304,0.10588236,1.0,56269060.000000
2,80.0,309.45206,0.10588236,1.0,56269072.000000
2,80.0,304.82864,0.10588236,1.0,56269092.000000
2,80.0,300.80685,0.10588236,1.0,56269108.000000
2,80.0,297.86145,0.10588236,1.0,56269124.000000
2,80.0,294.7788,0.10588236,1.0,56269156.000000
2,80.0,293.24246,0.10588236,1.0,56269168.000000
2,80.0,291.70288,0.10588236,1.0,56269180.000000
2,80.0,290.16568,0.10588236,1.0,56269196.000000
2,80.0,288.6189,0.10588236,1.0,56269212.000000
2,80.0,287.5,0.10588236,1.0,56269228.000000
1,80.0,287.5,0.10588236,1.0,56269340.000000
0,116.0,826.0,0.05294118,1.0,56273256.000000
2,116.0,826.0,0.0882353,1.0,56273288.000000
2,116.0,826.0,0.0882353,1.0,56273320.000000
2,116.0,826.0,0.10588236,1.0,56273328.000000
1,116.0,826.0,0.10588236,1.0,56274604.000000
0,263.0,1116.0,0.07058824,1.0,56275264.000000
2,263.4717,1116.6289,0.0882353,1.0,56275280.000000
2,270.1793,1125.5724,0.10588236,1.0,56275296.000000
2,274.81403,1132.7521,0.10588236,1.0,56275312.000000
2,279.43777,1138.917,0.0882353,1.0,56275332.000000
2,283.0609,1145.1016,0.0882353,1.0,56275356.000000
2,288.25058,1153.3759,0.0882353,1.0,56275376.000000
2,294.39743,1162.6954,0.10588236,1.0,56275408.000000
2,306.5368,1186.2526,0.10588236,1.0,56275424.000000
2,311.14798,1197.7279,0.10588236,1.0,56275440.000000
2,315.77484,1209.0662,0.0882353,1.0,56275456.000000
2,320.39972,1220.5994,0.0882353,1.0,56275476.000000
2,323.67517,1232.363,0.10588236,1.0,56275488.000000
2,326.75314,1243.136,0.10588236,1.0,56275508.000000
2,329.84283,1253.95,0.0882353,1.0,56275528.000000
2,333.9925,1272.4812,0.0882353,1.0,56275552.000000
2,336.03732,1279.1493,0.0882353,1.0,56275576.000000
2,339.123,1289.3689,0.0882353,1.0,56275600.000000
2,340.66153,1293.323,0.0882353,1.0,56275624.000000
2,342.2016,1296.4032,0.0882353,1.0,56275656.000000
2,346.82898,1309.4869,0.10588236,1.0,56275696.000000
2,348.3546,1315.0638,0.10588236,1.0,56275712.000000
2,351.4396,1321.4396,0.10588236,1.0,56275736.000000
2,352.0,1322.9807,0.10588236,1.0,56275760.000000
2,352.5246,1324.5247,0.10588236,1.0,56275776.000000
2,355.6039,1330.2078,0.10588236,1.0,56275796.000000
2,357.1445,1333.2891,0.10588236,1.0,56275812.000000
2,358.6822,1334.6821,0.10588236,1.0,56275832.000000
2,360.0,1337.0,0.10588236,1.0,56275880.000000
2,360.0,1338.0,0.10588236,1.0,56275916.000000
2,361.00958,1339.0096,0.10588236,1.0,56275996.000000
2,361.0,1339.0,0.10588236,1.0,56276096.000000
2,361.0,1339.0,0.10588236,1.0,56276120.000000
2,361.0,1339.0,0.10588236,1.0,56276140.000000
2,361.5812,1339.0,0.10588236,1.0,56276200.000000
2,362.5,1339.0,0.10588236,1.0,56276216.000000
2,362.0,1339.0,0.10588236,1.0,56276244.000000
2,362.0,1339.0,0.10588236,1.0,56276264.000000
1,362.0,1339.0,0.10588236,1.0,56276276.000000
0,512.0,961.0,0.07058824,1.0,56284848.000000
2,512.0,961.0,0.0882353,1.0,56284908.000000
2,512.0,961.0,0.10588236,1.0,56284948.000000
2,512.0,961.0,0.0882353,1.0,56284968.000000
2,512.0,961.0,0.10588236,1.0,56285048.000000
2,512.0,961.0,0.10588236,1.0,56285068.000000
2,512.0,961.0,0.0882353,1.0,56285084.000000
2,512.0,961.0,0.10588236,1.0,56285104.000000
2,512.0,961.0,0.0882353,1.0,56285124.000000
2,512.0,961.0,0.10588236,1.0,56285148.000000
2,512.0,961.0,0.10588236,1.0,56285368.000000
2,512.0,961.0,0.0882353,1.0,56285384.000000
2,512.0,961.0,0.10588236,1.0,56285400.000000
2,512.0,961.0,0.0882353,1.0,56285424.000000
2,512.0,961.0,0.0882353,1.0,56285432.000000
2,512.0,961.0,0.10588236,1.0,56285472.000000
2,512.0,961.0,0.0882353,1.0,56285604.000000
2,512.0,961.0,0.10588236,1.0,56286032.000000
2,512.0,961.0,0.0882353,1.0,56286244.000000
1,512.0,961.0,0.0882353,1.0,56286304.000000
0,814.0,625.0,0.05294118,1.0,56294396.000000
2,814.0,625.0,0.07058824,1.0,56294408.000000
1,814.0,625.0,0.07058824,1.0,56294416.000000
0,578.0,435.0,0.07058824,1.0,56405196.000000
2,578.0,435.0,0.10588236,1.0,56405216.000000
2,578.0,435.0,0.10588236,1.0,56405236.000000
1,578.0,435.0,0.10588236,1.0,56405280.000000
0,819.0,751.0,0.03529412,1.0,56579184.000000
2,819.0,751.0,0.07058824,1.0,56579224.000000
2,819.0,751.0,0.07058824,1.0,56579240.000000
1,819.0,751.0,0.07058824,1.0,56579248.000000
0,702.0,746.0,0.03529412,1.0,56863988.000000
2,702.0,746.0,0.07058824,1.0,56864012.000000
1,702.0,746.0,0.07058824,1.0,56864032.000000
0,950.0,934.0,0.03529412,1.0,57175672.000000
2,950.0,934.0,0.07058824,1.0,57175700.000000
2,950.0,934.0,0.12352942,1.0,57175708.000000
2,950.0,934.0,0.12352942,1.0,57175732.000000
2,949.1103,926.88245,0.12352942,1.0,57175748.000000
2,949.8348,875.6258,0.10588236,1.0,57175764.000000
2,953.84973,795.50476,0.12352942,1.0,57175784.000000
2,958.9506,752.8086,0.10588236,1.0,57175800.000000
2,966.07227,716.6676,0.10588236,1.0,57175816.000000
2,999.55884,588.6839,0.10588236,1.0,57175860.000000
2,1003.3267,574.69305,0.0882353,1.0,57175872.000000
2,1004.70105,569.89685,0.0882353,1.0,57175888.000000
2,1003.7622,566.5245,0.07058824,1.0,57175904.000000
1,1003.7622,566.5245,0.07058824,1.0,57175920.000000
0,666.0,1376.0,0.07058824,1.0,57203176.000000
2,666.0,1376.0,0.0882353,1.0,57203212.000000
1,666.0,1376.0,0.0882353,1.0,57203224.000000
0,853.0,994.0,0.0882353,1.0,57387700.000000
2,853.0,994.0,0.12352942,1.0,57387736.000000
2,853.0,994.0,0.12352942,1.0,57387796.000000
1,853.0,994.0,0.12352942,1.0,57387816.000000
0,748.0,269.0,0.0882353,1.0,27890168.000000
2,748.0,269.0,0.10588236,1.0,27890196.000000
2,748.0,269.0,0.12352942,1.0,27890208.000000
1,748.0,269.0,0.12352942,1.0,27890268.000000
0,615.0,1014.0,0.05294118,1.0,27896448.000000
2,615.0,1014.0,0.10588236,1.0,27896484.000000
2,615.0,1014.0,0.0882353,1.0,27896530.000000
1,615.0,1014.0,0.0882353,1.0,27896544.000000
0,683.0,767.0,0.10588236,1.0,28284480.000000
2,683.0,767.0,0.12352942,1.0,28284514.000000
2,678.90643,768.0234,0.10588236,1.0,28284550.000000
1,678.90643,768.0234,0.10588236,1.0,28284558.000000
0,926.0,836.0,0.05294118,1.0,28441842.000000
2,923.6882,832.5322,0.10588236,1.0,28441862.000000
2,919.27655,813.93604,0.12352942,1.0,28441882.000000
2,917.5983,783.9665,0.10588236,1.0,28441896.000000
2,917.9494,743.51825,0.12352942,1.0,28441912.000000
2,922.45886,692.9523,0.10588236,1.0,28441928.000000
2,929.1152,640.1363,0.12352942,1.0,28441946.000000
2,937.44635,591.9171,0.14117648,1.0,28441960.000000
2,945.58325,549.85046,0.14117648,1.0,28441980.000000
2,957.8862,507.95737,0.12352942,1.0,28442000.000000
2,974.42194,468.27548,0.10588236,1.0,28442012.000000
1,974.42194,468.27548,0.10588236,1.0,28442020.000000
0,769.0,751.0,0.07058824,1.0,28443032.000000
2,769.0,751.0,0.12352942,1.0,28443042.000000
1,769.0,751.0,0.12352942,1.0,28443092.000000
0,897.0,681.0,0.05294118,1.0,67428768.000000
2,886.9459,714.3379,0.12352942,1.0,67428800.000000
2,881.8545,746.0185,0.12352942,1.0,67428824.000000
2,880.0,773.5367,0.12352942,1.0,67428848.000000
2,880.7966,792.7622,0.12352942,1.0,67428856.000000
2,881.0,809.6619,0.10588236,1.0,67428880.000000
2,882.8734,828.35406,0.12352942,1.0,67428896.000000
2,885.82587,847.95514,0.12352942,1.0,67428912.000000
2,887.9552,864.55194,0.12352942,1.0,67428928.000000
2,889.4891,877.91284,0.10588236,1.0,67428952.000000
2,892.5695,896.84753,0.12352942,1.0,67428968.000000
2,894.0776,903.3104,0.12352942,1.0,67428984.000000
2,895.64655,910.5862,0.12352942,1.0,67429008.000000
2,897.1823,916.547,0.12352942,1.0,67429024.000000
2,898.7216,920.44324,0.12352942,1.0,67429048.000000
2,899.0,923.2619,0.12352942,1.0,67429072.000000
2,902.4278,936.2834,0.10588236,1.0,67429120.000000
2,903.9581,939.91626,0.10588236,1.0,67429136.000000
2,904.0,943.0,0.0882353,1.0,67429152.000000
2,904.0,944.03455,0.0882353,1.0,67429176.000000
2,904.0,947.11664,0.0882353,1.0,67429200.000000
2,904.0,948.6577,0.0882353,1.0,67429216.000000
2,905.0,950.19543,0.10588236,1.0,67429240.000000
2,905.0,951.73914,0.10588236,1.0,67429264.000000
2,905.0,954.8169,0.10588236,1.0,67429296.000000
2,905.3575,956.71497,0.12352942,1.0,67429312.000000
2,906.89886,960.69653,0.12352942,1.0,67429328.000000
2,908.4355,965.742,0.12352942,1.0,67429344.000000
2,909.9751,970.92523,0.12352942,1.0,67429360.000000
2,911.1461,980.2922,0.12352942,1.0,67429432.000000
2,912.6728,983.3456,0.12352942,1.0,67429464.000000
2,914.0,992.6236,0.12352942,1.0,67429480.000000
2,914.0,993.8366,0.12352942,1.0,67429504.000000
2,914.0,995.3727,0.12352942,1.0,67429520.000000
2,914.0,996.9132,0.12352942,1.0,67429528.000000
2,914.0,997.5,0.12352942,1.0,67429552.000000
2,914.0,998.2468,0.12352942,1.0,67429584.000000
2,912.838,996.838,0.10588236,1.0,67429632.000000
1,912.838,996.838,0.10588236,1.0,67429648.000000
0,918.0,873.0,0.0882353,1.0,67438360.000000
2,918.0,873.0,0.0882353,1.0,67438376.000000
2,915.4602,852.1239,0.10588236,1.0,67438392.000000
2,915.0,786.93,0.10588236,1.0,67438416.000000
2,921.46094,724.543,0.10588236,1.0,67438432.000000
2,927.6104,681.8795,0.12352942,1.0,67438440.000000
2,937.88586,637.15466,0.12352942,1.0,67438456.000000
2,951.1524,585.6295,0.12352942,1.0,67438472.000000
2,959.6639,556.231,0.12352942,1.0,67438496.000000
2,964.645,534.4523,0.10588236,1.0,67438512.000000
2,967.7089,519.30994,0.10588236,1.0,67438528.000000
2,969.3971,508.2204,0.10588236,1.0,67438544.000000
2,971.8767,498.36996,0.10588236,1.0,67438552.000000
2,973.4792,490.60397,0.12352942,1.0,67438576.000000
2,975.01746,484.94763,0.10588236,1.0,67438592.000000
2,976.0,480.32693,0.10588236,1.0,67438608.000000
2,972.6925,476.795,0.0882353,1.0,67438624.000000
1,972.6925,476.795,0.0882353,1.0,67438640.000000
0,907.0,811.0,0.03529412,1.0,67482392.000000
2,905.77576,807.3273,0.10588236,1.0,67482456.000000
2,904.23956,795.39575,0.10588236,1.0,67482472.000000
2,904.0,774.8915,0.10588236,1.0,67482488.000000
2,907.70807,734.7951,0.0882353,1.0,67482512.000000
2,911.4879,705.3408,0.10588236,1.0,67482552.000000
2,915.45685,670.3454,0.10588236,1.0,67482568.000000
2,918.001,657.9961,0.12352942,1.0,67482584.000000
2,924.14343,634.6415,0.14117648,1.0,67482616.000000
2,926.61066,627.5573,0.14117648,1.0,67482624.000000
2,928.1474,622.55774,0.12352942,1.0,67482648.000000
2,929.0,619.6204,0.12352942,1.0,67482664.000000
2,929.0,617.7707,0.12352942,1.0,67482680.000000
2,929.0,616.234,0.12352942,1.0,67482704.000000
2,929.0,614.739,0.12352942,1.0,67482720.000000
2,929.0,608.521,0.12352942,1.0,67482776.000000
2,929.0,606.9967,0.12352942,1.0,67482792.000000
2,929.0,605.5,0.12352942,1.0,67482800.000000
2,929.0,603.9176,0.12352942,1.0,67482816.000000
2,929.0,602.3763,0.12352942,1.0,67482832.000000
2,929.0,600.84174,0.12352942,1.0,67482856.000000
2,929.0,599.29614,0.12352942,1.0,67482872.000000
2,929.2413,597.7587,0.12352942,1.0,67482896.000000
2,930.78296,596.21704,0.12352942,1.0,67482928.000000
2,934.7145,589.42834,0.12352942,1.0,67482944.000000
2,939.5976,581.60364,0.12352942,1.0,67482960.000000
2,949.4516,565.5806,0.12352942,1.0,67482984.000000
2,953.03503,558.92993,0.14117648,1.0,67483008.000000
2,957.671,551.658,0.12352942,1.0,67483024.000000
2,962.2811,543.53143,0.10588236,1.0,67483040.000000
2,965.2701,537.4598,0.10588236,1.0,67483056.000000
2,968.35785,531.2843,0.10588236,1.0,67483072.000000
2,971.4361,525.1278,0.10588236,1.0,67483096.000000
2,974.50806,518.9839,0.10588236,1.0,67483104.000000
2,976.79596,514.6121,0.10588236,1.0,67483120.000000
2,978.3376,511.32483,0.10588236,1.0,67483136.000000
2,978.0,509.12344,0.10588236,1.0,67483152.000000
2,978.0,507.58026,0.10588236,1.0,67483176.000000
2,978.0,506.0448,0.10588236,1.0,67483200.000000
2,978.0,504.5066,0.10588236,1.0,67483216.000000
2,978.0,502.9656,0.10588236,1.0,67483232.000000
2,979.0,501.42606,0.10588236,1.0,67483248.000000
2,981.5,500.0,0.10588236,1.0,67483272.000000
2,981.0,498.89813,0.10588236,1.0,67483280.000000
1,981.0,498.89813,0.10588236,1.0,67483296.000000
0,803.0,772.0,0.0882353,1.0,67487976.000000
2,803.0,772.0,0.0882353,1.0,67487992.000000
2,803.0,772.0,0.07058824,1.0,67488000.000000
1,803.0,772.0,0.07058824,1.0,67488008.000000
0,677.0,1384.0,0.03529412,1.0,67646240.000000
2,677.0,1384.0,0.12352942,1.0,67646272.000000
2,677.0,1384.0,0.0882353,1.0,67646272.000000
1,677.0,1384.0,0.0882353,1.0,67646312.000000
0,962.0,895.0,0.03529412,1.0,67690232.000000
2,962.0,895.0,0.10588236,1.0,67690248.000000
2,962.0,895.0,0.0882353,1.0,67690272.000000
2,962.0,895.0,0.0882353,1.0,67690288.000000
1,962.0,895.0,0.0882353,1.0,67690296.000000
0,394.0,1521.0,0.10588236,1.0,67747624.000000
2,394.0,1521.0,0.0882353,1.0,67747664.000000
2,394.0,1521.0,0.07058824,1.0,67747688.000000
1,394.0,1521.0,0.07058824,1.0,67747704.000000
0,499.0,307.0,0.03529412,1.0,36963348.000000
2,499.0,307.0,0.10588236,1.0,36963368.000000
2,499.0,307.0,0.10588236,1.0,36963376.000000
1,499.0,307.0,0.10588236,1.0,36963388.000000
0,326.0,1277.0,0.07058824,1.0,37019460.000000
2,326.0,1277.0,0.0882353,1.0,37019484.000000
2,326.0,1277.0,0.0882353,1.0,37019500.000000
2,326.0,1277.0,0.12352942,1.0,37019508.000000
2,326.0,1277.0,0.10588236,1.0,37019528.000000
2,322.92166,1277.0,0.0882353,1.0,37019560.000000
1,322.92166,1277.0,0.0882353,1.0,37019568.000000
0,760.0,725.0,0.07058824,1.0,37273464.000000
2,760.0,725.0,0.05294118,1.0,37273480.000000
1,760.0,725.0,0.05294118,1.0,37273500.000000
0,826.0,810.0,0.07058824,1.0,37278544.000000
2,826.0,810.0,0.0882353,1.0,37278568.000000
2,826.0,810.0,0.12352942,1.0,37278584.000000
2,825.0443,805.22144,0.12352942,1.0,37278592.000000
2,825.50055,773.98645,0.12352942,1.0,37278612.000000
2,829.12897,734.92505,0.12352942,1.0,37278632.000000
2,832.1705,711.39197,0.10588236,1.0,37278648.000000
2,834.11847,693.69653,0.10588236,1.0,37278668.000000
2,836.6625,681.36285,0.10588236,1.0,37278688.000000
2,838.21136,671.73175,0.10588236,1.0,37278700.000000
2,839.7491,663.5054,0.10588236,1.0,37278712.000000
2,841.2923,655.53864,0.10588236,1.0,37278732.000000
2,841.0,651.0,0.10588236,1.0,37278752.000000
2,841.0,647.2533,0.12352942,1.0,37278768.000000
2,841.0,645.08453,0.12352942,1.0,37278784.000000
2,841.0,643.54474,0.12352942,1.0,37278796.000000
2,841.0,642.0052,0.12352942,1.0,37278812.000000
2,841.0,640.4643,0.12352942,1.0,37278832.000000
2,841.0,638.9199,0.12352942,1.0,37278848.000000
2,841.0,637.3784,0.10588236,1.0,37278868.000000
2,842.1777,634.64465,0.0882353,1.0,37278876.000000
1,842.1777,634.64465,0.0882353,1.0,37278884.000000
0,807.0,557.0,0.07058824,1.0,37280372.000000
2,795.7889,608.37396,0.12352942,1.0,37280392.000000
2,795.0,664.67426,0.12352942,1.0,37280408.000000
2,795.0,740.6258,0.14117648,1.0,37280428.000000
2,796.7339,814.3476,0.12352942,1.0,37280448.000000
2,799.815,877.7626,0.10588236,1.0,37280456.000000
2,802.8936,922.95764,0.12352942,1.0,37280476.000000
2,805.95905,946.7543,0.12352942,1.0,37280492.000000
2,810.5,969.5,0.12352942,1.0,37280508.000000
2,813.1479,985.7393,0.12352942,1.0,37280528.000000
2,814.61237,997.8991,0.12352942,1.0,37280552.000000
2,816.31384,1010.56915,0.10588236,1.0,37280568.000000
2,819.3818,1025.9088,0.10588236,1.0,37280576.000000
2,821.23627,1038.8899,0.12352942,1.0,37280592.000000
2,822.0,1044.3386,0.12352942,1.0,37280608.000000
2,822.0,1047.6246,0.12352942,1.0,37280628.000000
2,822.0,1049.8564,0.12352942,1.0,37280640.000000
2,822.0,1051.4,0.12352942,1.0,37280656.000000
2,822.94385,1056.8314,0.12352942,1.0,37280680.000000
2,823.0,1061.9008,0.10588236,1.0,37280700.000000
2,823.0,1067.0267,0.0882353,1.0,37280716.000000
2,824.0,1071.1228,0.0882353,1.0,37280732.000000
2,824.1025,1074.4099,0.0882353,1.0,37280748.000000
2,825.6427,1082.499,0.0882353,1.0,37280760.000000
2,828.3828,1098.1056,0.0882353,1.0,37280776.000000
2,831.2316,1112.5422,0.10588236,1.0,37280796.000000
2,833.0899,1125.809,0.10588236,1.0,37280808.000000
2,835.8112,1139.4896,0.0882353,1.0,37280832.000000
2,838.69385,1151.7754,0.0882353,1.0,37280844.000000
2,840.8904,1165.1229,0.0882353,1.0,37280872.000000
2,842.4355,1175.613,0.10588236,1.0,37280900.000000
2,845.5246,1191.0984,0.10588236,1.0,37280920.000000
2,847.0598,1197.299,0.0882353,1.0,37280936.000000
2,848.59937,1204.3975,0.0882353,1.0,37280960.000000
2,850.0,1211.8676,0.0882353,1.0,37280980.000000
2,852.2221,1232.5547,0.0882353,1.0,37280992.000000
2,854.7675,1245.1403,0.10588236,1.0,37281008.000000
2,856.3056,1256.1392,0.10588236,1.0,37281032.000000
2,857.0,1261.3632,0.0882353,1.0,37281048.000000
2,857.0,1267.1464,0.0882353,1.0,37281064.000000
2,857.0,1270.8468,0.0882353,1.0,37281080.000000
2,857.0,1273.4664,0.0882353,1.0,37281092.000000
2,857.0,1275.009,0.0882353,1.0,37281108.000000
2,857.0,1276.5,0.0882353,1.0,37281128.000000
2,857.0,1276.0,0.0882353,1.0,37281176.000000
2,857.0,1276.0,0.10588236,1.0,37281272.000000
2,857.0,1276.0,0.0882353,1.0,37281288.000000
2,857.0,1276.0,0.10588236,1.0,37281308.000000
2,855.09973,1275.0997,0.10588236,1.0,37281400.000000
2,850.0,1247.0695,0.0882353,1.0,37281472.000000
2,846.1127,1221.007,0.10588236,1.0,37281488.000000
2,845.02203,1199.3088,0.10588236,1.0,37281512.000000
2,844.0,1182.2913,0.0882353,1.0,37281528.000000
2,844.0,1171.6599,0.0882353,1.0,37281540.000000
2,844.0,1166.185,0.0882353,1.0,37281556.000000
2,844.0,1162.7108,0.0882353,1.0,37281572.000000
2,844.0,1160.3292,0.10588236,1.0,37281588.000000
2,844.0,1158.7683,0.0882353,1.0,37281608.000000
2,843.0,1157.2324,0.10588236,1.0,37281620.000000
2,843.0,1155.6915,0.0882353,1.0,37281656.000000
2,842.1496,1154.1497,0.0882353,1.0,37281684.000000
2,842.0,1151.5,0.0882353,1.0,37281700.000000
2,840.8141,1152.0,0.0882353,1.0,37281736.000000
1,840.8141,1152.0,0.0882353,1.0,37281764.000000
0,563.0,955.0,0.03529412,1.0,37523588.000000
2,563.0,955.0,0.0882353,1.0,37523616.000000
2,563.0,955.0,0.10588236,1.0,37523636.000000
2,563.0,955.0,0.10588236,1.0,37523660.000000
2,563.0,955.0,0.0882353,1.0,37523664.000000
1,563.0,955.0,0.0882353,1.0,37523680.000000
0,562.0,526.0,0.03529412,1.0,37625856.000000
2,562.0,526.0,0.12352942,1.0,37625892.000000
2,562.0,526.0,0.10588236,1.0,37625952.000000
1,562.0,526.0,0.10588236,1.0,37625972.000000
0,553.0,1813.0,0.07058824,1.0,37715600.000000
2,553.0,1813.0,0.10588236,1.0,37715628.000000
2,553.0,1813.0,0.10588236,1.0,37715648.000000
1,553.0,1813.0,0.10588236,1.0,37715660.000000
0,136.0,70.0,0.05294118,1.0,37735368.000000
2,136.0,70.0,0.10588236,1.0,37735424.000000
2,136.0,70.0,0.0882353,1.0,37735444.000000
1,136.0,70.0,0.0882353,1.0,37735456.000000
