0,114.8405,1043.185,0.027450982,1.0,53949852.000000
2,125.76391,1020.3257,0.029411767,1.0,53950060.000000
2,131.81693,966.691,0.04705883,1.0,53950260.000000
2,124.82663,930.131,0.043137256,1.0,53950448.000000
2,121.46315,919.2818,0.04705883,1.0,53950656.000000
2,121.830795,916.8447,0.037254903,1.0,53950848.000000
2,121.830795,911.92676,0.04509804,1.0,53951048.000000
2,121.830795,912.29816,0.04705883,1.0,53951856.000000
1,123.20017,912.2873,0.04705883,1.0,53952060.000000
0,107.85021,611.5222,0.054901965,1.0,53954860.000000
2,137.24089,695.6141,0.05686275,1.0,53955056.000000
2,147.59335,758.00446,0.05294118,1.0,53955256.000000
2,149.79196,781.73956,0.050980397,1.0,53955456.000000
2,150.2668,821.93134,0.049019612,1.0,53955648.000000
2,152.7878,870.39166,0.03137255,1.0,53955848.000000
1,152.7878,871.3827,0.033333335,1.0,53956096.000000
0,651.0957,686.4637,0.04117647,1.0,57872416.000000
2,613.3313,747.3598,0.04509804,1.0,57872608.000000
2,597.0527,787.0308,0.050980397,1.0,57872964.000000
2,571.70593,807.36926,0.054901965,1.0,57873136.000000
2,568.2108,812.7353,0.05686275,1.0,57873288.000000
2,552.6589,816.36224,0.05294118,1.0,57873444.000000
2,543.12244,815.363,0.04705883,1.0,57873608.000000
2,540.2497,818.4968,0.049019612,1.0,57873764.000000
2,540.2497,822.42206,0.05294118,1.0,57873932.000000
2,541.44635,827.5518,0.05294118,1.0,57874088.000000
2,542.2469,829.4341,0.05294118,1.0,57874244.000000
2,543.2455,834.4131,0.05686275,1.0,57874404.000000
2,543.2455,837.36664,0.05294118,1.0,57874564.000000
2,543.2412,838.34503,0.068627454,1.0,57876488.000000
2,542.2371,838.34503,0.068627454,1.0,57877108.000000
2,541.2231,838.34503,0.068627454,1.0,57877516.000000
2,540.2418,838.34503,0.06666667,1.0,57878520.000000
2,539.2498,838.34503,0.068627454,1.0,57880720.000000
2,536.78986,838.34503,0.054901965,1.0,57881536.000000
2,502.4585,858.2513,0.05294118,1.0,57881712.000000
2,488.3513,870.32007,0.049019612,1.0,57882116.000000
2,491.3915,868.2477,0.054901965,1.0,57882320.000000
2,491.31763,867.3221,0.054901965,1.0,57882512.000000
2,489.28653,866.3232,0.050980397,1.0,57882712.000000
2,471.3545,871.3162,0.04705883,1.0,57882912.000000
2,462.35785,875.3134,0.04705883,1.0,57884120.000000
2,461.32916,875.31616,0.04705883,1.0,57884312.000000
2,452.0259,880.65826,0.043137256,1.0,57884512.000000
2,430.90155,889.8048,0.04705883,1.0,57884712.000000
2,423.16498,891.30365,0.04509804,1.0,57884916.000000
2,423.41193,889.31616,0.04117647,1.0,57885116.000000
2,431.40085,878.2349,0.050980397,1.0,57885320.000000
2,433.39807,874.0099,0.05294118,1.0,57885520.000000
2,435.3953,872.2921,0.054901965,1.0,57885712.000000
2,436.40735,872.3185,0.050980397,1.0,57886316.000000
2,437.3985,872.3185,0.050980397,1.0,57887532.000000
2,439.48486,884.0236,0.050980397,1.0,57887716.000000
1,436.39392,898.3279,0.050980397,1.0,57889320.000000
0,434.39667,1138.1108,0.021568628,1.0,64172012.000000
2,434.9586,1134.4257,0.033333335,1.0,64172228.000000
2,457.01328,1006.0301,0.04117647,1.0,64172408.000000
1,459.362,978.73535,0.033333335,1.0,64172608.000000
0,651.0957,386.6979,0.039215688,1.0,71618992.000000
2,630.95154,430.39874,0.025490198,1.0,71619200.000000
2,571.63293,641.21844,0.03137255,1.0,71619392.000000
2,568.2108,664.48376,0.039215688,1.0,71619600.000000
2,568.2108,666.9789,0.039215688,1.0,71620192.000000
2,568.2108,667.5013,0.04117647,1.0,71620608.000000
2,568.2108,668.5108,0.04117647,1.0,71620808.000000
2,567.2122,679.96875,0.03529412,1.0,71621008.000000
1,565.8444,683.46606,0.03529412,1.0,71621200.000000
0,553.2316,601.53,0.019607844,1.0,71967456.000000
2,553.2316,597.86145,0.033333335,1.0,71967648.000000
2,560.2219,559.201,0.043137256,1.0,71967840.000000
2,560.2219,543.54553,0.03529412,1.0,71968048.000000
2,560.2219,525.6145,0.039215688,1.0,71968240.000000
2,561.2205,512.23065,0.04117647,1.0,71968440.000000
2,562.2192,504.45755,0.043137256,1.0,71968640.000000
2,563.2178,496.59778,0.03529412,1.0,71968856.000000
2,564.2164,491.11633,0.03529412,1.0,71969048.000000
2,566.2136,481.519,0.043137256,1.0,71969240.000000
2,569.58075,472.63077,0.04705883,1.0,71969456.000000
2,571.4152,466.42673,0.050980397,1.0,71969840.000000
1,575.2011,458.1421,0.050980397,1.0,71970040.000000
0,448.37726,666.4793,0.009803922,1.0,82511792.000000
2,445.8963,666.4793,0.01764706,1.0,82512008.000000
2,439.38974,599.2263,0.037254903,1.0,82512200.000000
2,439.38974,580.5539,0.025490198,1.0,82512392.000000
2,446.38004,549.22186,0.027450982,1.0,82512608.000000
2,416.42163,671.5243,0.029411767,1.0,82512792.000000
1,416.42163,671.5243,0.029411767,1.0,82514000.000000
0,608.15533,341.73303,0.021568628,1.0,82527616.000000
2,603.38184,352.4799,0.04509804,1.0,82527824.000000
2,576.1997,488.6092,0.043137256,1.0,82528024.000000
2,582.8638,535.275,0.039215688,1.0,82528208.000000
2,588.21783,570.55426,0.04117647,1.0,82528408.000000
2,589.3374,570.55426,0.04117647,1.0,82528608.000000
2,591.17896,566.05774,0.039215688,1.0,82528808.000000
1,592.5562,562.5605,0.04117647,1.0,82529016.000000
0,513.2871,653.48944,0.03529412,1.0,82594664.000000
2,527.11475,519.054,0.04705883,1.0,82594848.000000
1,534.258,486.12253,0.049019612,1.0,82595056.000000
0,594.17474,496.61203,0.033333335,1.0,82621680.000000
2,584.18866,555.3193,0.04509804,1.0,82621904.000000
2,583.19,598.6695,0.04509804,1.0,82622080.000000
2,583.19,627.58514,0.04117647,1.0,82622296.000000
2,585.18726,653.3258,0.037254903,1.0,82622480.000000
2,585.18726,668.22906,0.03529412,1.0,82622672.000000
2,587.1845,689.55804,0.039215688,1.0,82622872.000000
2,587.1845,700.8876,0.033333335,1.0,82623096.000000
2,587.1845,712.79175,0.03137255,1.0,82623280.000000
2,588.66614,720.9205,0.029411767,1.0,82623488.000000
2,590.0898,725.34265,0.033333335,1.0,82623672.000000
2,593.17615,737.4515,0.037254903,1.0,82623888.000000
2,593.17615,738.44806,0.037254903,1.0,82624072.000000
2,596.67126,739.4223,0.029411767,1.0,82624272.000000
2,599.3073,741.5603,0.029411767,1.0,82624472.000000
1,600.23,742.4835,0.029411767,1.0,82624672.000000
0,392.45493,659.4848,0.037254903,1.0,75799032.000000
2,397.1711,647.0491,0.033333335,1.0,75799232.000000
2,417.42026,595.16534,0.021568628,1.0,75799440.000000
2,424.47314,587.4157,0.04117647,1.0,75799648.000000
2,444.75186,559.1936,0.050980397,1.0,75799840.000000
2,452.3717,548.84106,0.033333335,1.0,75800032.000000
2,463.3632,536.57404,0.033333335,1.0,75800240.000000
2,488.67596,509.24747,0.049019612,1.0,75800432.000000
2,513.64545,479.26672,0.033333335,1.0,75800632.000000
1,529.2649,466.4502,0.049019612,1.0,75800832.000000
0,566.2136,347.72833,0.03529412,1.0,1330843.000000
2,566.2136,352.77515,0.039215688,1.0,1330990.000000
2,565.21497,407.80426,0.03529412,1.0,1331148.000000
2,564.2164,429.75415,0.033333335,1.0,1331310.000000
2,564.2164,428.64758,0.043137256,1.0,1331624.000000
2,564.91187,427.6659,0.039215688,1.0,1331945.000000
2,565.21497,425.62817,0.04117647,1.0,1332115.000000
2,571.20667,420.42923,0.04705883,1.0,1332272.000000
2,581.0725,410.67917,0.04509804,1.0,1332429.000000
2,584.18866,407.4964,0.04509804,1.0,1332585.000000
2,586.18585,403.5616,0.037254903,1.0,1332746.000000
2,586.18585,401.66907,0.04117647,1.0,1333226.000000
2,586.18585,400.6447,0.04117647,1.0,1333386.000000
2,586.18585,399.6735,0.039215688,1.0,1334295.000000
2,585.165,399.71002,0.04117647,1.0,1334496.000000
2,585.18726,400.70447,0.04705883,1.0,1334697.000000
2,584.1318,400.68695,0.043137256,1.0,1334896.000000
2,584.18866,402.7788,0.049019612,1.0,1335110.000000
2,583.1553,401.65143,0.04117647,1.0,1335296.000000
1,583.1553,401.65143,0.04117647,1.0,1335702.000000
0,354.50763,288.77438,0.03529412,1.0,80038112.000000
2,347.90744,288.77438,0.025490198,1.0,80038320.000000
2,314.69022,290.77283,0.03529412,1.0,80038520.000000
2,294.37967,295.76892,0.029411767,1.0,80038704.000000
1,290.0971,295.76892,0.037254903,1.0,80038928.000000
0,458.3634,673.4739,0.029411767,1.0,80622536.000000
2,482.90656,476.32568,0.03529412,1.0,80622736.000000
1,554.2302,271.33044,0.039215688,1.0,80622920.000000
0,222.69072,675.4723,0.025490198,1.0,250411.000000
2,222.69072,676.61334,0.025490198,1.0,250566.000000
2,252.14981,681.4676,0.03529412,1.0,250725.000000
2,257.668,681.4676,0.033333335,1.0,250884.000000
2,269.62552,685.74774,0.03137255,1.0,251054.000000
2,270.62415,699.84186,0.049019612,1.0,251207.000000
2,270.62415,708.4303,0.037254903,1.0,251366.000000
1,270.62415,713.94226,0.037254903,1.0,251548.000000
0,521.276,415.67526,0.043137256,1.0,606124.000000
2,511.7378,428.99203,0.043137256,1.0,606296.000000
2,433.7701,610.59155,0.04509804,1.0,606446.000000
2,411.9777,715.0425,0.043137256,1.0,606604.000000
2,408.43274,740.5042,0.04509804,1.0,606764.000000
1,407.35013,740.4216,0.04705883,1.0,606923.000000
0,455.36755,654.4887,0.027450982,1.0,687029.000000
2,457.82388,651.0316,0.03137255,1.0,687188.000000
2,486.32455,565.5848,0.04509804,1.0,687340.000000
2,486.32455,554.1396,0.037254903,1.0,687507.000000
2,486.32455,550.5188,0.033333335,1.0,687668.000000
2,488.86472,526.5013,0.04509804,1.0,687833.000000
2,495.31207,492.02155,0.043137256,1.0,687998.000000
2,507.29544,457.98898,0.043137256,1.0,688146.000000
2,507.29544,442.31827,0.043137256,1.0,688312.000000
2,516.28296,406.4847,0.04509804,1.0,688478.000000
2,519.2788,382.48712,0.049019612,1.0,688628.000000
2,519.2788,377.6389,0.04509804,1.0,688781.000000
1,519.2788,377.6389,0.04509804,1.0,688945.000000
