0,506.0,467.0,0.16078432,0.16078432,37050844.000000
2,493.64685,488.70627,0.18039216,0.18039216,37051044.000000
2,480.2331,568.93243,0.1764706,0.1764706,37051244.000000
1,485.0,624.5,0.17254902,0.17254902,37051448.000000
0,91.0,338.0,0.13333334,0.13333334,37126288.000000
2,113.54579,340.0,0.1764706,0.1764706,37126488.000000
2,120.46639,340.0,0.17254902,0.17254902,37126696.000000
2,130.01668,340.0,0.18039216,0.18039216,37126900.000000
2,132.04063,340.0,0.18039216,0.18039216,37127104.000000
2,134.04872,340.0,0.18039216,0.18039216,37127308.000000
1,135.06218,340.0,0.17254902,0.17254902,37127512.000000
0,609.0,555.0,0.15686275,0.15686275,37274316.000000
2,619.0,443.05066,0.16862746,0.16862746,37274520.000000
1,623.0,414.97534,0.16862746,0.16862746,37274728.000000
0,566.0,508.0,0.14901961,0.14901961,37536456.000000
2,569.8258,490.69684,0.16862746,0.16862746,37536656.000000
2,587.2304,451.15442,0.17254902,0.17254902,37536860.000000
1,596.0,426.5,0.16862746,0.16862746,37537064.000000
0,159.0,681.0,0.16078432,0.16078432,37874256.000000
2,172.69373,700.70996,0.20000002,0.20000002,37874456.000000
1,197.0,778.5,0.19215688,0.19215688,37874664.000000
0,482.0,311.0,0.16078432,0.16078432,39750548.000000
2,478.7973,331.0135,0.16862746,0.16862746,39750752.000000
2,479.0,372.465,0.17254902,0.17254902,39750956.000000
2,479.0,403.37012,0.17254902,0.17254902,39751160.000000
2,479.0,387.921,0.17254902,0.17254902,39751376.000000
1,480.0,374.5,0.16862746,0.16862746,39751568.000000
0,376.0,819.0,0.16862746,0.16862746,40092120.000000
2,379.0,769.32935,0.19215688,0.19215688,40092316.000000
1,379.0,740.5,0.18823531,0.18823531,40092520.000000
0,573.0,386.0,0.15686275,0.15686275,85035528.000000
2,590.5667,325.86655,0.18431373,0.18431373,85035728.000000
1,592.0,311.8199,0.18823531,0.18823531,85035928.000000
0,467.0,864.0,0.16078432,0.16078432,42295768.000000
2,469.58734,843.47595,0.16862746,0.16862746,42295976.000000
2,474.0,766.2014,0.16862746,0.16862746,42296176.000000
1,472.53525,744.0,0.17254902,0.17254902,42296384.000000
0,359.0,868.0,0.17254902,0.17254902,49436480.000000
2,362.0,918.9724,0.20784315,0.20784315,49436680.000000
2,362.0,941.535,0.20000002,0.20000002,49436884.000000
2,362.0,927.9584,0.20392159,0.20392159,49437088.000000
1,362.0,908.5466,0.20392159,0.20392159,49437292.000000
0,436.0,968.0,0.16470589,0.16470589,49479404.000000
2,439.3574,946.213,0.20000002,0.20000002,49479612.000000
2,440.0,890.73047,0.20392159,0.20392159,49479816.000000
2,440.0,867.53357,0.20392159,0.20392159,49480020.000000
2,440.0,862.8446,0.20392159,0.20392159,49480224.000000
2,440.0,860.9576,0.20784315,0.20784315,49480432.000000
2,440.0,859.98334,0.21176472,0.21176472,49480848.000000
2,440.0,858.7662,0.21568629,0.21568629,49481048.000000
2,440.0,845.6555,0.21176472,0.21176472,49481244.000000
1,440.0,837.6883,0.20784315,0.20784315,49481452.000000
0,418.0,550.0,0.14509805,0.14509805,50583308.000000
2,420.7217,537.3915,0.1764706,0.1764706,50583512.000000
2,422.0,517.5208,0.1764706,0.1764706,50583724.000000
2,422.0,498.13962,0.1764706,0.1764706,50583920.000000
1,422.0,494.866,0.17254902,0.17254902,50584128.000000
0,461.0,515.0,0.16862746,0.16862746,12732548.000000
2,488.53372,465.11044,0.21568629,0.21568629,12732762.000000
2,516.0,417.0,0.15686275,0.15686275,12732956.000000
1,502.0,444.0,0.16470589,0.16470589,12733161.000000
0,450.0,616.0,0.16470589,0.16470589,63916544.000000
2,403.4505,749.68805,0.20392159,0.20392159,63916748.000000
1,372.0,880.5,0.20392159,0.20392159,63916952.000000
0,532.0,448.0,0.16470589,0.16470589,63964168.000000
2,560.8933,379.10672,0.20392159,0.20392159,63964380.000000
2,564.0,436.39862,0.19607845,0.19607845,63964576.000000
1,564.0,473.5,0.18823531,0.18823531,63964780.000000
0,439.0,508.0,0.1137255,0.1137255,66330728.000000
2,452.483,468.55096,0.19215688,0.19215688,66330924.000000
2,468.30637,391.38724,0.20000002,0.20000002,66331140.000000
2,439.0,512.95197,0.17254902,0.17254902,66331336.000000
2,439.0,566.24005,0.1764706,0.1764706,66331540.000000
2,440.026,569.0,0.1764706,0.1764706,66331752.000000
2,440.0,567.9495,0.1764706,0.1764706,66331952.000000
2,441.0,557.14813,0.1764706,0.1764706,66332152.000000
2,442.0,554.9153,0.1764706,0.1764706,66332356.000000
2,443.0,547.76556,0.18039216,0.18039216,66332560.000000
1,443.0,547.76556,0.18039216,0.18039216,66332768.000000
0,527.0,457.0,0.16862746,0.16862746,68576168.000000
2,533.1792,400.37283,0.18039216,0.18039216,68576368.000000
2,548.0,340.21683,0.18431373,0.18431373,68576560.000000
1,548.0,339.52942,0.18431373,0.18431373,68576784.000000
0,430.0,867.0,0.16078432,0.16078432,39672488.000000
2,436.0,822.88617,0.18039216,0.18039216,39672700.000000
2,442.0,765.7026,0.19215688,0.19215688,39672896.000000
2,445.17844,745.82153,0.19607845,0.19607845,39673100.000000
1,446.0,742.91547,0.18823531,0.18823531,39673316.000000
0,447.0,832.0,0.16078432,0.16078432,40095328.000000
2,445.0,812.941,0.18431373,0.18431373,40095532.000000
2,443.0,797.89276,0.18823531,0.18823531,40095744.000000
2,442.0,780.60565,0.19607845,0.19607845,40095940.000000
1,442.0,763.5,0.19607845,0.19607845,40096144.000000
0,460.0,756.0,0.16470589,0.16470589,40112704.000000
2,463.0,740.05054,0.18823531,0.18823531,40112908.000000
2,463.0,726.58704,0.19215688,0.19215688,40113116.000000
2,463.0,709.6449,0.20000002,0.20000002,40113320.000000
1,464.06677,707.0,0.18823531,0.18823531,40113524.000000
