0,351.0,464.0,0.1254902,0.075,33798080.000000
2,347.86047,489.11627,0.1254902,0.075,33798248.000000
1,344.5,639.0,0.08235294,0.025,33798400.000000
0,368.0,368.0,0.1254902,0.0625,33801880.000000
2,364.7738,397.03586,0.1254902,0.0625,33802028.000000
1,356.69406,641.2111,0.08235294,0.0375,33802192.000000
0,351.0,691.0,0.06666667,0.0375,67253088.000000
2,351.0,675.2726,0.06666667,0.05,67253392.000000
2,351.0,656.72845,0.06666667,0.0625,67253552.000000
2,352.0,646.3827,0.10980393,0.0625,67253712.000000
2,354.26807,628.73193,0.10980393,0.05,67253864.000000
2,354.63962,622.36035,0.10980393,0.05,67254032.000000
2,356.0,616.90857,0.10980393,0.05,67254200.000000
2,356.0,611.11584,0.10980393,0.0625,67254352.000000
2,357.0,599.8124,0.10980393,0.075,67254520.000000
2,358.0,590.88544,0.10980393,0.0625,67254680.000000
2,358.0,584.69507,0.10980393,0.05,67254832.000000
2,358.0,580.5,0.10980393,0.05,67255000.000000
2,358.0,577.8477,0.10980393,0.05,67255160.000000
2,358.0,573.9619,0.10980393,0.05,67255320.000000
2,359.0,569.80194,0.10980393,0.0625,67255488.000000
2,360.0,563.8743,0.10980393,0.075,67255656.000000
2,362.0,555.697,0.10980393,0.075,67255800.000000
2,364.0,550.8998,0.10980393,0.0625,67255968.000000
2,364.0,546.7979,0.10980393,0.075,67256128.000000
2,364.0,542.0,0.10980393,0.05,67256288.000000
2,365.0,536.7979,0.10980393,0.0625,67256464.000000
1,365.0,532.96796,0.10980393,0.025,67256608.000000
0,336.0,629.0,0.06666667,0.025,67271888.000000
2,341.64142,617.3586,0.10980393,0.05,67272352.000000
2,343.0,609.70856,0.10980393,0.0625,67272512.000000
2,344.0,604.8263,0.10980393,0.075,67272680.000000
2,346.30374,597.6962,0.10980393,0.075,67272848.000000
2,347.0,592.74854,0.10980393,0.075,67273000.000000
2,349.1008,586.8992,0.10980393,0.05,67273160.000000
2,350.73648,581.2635,0.10980393,0.05,67273320.000000
2,352.0,577.6968,0.10980393,0.05,67273488.000000
2,354.0,571.5,0.10980393,0.05,67273648.000000
2,357.0,561.9111,0.10980393,0.075,67273808.000000
2,358.40228,555.5977,0.10980393,0.0625,67273968.000000
2,360.0,548.5,0.10980393,0.0625,67274128.000000
2,362.30426,543.69574,0.10980393,0.05,67274288.000000
2,363.0,539.0,0.10980393,0.05,67274456.000000
2,367.0,530.13165,0.10980393,0.0875,67274616.000000
2,370.0,522.9307,0.10980393,0.075,67274776.000000
2,372.0,516.7987,0.10980393,0.075,67274944.000000
2,374.0,511.93793,0.10980393,0.0625,67275104.000000
2,376.19827,506.80173,0.10980393,0.0875,67275264.000000
2,377.0,502.5,0.10980393,0.0625,67275424.000000
2,381.30255,493.69745,0.10980393,0.05,67275584.000000
1,381.0,490.84842,0.10980393,0.05,67275752.000000
0,370.0,695.0,0.06666667,0.025,67290728.000000
2,363.69406,682.0411,0.06666667,0.0625,67290896.000000
2,358.51205,664.0241,0.10980393,0.0625,67291056.000000
2,355.0,640.3926,0.10980393,0.0625,67291216.000000
2,354.0,624.6931,0.10980393,0.05,67291376.000000
2,354.0,618.5,0.10980393,0.05,67291544.000000
2,353.0,610.03156,0.10980393,0.075,67291704.000000
2,353.0,604.9835,0.10980393,0.075,67291864.000000
2,353.0,599.6966,0.10980393,0.075,67292032.000000
2,353.0,594.8524,0.10980393,0.075,67292184.000000
2,353.0,590.7979,0.10980393,0.05,67292344.000000
2,352.0,586.95044,0.10980393,0.05,67292504.000000
2,352.0,583.9914,0.10980393,0.05,67292672.000000
2,352.0,581.97125,0.10980393,0.05,67292832.000000
2,352.0,578.89886,0.10980393,0.05,67292992.000000
2,352.0,577.8989,0.10980393,0.05,67293152.000000
2,352.0,575.92883,0.10980393,0.05,67293312.000000
2,352.0,573.87854,0.10980393,0.05,67293480.000000
2,352.0,571.87866,0.10980393,0.05,67293640.000000
2,352.0,568.91223,0.10980393,0.05,67293792.000000
2,352.0,567.989,0.10980393,0.05,67293952.000000
2,351.0,565.9568,0.10980393,0.0625,67294120.000000
2,351.0,564.9498,0.10980393,0.075,67294280.000000
2,351.0,563.95355,0.10980393,0.075,67294440.000000
2,351.0,562.98004,0.10980393,0.075,67294600.000000
2,351.0,561.9537,0.10980393,0.075,67294760.000000
2,351.0,560.1144,0.10980393,0.075,67294920.000000
2,352.06644,560.0,0.10980393,0.075,67295088.000000
2,353.05817,557.94183,0.10980393,0.075,67295248.000000
1,353.05817,557.94183,0.10980393,0.075,67295416.000000
0,370.0,721.0,0.06666667,0.025,67318104.000000
2,366.0,708.9627,0.10980393,0.0625,67318272.000000
2,364.879,703.87897,0.10980393,0.0625,67318456.000000
2,363.0,679.07513,0.10980393,0.05,67318592.000000
2,363.0,660.9005,0.10980393,0.075,67318752.000000
2,361.0,620.64014,0.10980393,0.075,67318928.000000
2,363.0,578.3995,0.10980393,0.075,67319080.000000
2,370.65256,549.0423,0.10980393,0.075,67319240.000000
2,386.2995,469.50253,0.10980393,0.075,67319408.000000
1,404.0,416.0,0.04705883,0.0125,67319576.000000
0,422.0,368.0,0.18039216,0.1,67355360.000000
2,406.31436,371.8952,0.18039216,0.112500004,67355544.000000
2,396.57593,376.0,0.22352943,0.1375,67355696.000000
1,329.49875,703.1286,0.10980393,0.025,67355856.000000
0,363.0,402.0,0.18039216,0.0875,67362960.000000
2,302.84036,507.36487,0.18039216,0.075,67363128.000000
2,292.60648,634.0324,0.13333334,0.0625,67363272.000000
1,322.0,690.0,0.08627451,0.025,67363440.000000
0,383.0,262.0,0.18039216,0.1,67411440.000000
2,365.09216,379.35486,0.18039216,0.0625,67411592.000000
2,356.0,411.76498,0.13725491,0.075,67411752.000000
2,354.0,413.65332,0.13725491,0.05,67411912.000000
2,352.0,389.07745,0.13725491,0.075,67412072.000000
2,351.0,383.841,0.13725491,0.075,67412240.000000
2,350.854,376.854,0.13725491,0.075,67412392.000000
2,351.0,377.1729,0.13725491,0.05,67412552.000000
1,371.0,449.5,0.08235294,0.0125,67412704.000000
0,334.0,355.0,0.08627451,0.0375,67417752.000000
2,340.09583,332.64862,0.08627451,0.05,67417920.000000
2,337.87408,393.13083,0.17254902,0.0875,67418072.000000
1,354.64603,477.19025,0.050980397,0.0125,67418240.000000
0,318.0,191.0,0.17254902,0.0875,67441568.000000
2,316.88885,228.77858,0.17254902,0.0875,67441744.000000
2,331.0,323.28906,0.17254902,0.0875,67441904.000000
2,341.73502,367.47,0.17254902,0.075,67442040.000000
2,346.0789,385.0789,0.17254902,0.075,67442192.000000
2,348.0,391.2006,0.17254902,0.075,67442360.000000
2,350.0,385.0605,0.17254902,0.075,67442504.000000
2,367.1775,302.50497,0.17254902,0.1,67442656.000000
1,382.37134,240.34311,0.054901965,0.025,67442824.000000
0,307.0,258.0,0.16078432,0.075,67449096.000000
2,318.7456,297.48337,0.16078432,0.0875,67449264.000000
2,320.3173,382.73087,0.16078432,0.0625,67449424.000000
2,322.23178,438.23178,0.11764707,0.05,67449584.000000
1,321.0,444.0,0.07058824,0.025,67449752.000000
0,315.0,256.0,0.15294118,0.0625,67449904.000000
2,319.0,346.8661,0.15294118,0.05,67450072.000000
2,317.0,393.17468,0.15294118,0.05,67450232.000000
2,315.0,400.0726,0.15294118,0.0625,67450392.000000
1,329.0543,483.51434,0.043137256,0.0125,67450560.000000
0,300.0,243.0,0.1764706,0.075,67450712.000000
2,309.39594,284.58374,0.1764706,0.075,67450880.000000
2,310.0,370.05792,0.1764706,0.075,67451040.000000
1,319.5,420.0,0.054901965,0.0125,67451200.000000
0,352.0,410.0,0.10980393,0.05,67455872.000000
2,359.21796,353.4935,0.10980393,0.05,67456032.000000
1,387.8403,227.73953,0.050980397,0.0125,67456192.000000
0,343.0,416.0,0.121568635,0.0625,67457968.000000
2,350.10736,320.92648,0.121568635,0.075,67458128.000000
1,357.17688,261.46933,0.0627451,0.0125,67458296.000000
0,374.0,335.0,0.15686275,0.0625,67503056.000000
2,373.0,362.95245,0.15686275,0.0875,67503256.000000
2,367.5843,391.91003,0.15686275,0.075,67503376.000000
1,377.08414,476.30286,0.098039225,0.025,67503536.000000
0,347.0,389.0,0.12941177,0.075,67509376.000000
2,352.12476,370.55087,0.12941177,0.05,67509536.000000
1,432.0,216.0,0.050980397,0.0125,67509696.000000
0,348.0,408.0,0.10588236,0.05,67510016.000000
2,354.26062,370.52307,0.10588236,0.05,67510176.000000
1,387.67874,219.4547,0.058823533,0.0125,67510344.000000
0,361.0,238.0,0.14117648,0.0625,67563944.000000
2,362.97195,260.83167,0.14117648,0.1,67564096.000000
2,366.06418,286.32092,0.14117648,0.075,67564264.000000
2,368.0,344.9313,0.14117648,0.05,67564416.000000
2,366.0,362.07654,0.14117648,0.0625,67564584.000000
2,369.0,430.24564,0.098039225,0.0375,67564744.000000
2,369.69876,471.30124,0.054901965,0.025,67564912.000000
2,371.57303,469.42697,0.098039225,0.05,67565088.000000
2,392.43088,392.41476,0.098039225,0.075,67565232.000000
2,409.53503,328.16245,0.14117648,0.075,67565392.000000
2,416.19614,306.6077,0.14117648,0.0875,67565552.000000
2,415.07394,305.92606,0.14117648,0.1,67565720.000000
2,391.68866,371.934,0.14117648,0.075,67565880.000000
1,372.55154,440.53482,0.07058824,0.0125,67566040.000000
0,355.0,386.0,0.14117648,0.075,67567168.000000
2,372.73044,335.8087,0.14117648,0.075,67567344.000000
1,389.0,249.0,0.098039225,0.0375,67567496.000000
0,464.0,246.0,0.08627451,0.0375,67601144.000000
2,447.75754,310.85898,0.08627451,0.05,67601296.000000
1,457.0,353.7196,0.039215688,0.025,67601464.000000
0,414.0,256.0,0.10980393,0.05,67605656.000000
2,405.7915,300.0567,0.10980393,0.075,67605816.000000
1,410.71753,381.58765,0.058823533,0.025,67605984.000000
0,414.0,403.0,0.07058824,0.025,67653176.000000
2,418.41806,382.53674,0.07058824,0.0375,67653344.000000
2,419.0,360.88864,0.07058824,0.0375,67653504.000000
1,427.18988,287.81012,0.07058824,0.05,67653688.000000
0,400.0,416.0,0.07450981,0.0375,67723368.000000
2,402.08472,403.49167,0.07450981,0.0625,67723536.000000
2,404.0,367.15137,0.07450981,0.05,67723696.000000
2,405.0,286.9908,0.07450981,0.05,67723856.000000
1,417.09183,220.72453,0.07450981,0.0375,67724024.000000
0,426.0,241.0,0.08235294,0.05,67805832.000000
2,426.0,257.83194,0.08235294,0.05,67806024.000000
2,428.0,285.379,0.08235294,0.05,67806152.000000
2,426.0,302.32983,0.08235294,0.0375,67806320.000000
2,425.0,312.30432,0.08235294,0.0375,67806480.000000
2,426.0,315.05484,0.08235294,0.05,67806640.000000
2,429.9113,308.13306,0.08235294,0.0625,67806800.000000
2,444.60944,273.39056,0.08235294,0.05,67806968.000000
2,452.23044,255.76956,0.08235294,0.05,67807120.000000
2,458.1976,246.80238,0.08235294,0.05,67807280.000000
2,458.03943,244.03943,0.08235294,0.05,67807488.000000
2,429.26556,277.10165,0.08235294,0.05,67807608.000000
2,417.8028,295.39444,0.08235294,0.0375,67807768.000000
2,411.98068,305.01932,0.08235294,0.05,67807944.000000
1,384.69998,400.2001,0.039215688,0.025,67808088.000000
0,338.0,367.0,0.10980393,0.0625,67823424.000000
2,340.5666,338.5509,0.10980393,0.0625,67823568.000000
2,344.8584,294.41586,0.10980393,0.075,67823728.000000
1,362.0,229.80667,0.04705883,0.0125,67823888.000000
0,394.0,402.0,0.08235294,0.05,67826784.000000
2,398.0,386.45944,0.08235294,0.0625,67826944.000000
2,400.0,375.56708,0.08235294,0.05,67827104.000000
2,402.0,366.69592,0.08235294,0.05,67827280.000000
2,404.0,359.31442,0.08235294,0.05,67827424.000000
2,408.0,345.25815,0.08235294,0.05,67827592.000000
1,411.0,335.92816,0.08235294,0.0125,67827752.000000
0,349.0,387.0,0.11764707,0.075,67970448.000000
2,367.3435,305.23203,0.11764707,0.0625,67970600.000000
1,404.5,233.5,0.06666667,0.025,67970760.000000
0,328.0,344.0,0.14117648,0.075,68052600.000000
2,333.21545,311.92273,0.14117648,0.0875,68052768.000000
2,345.2428,286.5144,0.14117648,0.075,68052928.000000
2,350.0,276.1907,0.14117648,0.0625,68053088.000000
2,351.0,266.88904,0.14117648,0.075,68053248.000000
1,351.0,256.0,0.058823533,0.025,68053408.000000
0,353.0,341.0,0.1254902,0.075,68079256.000000
2,356.0,390.06714,0.1254902,0.05,68079416.000000
1,364.0,435.0,0.1254902,0.025,68079584.000000
0,370.0,378.0,0.1137255,0.05,68089408.000000
2,352.6941,368.96805,0.1137255,0.0625,68089576.000000
2,333.56387,363.0,0.16078432,0.0875,68089728.000000
2,265.7975,344.26584,0.16078432,0.075,68089888.000000
2,195.12955,319.04318,0.16078432,0.1,68090056.000000
2,139.40285,294.68057,0.16078432,0.075,68090216.000000
2,94.31936,260.4258,0.16078432,0.075,68090376.000000
2,75.532875,234.59863,0.16078432,0.125,68090536.000000
1,104.5,191.0,0.054901965,0.0125,68090696.000000
0,370.0,369.0,0.098039225,0.05,68096600.000000
1,370.0,369.0,0.098039225,0.05,68096776.000000
2,347.61694,376.37384,0.10588236,0.0625,68097624.000000
2,329.1015,375.0,0.10588236,0.075,68097752.000000
2,266.9883,366.49707,0.10588236,0.0625,68097912.000000
2,182.49464,338.7473,0.10588236,0.075,68098064.000000
2,142.60513,322.0701,0.10588236,0.05,68098216.000000
2,131.0,316.18512,0.10588236,0.05,68098384.000000
2,127.93934,315.0,0.10588236,0.05,68098544.000000
1,126.94323,313.94324,0.043137256,0.025,68098704.000000
0,366.0,409.0,0.08235294,0.0375,68099128.000000
2,353.8982,412.02545,0.08235294,0.0625,68099256.000000
2,335.20087,415.39957,0.08235294,0.05,68099440.000000
2,234.22574,401.6057,0.08235294,0.05,68099592.000000
2,145.11105,369.66663,0.08235294,0.05,68099760.000000
2,102.86141,345.24094,0.08235294,0.0625,68099912.000000
2,76.27741,327.2774,0.08235294,0.0625,68100080.000000
2,71.0,321.0689,0.08235294,0.05,68100232.000000
2,71.462456,317.26877,0.08235294,0.05,68100400.000000
2,171.94635,287.0,0.08235294,0.0625,68100568.000000
2,226.84328,288.0,0.1254902,0.0625,68100720.000000
1,242.30144,288.69858,0.050980397,0.0125,68100880.000000
0,274.0,340.0,0.10588236,0.05,68103952.000000
2,278.92453,368.8491,0.10588236,0.05,68104120.000000
1,298.0,439.2246,0.10588236,0.05,68104272.000000
0,66.0,294.0,0.098039225,0.05,68106208.000000
2,62.993828,270.96915,0.098039225,0.05,68106424.000000
2,54.445297,242.33589,0.098039225,0.05,68106560.000000
2,49.0,228.84816,0.098039225,0.05,68106696.000000
1,49.0,227.99658,0.098039225,0.05,68106872.000000
0,172.0,367.0,0.16470589,0.075,68116992.000000
2,185.3102,367.0,0.16470589,0.1,68117304.000000
2,202.4427,365.0,0.16470589,0.1,68117480.000000
1,227.0,359.5,0.098039225,0.0375,68117624.000000
0,153.0,394.0,0.14117648,0.075,68124416.000000
2,286.0,223.0,0.09411766,0.025,68124576.000000
1,249.9514,326.5729,0.078431375,0.05,68124736.000000
0,156.0,381.0,0.16470589,0.0875,68125064.000000
2,178.30482,368.55948,0.16470589,0.075,68125224.000000
1,228.5,325.0,0.098039225,0.0875,68125376.000000
0,111.0,283.0,0.121568635,0.05,68129120.000000
1,111.0,283.0,0.121568635,0.05,68129304.000000
2,89.703186,281.92578,0.14117648,0.075,68129608.000000
2,76.364,280.0,0.14117648,0.1,68129760.000000
2,42.68149,285.0,0.14117648,0.075,68129928.000000
1,31.981754,290.01825,0.08235294,0.05,68130080.000000
0,140.0,273.0,0.14509805,0.0875,68131232.000000
2,127.46987,275.76508,0.14509805,0.075,68131544.000000
2,96.157524,279.61417,0.14509805,0.075,68131712.000000
2,64.049194,289.9754,0.14509805,0.075,68131872.000000
2,43.24066,301.37967,0.14509805,0.0875,68132032.000000
2,29.025295,314.9747,0.14509805,0.075,68132200.000000
2,61.187576,318.0,0.14509805,0.075,68132352.000000
1,79.5,318.5,0.14509805,0.05,68132512.000000
0,125.0,346.0,0.14117648,0.1875,68135976.000000
2,152.27684,348.13843,0.14117648,0.1875,68136120.000000
2,156.20078,351.20078,0.20784315,0.175,68136280.000000
2,156.0,361.59442,0.16078432,0.16250001,68136440.000000
2,153.0,378.10388,0.16078432,0.16250001,68136592.000000
2,145.0,397.5,0.16078432,0.175,68136752.000000
1,66.0,288.0,0.15294118,0.075,68136928.000000
0,286.0,369.0,0.18039216,0.0875,68176368.000000
2,297.6374,359.47852,0.18039216,0.0875,68176520.000000
2,345.13058,314.58676,0.18039216,0.0875,68176680.000000
2,379.60547,280.39453,0.18039216,0.125,68176848.000000
2,399.8488,253.15121,0.18039216,0.112500004,68177000.000000
1,432.19342,227.31805,0.04705883,0.025,68177168.000000
0,217.0,298.0,0.20784315,0.0875,68179904.000000
2,250.00685,300.0,0.20784315,0.0875,68180224.000000
2,290.44934,298.0,0.20784315,0.075,68180384.000000
2,367.0385,300.0,0.20784315,0.1,68180544.000000
1,394.0,301.0,0.07058824,0.0375,68180824.000000
0,97.0,200.0,0.18431373,0.0875,68181136.000000
2,139.36447,206.76636,0.18431373,0.112500004,68181296.000000
2,199.99486,217.0,0.18431373,0.1,68181464.000000
2,257.0,222.0,0.18431373,0.0875,68181624.000000
1,291.5,223.0,0.11764707,0.05,68181808.000000
0,166.0,196.0,0.18823531,0.0875,68188432.000000
2,196.72577,199.97714,0.18823531,0.1,68188592.000000
2,210.75732,202.7929,0.18823531,0.075,68188752.000000
2,258.37274,207.09319,0.18823531,0.0875,68188912.000000
1,273.14856,205.85144,0.12941177,0.05,68189080.000000
0,174.0,243.0,0.20392159,0.075,68195552.000000
1,174.0,243.0,0.20392159,0.075,68195704.000000
1,170.0,248.0,0.21568629,0.075,68195904.000000
0,174.0,243.0,0.20392159,0.075,68195552.000000
1,174.0,243.0,0.20392159,0.075,68195704.000000
1,170.0,248.0,0.21568629,0.075,68195904.000000
1,175.0,250.0,0.21568629,0.075,68196720.000000
0,356.0,248.0,0.16862746,0.075,68216208.000000
2,357.0041,263.06143,0.16862746,0.075,68216352.000000
2,361.0,320.0,0.16862746,0.0875,68216520.000000
2,368.0,351.05786,0.16862746,0.1,68216672.000000
2,370.06628,357.0,0.16862746,0.1,68216840.000000
2,371.0,357.0,0.098039225,0.0375,68217000.000000
1,374.0,355.0,0.050980397,0.0125,68217160.000000
0,435.0,407.0,0.11764707,0.05,68229208.000000
2,434.0,372.59335,0.11764707,0.0625,68229376.000000
2,438.8978,283.61316,0.11764707,0.05,68229528.000000
1,442.0,265.5,0.11764707,0.075,68229696.000000
0,384.0,413.0,0.15686275,0.0625,68232888.000000
2,384.0,393.0174,0.15686275,0.075,68233056.000000
1,412.0,246.0,0.06666667,0.025,68233216.000000
0,381.0,428.0,0.13333334,0.0625,68238400.000000
2,389.32333,384.12463,0.13333334,0.075,68238568.000000
1,422.5,239.5,0.078431375,0.0375,68238720.000000
0,327.0,323.0,0.098039225,0.0375,68411112.000000
2,325.99503,340.08472,0.098039225,0.05,68411280.000000
2,327.5,373.5,0.098039225,0.0375,68411440.000000
2,331.9729,400.9729,0.098039225,0.0375,68411600.000000
2,336.0,406.0,0.098039225,0.05,68411760.000000
2,342.14288,405.0,0.098039225,0.05,68411920.000000
2,353.5,398.0,0.098039225,0.05,68412080.000000
2,357.0,393.8961,0.098039225,0.0625,68412248.000000
2,366.5,377.0,0.098039225,0.05,68412400.000000
2,369.0,370.84906,0.098039225,0.05,68412568.000000
2,371.0,365.79755,0.098039225,0.025,68412728.000000
2,372.0,362.93942,0.098039225,0.025,68412888.000000
2,373.0,360.9245,0.098039225,0.05,68413048.000000
1,373.0,360.9245,0.098039225,0.05,68413208.000000
0,378.0,440.0,0.07450981,0.025,68535704.000000
2,379.93732,426.18802,0.07450981,0.0625,68535872.000000
2,380.0,411.21222,0.11764707,0.05,68536032.000000
2,382.0,385.32507,0.11764707,0.0625,68536184.000000
2,385.0,355.74698,0.11764707,0.075,68536352.000000
2,391.0,302.38858,0.11764707,0.075,68536512.000000
1,398.30954,272.76184,0.054901965,0.0125,68536680.000000
0,402.0,439.0,0.098039225,0.05,68614080.000000
2,410.4434,375.7736,0.098039225,0.075,68614232.000000
1,430.5,287.0,0.09411766,0.025,68614392.000000
0,143.0,658.0,0.0627451,0.025,68764672.000000
2,141.0,641.49023,0.0627451,0.0375,68764824.000000
2,140.0,624.50085,0.0627451,0.05,68764984.000000
2,140.0,587.52655,0.0627451,0.05,68765152.000000
2,141.0,574.5835,0.0627451,0.0625,68765312.000000
2,140.0,561.2281,0.0627451,0.05,68765472.000000
1,138.0,546.5,0.0627451,0.0125,68765624.000000
0,159.0,471.0,0.10980393,0.05,68769360.000000
2,164.29593,486.8878,0.10980393,0.0625,68769528.000000
2,175.0,536.5,0.10980393,0.075,68769680.000000
2,182.0,567.9797,0.10980393,0.05,68769856.000000
2,188.0,583.56274,0.10980393,0.05,68770000.000000
2,191.0997,588.0,0.10980393,0.05,68770168.000000
2,191.0,590.1514,0.10980393,0.05,68770336.000000
2,193.0,597.09314,0.10980393,0.05,68770480.000000
2,193.0,608.15125,0.10980393,0.05,68770640.000000
2,193.0,609.0,0.10980393,0.0625,68770816.000000
2,195.0,606.80286,0.10980393,0.0625,68770968.000000
2,195.0,602.93866,0.10980393,0.0625,68771128.000000
2,196.00148,599.99854,0.10980393,0.0625,68771296.000000
2,196.0,598.94257,0.10980393,0.0625,68771456.000000
2,196.0,596.89996,0.10980393,0.0625,68771616.000000
2,196.0,594.8801,0.10980393,0.0625,68771800.000000
2,194.5,591.5,0.10980393,0.0625,68771936.000000
2,193.69788,589.6979,0.10980393,0.075,68772104.000000
2,193.0,585.7255,0.10980393,0.0625,68772280.000000
2,190.86673,580.8667,0.10980393,0.05,68772424.000000
2,190.54428,577.5443,0.10980393,0.0625,68772584.000000
2,190.0,574.9751,0.10980393,0.075,68772752.000000
2,189.0,569.6969,0.10980393,0.075,68772912.000000
2,190.0,562.00006,0.10980393,0.075,68773072.000000
2,190.0,551.85114,0.10980393,0.075,68773240.000000
2,186.0,535.8175,0.10980393,0.0625,68773392.000000
2,184.0,529.70575,0.10980393,0.0625,68773560.000000
2,181.5,524.5,0.10980393,0.0625,68773712.000000
2,180.86176,521.86176,0.10980393,0.0625,68773872.000000
2,179.79791,520.0,0.10980393,0.0625,68774040.000000
2,179.0,516.99243,0.10980393,0.075,68774216.000000
2,178.0,514.925,0.10980393,0.075,68774360.000000
2,176.92505,512.92505,0.10980393,0.075,68774520.000000
2,177.0,511.99896,0.10980393,0.075,68774688.000000
2,177.0,509.89948,0.10980393,0.075,68774848.000000
2,176.0,506.84863,0.10980393,0.075,68775024.000000
2,175.0,502.85712,0.10980393,0.0625,68775168.000000
2,173.0,490.9962,0.10980393,0.0625,68775328.000000
2,171.0,479.82147,0.10980393,0.075,68775496.000000
2,169.0,468.8207,0.15294118,0.0875,68775648.000000
2,165.87907,462.87906,0.15294118,0.075,68775808.000000
2,159.16385,451.16385,0.15294118,0.075,68775976.000000
2,153.0,440.79172,0.15294118,0.0875,68776136.000000
2,150.70692,437.70694,0.15294118,0.1,68776296.000000
2,150.0,432.7978,0.15294118,0.0875,68776464.000000
2,148.74893,427.74893,0.15294118,0.0875,68776624.000000
1,145.5,419.0,0.098039225,0.0375,68776784.000000
0,160.0,749.0,0.08235294,0.05,68782096.000000
2,168.29897,736.5515,0.1254902,0.075,68782304.000000
2,176.0,712.9604,0.1254902,0.05,68782416.000000
2,178.0,694.5223,0.1254902,0.075,68782576.000000
2,180.0,677.70624,0.1254902,0.0625,68782752.000000
2,174.03934,718.587,0.1254902,0.075,68782896.000000
1,152.92735,771.14526,0.023529414,0.0125,68783064.000000
0,293.0,736.0,0.14901961,0.075,27553268.000000
2,279.85638,649.71014,0.14901961,0.1,27553400.000000
2,272.0,562.06354,0.14901961,0.075,27553564.000000
2,277.0,469.8255,0.14901961,0.075,27553724.000000
2,279.59384,448.81235,0.14901961,0.1,27553884.000000
1,282.0,440.79803,0.14901961,0.0625,27554048.000000
0,248.0,563.0,0.1137255,0.0625,27568920.000000
2,279.03412,393.76108,0.1137255,0.05,27569060.000000
2,299.78613,259.85553,0.1137255,0.075,27569220.000000
1,312.5,232.0,0.06666667,0.0375,27569380.000000
0,331.0,649.0,0.0627451,0.025,27594104.000000
2,331.20804,635.5839,0.0627451,0.025,27594424.000000
2,332.0,616.1566,0.0627451,0.05,27594600.000000
2,338.0,572.2432,0.10588236,0.0625,27594752.000000
2,344.2578,518.4531,0.10588236,0.075,27594912.000000
2,354.8532,474.58716,0.10588236,0.0625,27595066.000000
1,378.5,436.0,0.058823533,0.0125,27595236.000000
0,325.0,610.0,0.07450981,0.025,27596840.000000
2,330.54672,503.34586,0.07450981,0.0375,27597000.000000
1,376.0,317.0,0.07450981,0.0125,27597198.000000
0,299.0,268.0,0.11764707,0.05,65371496.000000
2,258.54614,535.7232,0.11764707,0.05,65371656.000000
2,266.1097,702.2194,0.11764707,0.0625,65371816.000000
2,283.43454,723.4346,0.11764707,0.0625,65371980.000000
2,290.10065,729.10065,0.11764707,0.0625,65372140.000000
2,291.14304,730.0,0.11764707,0.0625,65372300.000000
2,290.0,729.8511,0.11764707,0.05,65372480.000000
2,270.9246,723.4623,0.11764707,0.075,65372632.000000
2,197.33264,687.6663,0.11764707,0.075,65372788.000000
1,161.5,664.0,0.054901965,0.025,65372948.000000
0,114.0,650.0,0.09019608,0.05,65377500.000000
2,180.54398,624.9874,0.09019608,0.05,65377648.000000
1,332.5,586.0,0.09019608,0.0125,65377808.000000
0,364.0,249.0,0.20000002,0.1,66747500.000000
2,353.4091,340.5455,0.20000002,0.075,66747664.000000
2,348.0,400.885,0.15294118,0.075,66747832.000000
2,348.0,410.01425,0.15294118,0.075,66747984.000000
2,352.34988,439.74945,0.15294118,0.075,66748144.000000
1,356.0,456.13422,0.15294118,0.075,66748300.000000
0,352.0,359.0,0.10196079,0.05,66876248.000000
2,368.9859,317.07056,0.10196079,0.0375,66876408.000000
1,416.15128,191.39493,0.050980397,0.025,66876576.000000
0,386.0,405.0,0.08235294,0.05,66948804.000000
2,407.5278,368.94437,0.08235294,0.05,66948960.000000
2,422.0,303.20914,0.08235294,0.05,66949116.000000
1,431.70248,277.9463,0.08235294,0.025,66949288.000000
0,450.0,424.0,0.050980397,0.0125,66970828.000000
2,437.98163,410.96326,0.050980397,0.05,66971120.000000
2,436.0,405.25806,0.050980397,0.05,66971288.000000
2,434.0,383.00525,0.09411766,0.05,66971448.000000
2,431.0,359.70914,0.09411766,0.05,66971600.000000
2,430.0,331.50485,0.09411766,0.05,66971768.000000
2,431.0,315.3733,0.09411766,0.0625,66971924.000000
2,431.0,301.42175,0.09411766,0.0625,66972088.000000
1,430.93417,295.93417,0.09411766,0.05,66972248.000000
0,360.0,290.0,0.10980393,0.075,67027652.000000
2,359.0,337.61655,0.10980393,0.05,67027816.000000
2,361.2545,425.0179,0.10980393,0.05,67027968.000000
1,375.0,454.0,0.0627451,0.0125,67028132.000000
0,386.0,272.0,0.11764707,0.05,67031432.000000
2,377.0,377.10263,0.11764707,0.025,67031592.000000
1,381.0,403.5,0.0627451,0.0375,67031748.000000
0,411.0,280.0,0.08627451,0.0375,67085008.000000
2,407.83545,349.50635,0.08627451,0.05,67085156.000000
1,434.0,408.5,0.043137256,0.0125,67085320.000000
0,411.0,259.0,0.10196079,0.05,67091136.000000
2,387.52386,343.3806,0.10196079,0.05,67091300.000000
1,422.2384,444.19772,0.10196079,0.0375,67091468.000000
0,396.0,393.0,0.078431375,0.05,67127656.000000
2,389.82138,380.64276,0.078431375,0.05,67127824.000000
2,378.593,318.84918,0.078431375,0.0625,67127984.000000
1,381.0,296.5,0.078431375,0.0125,67128144.000000
0,391.0,349.0,0.078431375,0.05,67216416.000000
2,387.0,331.61066,0.078431375,0.05,67216576.000000
2,386.0,287.91788,0.078431375,0.05,67216744.000000
2,393.6428,232.71439,0.078431375,0.05,67216896.000000
2,400.9716,200.05685,0.078431375,0.0625,67217064.000000
2,376.31946,305.8472,0.121568635,0.05,67217224.000000
1,407.0,433.0,0.07450981,0.025,67217384.000000
0,180.0,301.0,0.10196079,0.0625,67554360.000000
2,197.46983,312.3524,0.10196079,0.05,67554520.000000
2,203.0,316.0,0.10196079,0.05,67554680.000000
1,208.17268,318.0,0.10196079,0.05,67554840.000000
0,364.0,765.0,0.054901965,0.0375,67827544.000000
2,370.43307,729.95276,0.098039225,0.0375,67827704.000000
2,371.23193,635.985,0.098039225,0.05,67827872.000000
1,385.34302,544.97095,0.04705883,0.0125,67828032.000000
0,368.0,778.0,0.03137255,0.0125,67846896.000000
2,368.0,765.8208,0.07450981,0.0375,67847224.000000
2,369.0,730.514,0.11764707,0.05,67847376.000000
2,371.02582,697.94836,0.11764707,0.0625,67847544.000000
2,374.5769,677.8462,0.11764707,0.075,67847712.000000
2,380.0,655.61475,0.11764707,0.0625,67847864.000000
1,383.5,642.5,0.07450981,0.0125,67848024.000000
0,376.0,759.0,0.054901965,0.025,67886576.000000
2,374.07376,744.2213,0.10196079,0.0625,67886744.000000
2,374.0,735.0295,0.10196079,0.0625,67886904.000000
2,373.0,724.4957,0.10196079,0.05,67887072.000000
2,371.0,709.9134,0.10196079,0.0625,67887232.000000
2,370.0,697.3732,0.10196079,0.0625,67887384.000000
2,370.0,690.7988,0.10196079,0.075,67887544.000000
2,370.1513,685.8487,0.10196079,0.0625,67887712.000000
2,368.0,680.87933,0.10196079,0.0625,67887872.000000
2,366.12073,676.1207,0.10196079,0.0625,67888032.000000
2,366.0,672.8028,0.10196079,0.0625,67888200.000000
2,365.0,664.5265,0.10196079,0.0625,67888360.000000
2,366.0,658.15894,0.10196079,0.075,67888520.000000
2,367.0,648.6092,0.14509805,0.075,67888680.000000
2,366.0,637.06506,0.14509805,0.0625,67888840.000000
2,364.0,631.0,0.14509805,0.0625,67889000.000000
2,363.0,625.88055,0.14509805,0.05,67889168.000000
2,362.0,620.8012,0.14509805,0.0625,67889320.000000
2,362.0,616.79913,0.14509805,0.0625,67889488.000000
2,362.0,612.71356,0.14509805,0.0625,67889648.000000
2,363.06042,609.9396,0.14509805,0.075,67889808.000000
2,363.0,608.91437,0.14509805,0.075,67889968.000000
2,363.0,607.0,0.14509805,0.0625,67890136.000000
1,363.0,607.0,0.14509805,0.0625,67890296.000000
0,382.0,775.0,0.04705883,0.0125,67926432.000000
2,385.10434,763.61743,0.09019608,0.05,67926592.000000
2,388.0,749.77386,0.09019608,0.075,67926768.000000
2,390.0,719.34247,0.09019608,0.05,67926912.000000
2,392.0,694.2562,0.13333334,0.075,67927072.000000
2,394.15173,673.69653,0.13333334,0.05,67927248.000000
1,397.43094,651.70715,0.08627451,0.025,67927392.000000
0,337.0,752.0,0.06666667,0.025,67935296.000000
2,339.11346,739.3192,0.1254902,0.0625,67935464.000000
2,338.75677,695.2974,0.1254902,0.0875,67935640.000000
1,327.5,587.0,0.07450981,0.025,67935768.000000
0,343.0,697.0,0.10980393,0.0625,67962808.000000
2,350.43646,674.6907,0.10980393,0.05,67963072.000000
2,371.0525,613.8425,0.10980393,0.0625,67963232.000000
1,392.35257,565.29486,0.050980397,0.0125,67963392.000000
0,363.0,679.0,0.09411766,0.05,67975680.000000
2,355.05554,622.49976,0.09411766,0.0625,67975832.000000
1,369.0,505.5,0.09019608,0.025,67975992.000000
0,353.0,710.0,0.078431375,0.05,67988416.000000
2,353.0,696.8064,0.121568635,0.075,67988744.000000
2,352.0,673.3413,0.121568635,0.05,67988904.000000
2,354.0,657.20056,0.121568635,0.075,67989064.000000
2,356.0,630.20355,0.121568635,0.05,67989224.000000
2,366.84354,599.3129,0.121568635,0.075,67989392.000000
1,380.0,563.0,0.07058824,0.0125,67989544.000000
0,349.0,701.0,0.10196079,0.05,67995808.000000
2,350.10632,684.4684,0.14509805,0.075,67995968.000000
2,351.2845,676.00854,0.14509805,0.0625,67996120.000000
2,364.90268,614.292,0.14509805,0.1,67996296.000000
2,392.14484,536.1365,0.14509805,0.0875,67996448.000000
1,459.59528,423.2063,0.050980397,0.025,67996608.000000
0,285.0,666.0,0.1137255,0.075,68023264.000000
2,293.69702,653.60596,0.1137255,0.0875,68023424.000000
2,296.74686,645.5063,0.1137255,0.0875,68023584.000000
2,302.05725,628.8855,0.1137255,0.05,68023752.000000
2,306.0,616.36444,0.1137255,0.075,68023920.000000
2,309.0,606.8233,0.1137255,0.0875,68024080.000000
2,313.0,598.5,0.1137255,0.0875,68024240.000000
2,316.0,590.95917,0.1137255,0.0875,68024400.000000
2,318.0,583.69806,0.1137255,0.075,68024560.000000
2,320.0,578.8824,0.1137255,0.075,68024720.000000
2,321.0,575.87915,0.1137255,0.075,68024880.000000
2,322.11743,571.88257,0.1137255,0.0875,68025048.000000
2,322.0,565.5,0.1137255,0.1,68025208.000000
2,322.0,555.9964,0.1137255,0.0875,68025368.000000
2,324.0,538.0,0.1137255,0.075,68025528.000000
2,332.0,520.1438,0.1137255,0.075,68025688.000000
2,339.43454,485.82724,0.1137255,0.075,68025856.000000
2,348.0,443.9872,0.1137255,0.0875,68026008.000000
2,353.35437,395.29126,0.1137255,0.1,68026176.000000
1,378.5,351.5,0.054901965,0.0125,68026344.000000
0,278.0,734.0,0.08627451,0.0375,68030160.000000
2,286.92834,716.21497,0.08627451,0.075,68030320.000000
2,288.99155,708.0169,0.08627451,0.0625,68030488.000000
2,298.55576,677.33276,0.08627451,0.05,68030656.000000
2,312.1173,627.8827,0.13333334,0.075,68030808.000000
2,323.40546,600.59454,0.13333334,0.0875,68030968.000000
2,327.0,590.0482,0.13333334,0.0875,68031136.000000
2,330.0,581.74524,0.13333334,0.075,68031296.000000
2,336.88904,567.11096,0.13333334,0.075,68031456.000000
2,345.43433,544.13135,0.13333334,0.05,68031616.000000
2,354.01486,515.9703,0.13333334,0.075,68031776.000000
2,362.3236,494.3528,0.13333334,0.075,68031936.000000
2,376.88486,476.11514,0.13333334,0.075,68032104.000000
1,382.487,465.26947,0.06666667,0.0375,68032256.000000
0,349.0,741.0,0.09019608,0.05,68037128.000000
2,353.0,725.51685,0.09019608,0.05,68037296.000000
2,360.8062,696.2907,0.09019608,0.075,68037456.000000
2,372.47153,654.5854,0.09019608,0.075,68037616.000000
2,384.05493,624.89014,0.09019608,0.05,68037776.000000
2,390.39392,594.8183,0.09019608,0.05,68037936.000000
2,394.0,572.0577,0.09019608,0.075,68038096.000000
2,395.0,549.483,0.09019608,0.05,68038256.000000
2,396.0,532.1742,0.09019608,0.05,68038416.000000
2,399.3841,507.2318,0.09019608,0.0625,68038576.000000
2,401.0,492.28043,0.09019608,0.05,68038744.000000
2,403.0,458.78595,0.09019608,0.05,68038904.000000
1,432.0,369.0,0.09019608,0.0375,68039056.000000
0,379.0,694.0,0.098039225,0.05,68103440.000000
2,380.87457,654.7561,0.098039225,0.05,68103616.000000
2,391.04114,551.9177,0.098039225,0.05,68103800.000000
2,410.87753,467.6124,0.098039225,0.0375,68103952.000000
2,422.2107,421.36795,0.098039225,0.0375,68104112.000000
2,430.8019,384.39618,0.098039225,0.0375,68104288.000000
2,439.1549,363.8451,0.098039225,0.05,68104440.000000
2,446.80243,350.3951,0.098039225,0.0375,68104592.000000
2,454.44864,340.55136,0.098039225,0.05,68104752.000000
2,459.0,320.19086,0.098039225,0.0375,68104920.000000
2,459.0,302.16068,0.098039225,0.0375,68105072.000000
2,463.0,283.41736,0.098039225,0.025,68105240.000000
2,464.0,274.79764,0.098039225,0.025,68105400.000000
2,464.0,267.96875,0.098039225,0.0375,68105560.000000
2,465.0,260.75012,0.098039225,0.0375,68105720.000000
2,466.0,252.5,0.098039225,0.0375,68105888.000000
2,467.0,245.69652,0.098039225,0.0375,68106040.000000
1,468.0,240.69614,0.098039225,0.025,68106200.000000
0,365.0,740.0,0.13333334,0.0875,68156720.000000
2,374.81476,685.6484,0.13333334,0.075,68156848.000000
2,395.0,577.9195,0.13333334,0.0625,68157008.000000
1,427.6116,495.3884,0.078431375,0.05,68157168.000000
0,402.0,441.0,0.09411766,0.05,68166408.000000
2,393.8315,458.05978,0.09411766,0.0625,68166576.000000
2,388.0,480.95935,0.09411766,0.05,68166736.000000
2,390.0,518.2177,0.09411766,0.05,68166904.000000
2,391.0,526.09784,0.09411766,0.05,68167056.000000
2,392.0,523.9779,0.09411766,0.075,68167224.000000
2,393.9276,492.638,0.09411766,0.0625,68167392.000000
1,428.22592,373.9323,0.04705883,0.0125,68167544.000000
0,171.0,453.0,0.10980393,0.0625,68179304.000000
2,182.19133,438.7565,0.10980393,0.0625,68179480.000000
2,210.61206,321.3447,0.10980393,0.0625,68179616.000000
1,181.0789,234.61835,0.0627451,0.05,68179784.000000
0,181.0,718.0,0.10980393,0.0625,68186760.000000
2,188.03792,690.8104,0.10980393,0.075,68186912.000000
2,188.0,678.5574,0.10980393,0.075,68187072.000000
2,186.0,643.5,0.15686275,0.0875,68187232.000000
1,198.0,777.7959,0.039215688,0.0125,68187400.000000
0,120.0,749.0,0.098039225,0.05,68196920.000000
2,139.099,693.20465,0.098039225,0.05,68197088.000000
1,95.67472,474.29428,0.098039225,0.0375,68197248.000000
0,155.0,732.0,0.18823531,0.112500004,68290120.000000
2,158.0,703.2727,0.18823531,0.125,68290280.000000
2,164.5656,668.7814,0.18823531,0.125,68290448.000000
2,179.0,569.0078,0.18823531,0.125,68290608.000000
2,163.65227,473.56586,0.18823531,0.112500004,68290768.000000
1,131.5,315.5,0.08627451,0.0125,68290936.000000
0,92.0,670.0,0.10196079,0.0625,68295936.000000
2,91.0,656.737,0.14509805,0.075,68296096.000000
2,91.0,642.995,0.14509805,0.0625,68296256.000000
2,92.0,608.8784,0.14509805,0.075,68296416.000000
2,95.0,590.2829,0.14509805,0.075,68296584.000000
1,96.0,583.5,0.07058824,0.025,68296744.000000
0,156.0,601.0,0.16078432,0.0875,68325336.000000
2,170.79207,574.8294,0.16078432,0.075,68325496.000000
2,210.60973,436.5125,0.16078432,0.075,68325664.000000
1,147.0,283.5,0.043137256,0.0125,68325816.000000
0,33.0,782.0,0.027450982,0.025,68354984.000000
2,34.05076,762.0356,0.07450981,0.05,68355144.000000
2,39.0,698.1232,0.07450981,0.075,68355312.000000
2,36.0,642.66705,0.11764707,0.0625,68355504.000000
2,31.997194,608.9944,0.11764707,0.075,68355632.000000
2,30.0,595.92303,0.11764707,0.0625,68355792.000000
2,29.0,584.32245,0.11764707,0.0625,68355952.000000
1,27.0,576.9604,0.04705883,0.025,68356112.000000
0,401.0,404.0,0.10588236,0.05,26419684.000000
2,410.3588,331.7277,0.10588236,0.0625,26419844.000000
1,442.65024,238.04924,0.043137256,0.0125,26420010.000000
0,389.0,424.0,0.08627451,0.05,26516248.000000
2,392.16016,407.3594,0.08627451,0.0625,26516420.000000
2,392.6844,398.57813,0.08627451,0.075,26516576.000000
2,408.26297,346.4741,0.12941177,0.075,26516736.000000
2,418.58896,317.82205,0.12941177,0.075,26516896.000000
1,428.5,299.0,0.058823533,0.025,26517060.000000
0,406.0,409.0,0.07450981,0.0375,26517700.000000
2,406.0,396.95383,0.11764707,0.0625,26517868.000000
2,408.0,384.388,0.11764707,0.0625,26518030.000000
2,419.41217,344.17563,0.11764707,0.05,26518180.000000
1,440.0,270.5,0.054901965,0.0375,26518340.000000
0,450.0,380.0,0.0627451,0.0375,26813932.000000
2,444.99237,393.0198,0.10588236,0.05,26814248.000000
2,441.69803,399.30197,0.10588236,0.05,26814412.000000
2,439.87842,401.0,0.10588236,0.05,26814708.000000
2,439.0,392.8124,0.10588236,0.075,26814760.000000
2,439.0,389.01825,0.10588236,0.075,26814900.000000
2,438.0,377.70313,0.10588236,0.0625,26815068.000000
2,438.0,368.7975,0.10588236,0.05,26815220.000000
1,436.5,366.5,0.10588236,0.05,26815382.000000
0,310.0,359.0,0.13725491,0.05,26815782.000000
2,311.05743,346.31064,0.13725491,0.075,26815946.000000
2,321.5363,307.3911,0.13725491,0.0875,26816106.000000
1,345.5,261.0,0.078431375,0.05,26816268.000000
0,345.0,688.0,0.12941177,0.075,26818924.000000
2,343.0,668.4351,0.12941177,0.05,26819084.000000
2,343.0,642.57947,0.12941177,0.0625,26819250.000000
2,349.66736,613.33264,0.12941177,0.075,26819416.000000
1,350.0,608.8495,0.12941177,0.075,26819568.000000
0,389.0,756.0,0.078431375,0.05,26853708.000000
2,387.99072,743.88873,0.078431375,0.0625,26853874.000000
2,385.64832,680.59326,0.121568635,0.05,26854040.000000
2,384.57114,646.8577,0.121568635,0.0625,26854196.000000
2,390.89185,621.2163,0.121568635,0.05,26854360.000000
2,404.9843,558.0784,0.121568635,0.0625,26854524.000000
2,416.0,514.82904,0.121568635,0.0625,26854684.000000
2,419.0,498.31967,0.121568635,0.075,26854844.000000
2,420.07745,481.84512,0.121568635,0.075,26855008.000000
2,422.64944,465.05164,0.121568635,0.075,26855168.000000
1,428.5,448.5,0.078431375,0.0375,26855328.000000
0,326.0,402.0,0.15294118,0.075,26888234.000000
2,318.53433,594.94617,0.15294118,0.0625,26888398.000000
1,332.5,669.5,0.10980393,0.05,26888564.000000
0,384.0,229.0,0.13333334,0.05,26973104.000000
2,380.0,243.96095,0.13333334,0.075,26973264.000000
2,377.0,253.78888,0.13333334,0.0875,26973430.000000
2,373.0,284.5377,0.13333334,0.0625,26973588.000000
1,359.7733,441.14108,0.08627451,0.0125,26973748.000000
0,360.0,328.0,0.15686275,0.075,26991188.000000
2,356.9192,340.3232,0.15686275,0.05,26991364.000000
2,363.7306,413.92236,0.15686275,0.05,26991512.000000
2,370.0943,426.0,0.15686275,0.0625,26991672.000000
2,371.14883,426.14883,0.15686275,0.075,26991836.000000
2,382.21033,473.0517,0.15686275,0.05,26992004.000000
2,384.0,487.07025,0.15686275,0.05,26992164.000000
2,384.0,488.01547,0.050980397,0.0125,26992328.000000
1,384.0,488.01547,0.050980397,0.0125,26992488.000000
0,344.0,414.0,0.098039225,0.0625,27148364.000000
2,347.0723,402.7349,0.098039225,0.05,27148520.000000
2,352.38538,378.22928,0.098039225,0.0625,27148674.000000
2,356.0,364.27194,0.098039225,0.05,27148840.000000
2,359.0,354.70142,0.098039225,0.0625,27148986.000000
2,364.90308,344.09692,0.098039225,0.0625,27149140.000000
2,370.0,337.05283,0.098039225,0.0625,27149306.000000
2,375.80017,330.19983,0.098039225,0.0625,27149458.000000
2,379.0,324.69662,0.098039225,0.05,27149616.000000
2,382.3037,319.6963,0.098039225,0.05,27149786.000000
1,383.15103,317.84897,0.098039225,0.05,27149940.000000
0,368.0,385.0,0.09019608,0.05,27173980.000000
2,377.95273,363.0709,0.09019608,0.0625,27174154.000000
2,391.07144,319.71426,0.09019608,0.05,27174304.000000
2,410.46268,276.07468,0.13333334,0.0625,27174468.000000
1,422.0,259.5,0.07058824,0.025,27174628.000000
0,271.0,393.0,0.14117648,0.0625,27268448.000000
1,271.0,393.0,0.14117648,0.0625,27268612.000000
1,282.0,417.0,0.14117648,0.0625,27268768.000000
0,207.0,427.0,0.19607845,0.1,27272428.000000
1,207.0,427.0,0.19607845,0.1,27272592.000000
1,209.0,439.0,0.17254902,0.0875,27272752.000000
0,207.0,427.0,0.19607845,0.1,27272428.000000
1,207.0,427.0,0.19607845,0.1,27272592.000000
1,209.0,439.0,0.17254902,0.0875,27272752.000000
1,196.0,431.0,0.18431373,0.112500004,27272916.000000
0,177.0,401.0,0.16470589,0.0875,27274084.000000
1,177.0,401.0,0.16470589,0.0875,27274244.000000
1,172.0,406.0,0.16862746,0.0875,27274410.000000
0,273.0,373.0,0.1137255,0.075,27278658.000000
2,260.9608,374.00327,0.15686275,0.0625,27278844.000000
2,248.68596,365.68597,0.15686275,0.1,27278984.000000
2,238.0,344.55737,0.15686275,0.0875,27279154.000000
2,239.0,332.9616,0.15686275,0.0875,27279310.000000
2,244.30235,323.69763,0.15686275,0.1,27279472.000000
2,253.95251,310.0475,0.15686275,0.075,27279636.000000
2,261.30237,304.69763,0.15686275,0.075,27279792.000000
2,264.11646,303.0,0.15686275,0.0875,27279952.000000
2,266.07166,300.92834,0.15686275,0.0875,27280132.000000
2,271.0464,300.0,0.20000002,0.0875,27280300.000000
2,289.3027,298.0,0.20000002,0.0875,27280438.000000
2,293.0996,298.0,0.20000002,0.1,27280600.000000
2,294.0402,298.0,0.20000002,0.1,27280772.000000
2,290.78986,300.0,0.20000002,0.1,27280924.000000
2,279.69656,303.0,0.20000002,0.1,27281084.000000
2,275.0,303.0,0.20000002,0.1,27281246.000000
1,275.22592,301.77408,0.04705883,0.0125,27281408.000000
0,213.0,538.0,0.18039216,0.0875,27290960.000000
2,217.06145,526.83105,0.18039216,0.0875,27291572.000000
2,217.0,525.9416,0.18039216,0.0875,27291780.000000
2,216.97942,526.0,0.18039216,0.0875,27292220.000000
1,216.97942,526.0,0.18039216,0.0875,27292374.000000
0,367.0,402.0,0.11764707,0.05,27470948.000000
2,368.0431,386.35385,0.11764707,0.075,27471130.000000
2,385.57013,260.009,0.11764707,0.075,27471272.000000
1,391.19623,232.60757,0.11764707,0.05,27471438.000000
0,422.0,626.0,0.07450981,0.025,27483920.000000
2,407.73294,586.95447,0.07450981,0.05,27484100.000000
2,386.2849,520.2793,0.07450981,0.0625,27484256.000000
2,377.3804,458.5216,0.07450981,0.05,27484416.000000
1,367.5,312.0,0.07450981,0.025,27484572.000000
0,411.0,646.0,0.07450981,0.0375,27486680.000000
2,398.76627,632.74677,0.07450981,0.075,27486856.000000
2,329.5,513.0,0.07450981,0.0375,27487012.000000
1,331.0,455.5,0.07450981,0.025,27487164.000000
0,383.0,613.0,0.07058824,0.0375,27513372.000000
2,366.58768,556.763,0.07058824,0.05,27513524.000000
1,341.5,441.5,0.07058824,0.025,27513684.000000
0,397.0,654.0,0.08235294,0.05,27576088.000000
2,390.87592,627.50366,0.08235294,0.05,27576252.000000
2,388.14453,613.72266,0.08235294,0.0625,27576428.000000
2,384.0,543.2903,0.08235294,0.05,27576580.000000
2,387.0,512.0692,0.08235294,0.0625,27576732.000000
2,390.0,487.7223,0.08235294,0.05,27576896.000000
1,391.0,468.38028,0.08235294,0.025,27577056.000000
0,425.0,653.0,0.06666667,0.025,27583524.000000
2,423.96686,638.53595,0.06666667,0.025,27583678.000000
2,421.0,621.4651,0.06666667,0.025,27583836.000000
2,411.0,557.6355,0.06666667,0.05,27583996.000000
2,410.0,539.8734,0.10980393,0.05,27584164.000000
2,412.0,619.3191,0.10980393,0.05,27584326.000000
2,413.0,653.058,0.10980393,0.05,27584482.000000
2,412.0,657.151,0.10980393,0.05,27584644.000000
2,411.0,660.04016,0.10980393,0.05,27584972.000000
2,409.985,660.0,0.10980393,0.0625,27585478.000000
2,407.5,655.5,0.10980393,0.0625,27585622.000000
2,403.0,641.84326,0.10980393,0.0625,27585794.000000
2,397.0,627.3641,0.10980393,0.05,27585940.000000
2,393.7836,618.78357,0.10980393,0.05,27586110.000000
2,390.49393,591.48175,0.10980393,0.05,27586280.000000
2,387.0,533.7604,0.10980393,0.05,27586424.000000
2,389.0,476.05783,0.10980393,0.0625,27586586.000000
2,402.0,408.01135,0.10980393,0.05,27586756.000000
2,415.0,364.36984,0.10980393,0.05,27586912.000000
2,416.0,359.69733,0.10980393,0.0375,27587072.000000
2,418.0,354.77817,0.10980393,0.0625,27587230.000000
2,425.80948,336.38107,0.10980393,0.0625,27587388.000000
2,433.0,318.3342,0.10980393,0.05,27587552.000000
2,436.23477,309.76523,0.10980393,0.05,27587714.000000
2,437.0,306.84842,0.10980393,0.0625,27587876.000000
2,438.0,303.93384,0.10980393,0.0625,27588040.000000
2,439.0,301.9146,0.10980393,0.0625,27588200.000000
2,440.07568,300.92432,0.10980393,0.0625,27588358.000000
2,440.0,298.9243,0.10980393,0.075,27588530.000000
2,441.0,295.8974,0.10980393,0.075,27588692.000000
1,441.0,295.8974,0.10980393,0.075,27588858.000000
0,461.0,633.0,0.054901965,0.025,27590672.000000
2,442.0146,611.6117,0.054901965,0.05,27590814.000000
2,427.0,579.18134,0.098039225,0.0375,27590968.000000
2,424.0,540.1982,0.098039225,0.05,27591116.000000
2,427.0,496.5,0.098039225,0.05,27591280.000000
2,430.0,462.7626,0.098039225,0.05,27591440.000000
2,432.0,441.8086,0.098039225,0.075,27591600.000000
2,436.01514,400.9546,0.098039225,0.0625,27591772.000000
1,450.42023,320.05844,0.03529412,0.0125,27591922.000000
0,373.0,751.0,0.06666667,0.025,26401780.000000
2,369.02362,734.11816,0.10980393,0.0375,26401936.000000
2,361.71524,697.0066,0.10980393,0.0375,26402118.000000
2,357.0,644.49146,0.10980393,0.05,26402274.000000
2,357.0,610.692,0.10980393,0.05,26402428.000000
2,354.0,574.53033,0.10980393,0.0625,26402606.000000
2,349.0,536.6445,0.10980393,0.05,26402768.000000
2,349.0,507.02606,0.10980393,0.05,26402932.000000
2,350.56775,476.1612,0.10980393,0.05,26403084.000000
1,353.0,458.6379,0.10980393,0.05,26403236.000000
0,392.0,529.0,0.10588236,0.05,26403558.000000
2,377.8772,529.0,0.10588236,0.05,26403746.000000
2,363.74463,529.0,0.10588236,0.05,26403876.000000
2,350.51944,530.0,0.10588236,0.05,26404032.000000
2,342.7237,529.0,0.10588236,0.05,26404190.000000
2,333.84457,527.84454,0.10588236,0.05,26404348.000000
2,326.86093,528.0,0.14901961,0.05,26404500.000000
2,321.79834,527.0,0.14901961,0.05,26404664.000000
1,320.95264,527.0,0.14901961,0.05,26404816.000000
0,255.0,711.0,0.098039225,0.05,26408578.000000
2,253.99161,699.90765,0.098039225,0.0625,26408900.000000
2,254.0,693.5,0.098039225,0.05,26409060.000000
2,254.0,672.1599,0.098039225,0.05,26409240.000000
2,255.0,652.59454,0.098039225,0.0625,26409406.000000
2,258.0,630.74506,0.098039225,0.05,26409562.000000
2,261.0,617.4267,0.098039225,0.0625,26409724.000000
2,264.9017,598.1966,0.098039225,0.05,26409908.000000
2,267.0,583.1991,0.098039225,0.05,26410060.000000
2,269.11374,568.8862,0.098039225,0.05,26410290.000000
2,274.76718,541.46564,0.098039225,0.0375,26410376.000000
2,279.02505,523.8997,0.098039225,0.05,26410532.000000
2,287.0,497.76514,0.098039225,0.05,26410716.000000
2,296.4604,469.07925,0.098039225,0.05,26410876.000000
2,300.8444,454.1556,0.098039225,0.05,26411016.000000
2,305.0,443.8284,0.098039225,0.0625,26411180.000000
2,310.0,431.5441,0.14117648,0.0625,26411352.000000
2,317.33255,414.66745,0.14117648,0.05,26411500.000000
2,320.29587,407.70413,0.14117648,0.0375,26411668.000000
1,321.0,403.7974,0.14117648,0.025,26411820.000000
0,350.0,688.0,0.09019608,0.025,26440132.000000
2,346.79077,676.2328,0.09019608,0.0375,26440292.000000
2,343.0,655.89966,0.09019608,0.0375,26440458.000000
2,341.0,625.0551,0.09019608,0.0375,26440628.000000
2,342.0,591.0,0.09019608,0.05,26440780.000000
2,345.0,560.1029,0.09019608,0.05,26440944.000000
2,351.5,532.0,0.09019608,0.025,26441112.000000
2,356.0,502.8415,0.09019608,0.05,26441266.000000
2,359.0,493.5,0.09019608,0.0375,26441430.000000
2,362.0391,485.9609,0.09019608,0.0375,26441596.000000
2,365.0,474.32077,0.09019608,0.0375,26441756.000000
2,370.16895,462.83105,0.09019608,0.025,26441916.000000
2,374.0,453.79352,0.09019608,0.025,26442084.000000
2,376.81882,448.18118,0.09019608,0.0375,26442240.000000
2,378.15146,445.84854,0.09019608,0.0375,26442400.000000
2,379.0,441.99527,0.09019608,0.05,26442564.000000
2,381.0,438.92804,0.09019608,0.05,26442720.000000
2,383.2016,435.7984,0.09019608,0.05,26442884.000000
2,385.0,430.0,0.09019608,0.05,26443048.000000
2,387.0,423.84863,0.09019608,0.0375,26443208.000000
2,389.0,419.9467,0.09019608,0.0375,26443370.000000
2,390.0,416.914,0.09019608,0.0375,26443530.000000
1,391.03864,415.96136,0.09019608,0.0375,26443860.000000
0,54.0,308.0,0.14117648,0.0625,26466874.000000
2,81.016,319.008,0.14117648,0.05,26467012.000000
2,105.30294,330.0,0.14117648,0.05,26467166.000000
2,110.0,332.0,0.14117648,0.05,26467328.000000
2,116.28679,334.0,0.14117648,0.0625,26467488.000000
2,124.302605,335.0,0.14117648,0.0625,26467648.000000
2,129.15123,336.1512,0.14117648,0.0625,26467810.000000
1,130.09996,336.0,0.14117648,0.0625,26467976.000000
0,143.0,291.0,0.15686275,0.05,26468304.000000
2,132.0,301.57578,0.15686275,0.05,26468640.000000
2,130.5,302.0,0.15686275,0.05,26468788.000000
2,127.0,305.0,0.15686275,0.0625,26468948.000000
2,121.984726,308.0153,0.15686275,0.05,26469112.000000
2,120.932755,309.06723,0.15686275,0.05,26469272.000000
2,120.0,315.02405,0.15686275,0.0625,26469434.000000
1,119.0,322.0868,0.15686275,0.0625,26469596.000000
0,378.0,397.0,0.10196079,0.025,26604148.000000
2,380.79172,382.04144,0.10196079,0.05,26604318.000000
2,389.92615,327.3693,0.10196079,0.05,26604468.000000
2,409.51358,267.71603,0.10196079,0.05,26604632.000000
1,458.35547,178.57806,0.04705883,0.0125,26604800.000000
0,371.0,253.0,0.16470589,0.05,26605440.000000
2,368.45786,266.7107,0.16470589,0.05,26605606.000000
2,360.0,312.84174,0.16470589,0.0625,26605772.000000
2,362.22366,346.44733,0.16470589,0.05,26605926.000000
2,363.0,356.5,0.16470589,0.05,26606092.000000
2,365.05408,357.0,0.16470589,0.0375,26606252.000000
1,367.28378,355.71622,0.11764707,0.025,26606410.000000
0,367.0,398.0,0.07450981,0.025,26706790.000000
2,372.14505,384.62286,0.07450981,0.025,26706948.000000
2,376.63278,370.73444,0.07450981,0.025,26707114.000000
2,385.3093,349.0721,0.07450981,0.025,26707268.000000
2,393.0,328.0,0.07450981,0.05,26707430.000000
2,397.0,320.85324,0.07450981,0.0375,26707588.000000
2,401.15176,314.84824,0.07450981,0.025,26707754.000000
2,403.0,310.8247,0.07450981,0.0375,26707916.000000
2,406.05487,306.94513,0.07450981,0.025,26708076.000000
1,406.05487,306.94513,0.07450981,0.025,26708236.000000
0,267.0,395.0,0.09411766,0.0375,26736004.000000
2,274.20386,406.3203,0.09411766,0.0375,26736344.000000
2,281.09058,416.09058,0.09411766,0.0375,26736488.000000
2,284.0,423.3033,0.09411766,0.025,26736652.000000
2,286.0,429.0851,0.09411766,0.025,26736810.000000
2,283.0,436.52512,0.09411766,0.025,26736978.000000
2,281.0,440.0,0.09411766,0.05,26737148.000000
2,273.69717,440.69717,0.09411766,0.05,26737296.000000
2,267.69687,441.0,0.09411766,0.05,26737456.000000
2,260.99286,440.0,0.09411766,0.05,26737624.000000
2,256.79813,438.79813,0.09411766,0.0375,26737780.000000
2,254.91397,439.0,0.09411766,0.05,26737940.000000
1,254.91397,439.0,0.09411766,0.05,26738104.000000
0,325.0,439.0,0.08627451,0.025,26759048.000000
2,344.28348,389.79813,0.08627451,0.025,26759204.000000
2,413.26096,250.51068,0.08627451,0.025,26759368.000000
1,452.86942,188.78284,0.08627451,0.0125,26759534.000000
0,375.0,360.0,0.0627451,0.025,26763100.000000
2,373.94977,374.70322,0.0627451,0.025,26763250.000000
2,374.0,388.39807,0.0627451,0.0125,26763412.000000
2,377.12296,430.12296,0.0627451,0.025,26763560.000000
2,377.0,436.16705,0.0627451,0.025,26763716.000000
2,378.0,437.0,0.0627451,0.025,26763872.000000
2,376.0,416.11557,0.0627451,0.025,26764020.000000
2,373.41846,406.0,0.0627451,0.025,26764180.000000
2,368.9265,403.0,0.0627451,0.025,26764332.000000
1,366.0,403.0,0.0627451,0.025,26764528.000000
0,424.0,423.0,0.07058824,0.0125,26835636.000000
2,422.96814,411.6494,0.07058824,0.025,26835956.000000
2,423.0,398.6263,0.07058824,0.0375,26836120.000000
2,424.0,377.9922,0.07058824,0.025,26836292.000000
2,426.0,359.79562,0.07058824,0.0375,26836444.000000
2,431.9967,338.00662,0.07058824,0.0375,26836612.000000
2,438.0,324.09576,0.07058824,0.05,26836770.000000
1,441.5,318.5,0.07058824,0.0375,26836928.000000
0,413.0,405.0,0.06666667,0.025,26859508.000000
2,414.0,392.94696,0.06666667,0.025,26859998.000000
2,416.0,374.32205,0.06666667,0.025,26860140.000000
2,418.0,363.96234,0.06666667,0.025,26860308.000000
2,420.0,353.34122,0.06666667,0.025,26860464.000000
2,423.00272,337.99728,0.06666667,0.025,26860626.000000
2,425.0,324.5,0.06666667,0.025,26860792.000000
2,427.0,314.5,0.06666667,0.025,26860960.000000
2,429.0,302.0446,0.06666667,0.0375,26861116.000000
2,432.0,290.6944,0.06666667,0.0375,26861276.000000
1,434.0,283.82068,0.06666667,0.0375,26861436.000000
0,397.0,325.0,0.09019608,0.05,26913802.000000
2,390.9066,336.17126,0.09019608,0.025,26913968.000000
2,383.38235,352.2353,0.09019608,0.0375,26914124.000000
2,377.0,390.32758,0.09019608,0.025,26914284.000000
2,377.0,406.26938,0.09019608,0.0375,26914448.000000
1,377.0,413.18848,0.09019608,0.025,26914608.000000
0,408.0,409.0,0.078431375,0.025,26941194.000000
2,408.5865,394.0676,0.078431375,0.025,26941352.000000
2,409.82635,387.04196,0.078431375,0.025,26941512.000000
2,416.0,353.26028,0.078431375,0.025,26941676.000000
2,421.0,326.12558,0.078431375,0.025,26941844.000000
2,424.0,306.97546,0.078431375,0.025,26941996.000000
2,426.86584,295.13416,0.078431375,0.0375,26942160.000000
1,431.29858,283.70142,0.078431375,0.0125,26942308.000000
0,393.0,406.0,0.08235294,0.0375,27021008.000000
2,401.55762,324.60138,0.08235294,0.0375,27021174.000000
1,423.5,220.0,0.08235294,0.0125,27021328.000000
0,397.0,363.0,0.09019608,0.05,27024008.000000
2,395.976,350.71225,0.09019608,0.05,27024204.000000
2,401.99408,288.02963,0.09019608,0.0375,27024336.000000
2,413.0,243.97952,0.09019608,0.025,27024496.000000
1,419.21817,221.78181,0.09019608,0.025,27024660.000000
0,414.0,350.0,0.08627451,0.025,27105872.000000
2,425.457,290.629,0.08627451,0.0375,27106020.000000
2,447.23212,214.83934,0.08627451,0.025,27106170.000000
1,462.36285,172.91148,0.03529412,0.0125,27106336.000000
0,380.0,260.0,0.16470589,0.0875,27260896.000000
2,372.67917,275.6875,0.16470589,0.0875,27261072.000000
2,373.0,386.5473,0.121568635,0.0375,27261216.000000
1,384.5,438.0,0.0627451,0.0375,27261378.000000
0,388.0,284.0,0.15686275,0.075,27266596.000000
2,385.86578,315.61072,0.15686275,0.0625,27266780.000000
2,384.0,343.17566,0.15686275,0.075,27266916.000000
2,384.75928,359.75928,0.15686275,0.0625,27267078.000000
1,387.0,365.20084,0.10980393,0.05,27267240.000000
0,269.0,686.0,0.0627451,0.0125,37167660.000000
2,278.14444,666.56805,0.0627451,0.025,37167812.000000
2,294.41205,619.1759,0.0627451,0.025,37167972.000000
2,301.80984,587.3803,0.0627451,0.05,37168152.000000
2,316.44852,544.206,0.0627451,0.025,37168292.000000
2,335.75085,486.7474,0.0627451,0.025,37168484.000000
2,353.7953,409.4094,0.0627451,0.05,37168624.000000
2,364.18228,373.27084,0.0627451,0.025,37168776.000000
2,366.0,357.85907,0.0627451,0.025,37168936.000000
2,367.0,341.58984,0.0627451,0.0375,37169100.000000
2,371.0,320.13858,0.0627451,0.025,37169260.000000
1,374.0,312.5,0.0627451,0.0125,37169424.000000
0,409.0,400.0,0.06666667,0.025,37207288.000000
2,397.51263,381.02527,0.06666667,0.0625,37207440.000000
2,395.90997,376.7299,0.06666667,0.0625,37207600.000000
2,388.52188,357.0438,0.06666667,0.0625,37207764.000000
2,389.0,326.83243,0.06666667,0.05,37207928.000000
2,395.0,308.3751,0.06666667,0.075,37208080.000000
2,406.319,279.20248,0.06666667,0.0375,37208240.000000
1,458.06476,220.82014,0.06666667,0.0125,37208408.000000
0,137.0,353.0,0.08627451,0.05,37244088.000000
2,148.26514,356.0723,0.12941177,0.0875,37244412.000000
2,150.0,356.0,0.12941177,0.05,37244576.000000
1,153.30287,358.3029,0.06666667,0.025,37244732.000000
0,391.0,394.0,0.08627451,0.05,37382520.000000
2,389.95667,381.4799,0.08627451,0.05,37382684.000000
2,400.0,329.03387,0.08627451,0.05,37382848.000000
1,412.0,292.5,0.08627451,0.0125,37383008.000000
0,424.0,438.0,0.07450981,0.025,37386024.000000
2,426.65244,423.0427,0.07450981,0.0375,37386192.000000
2,430.0429,396.87128,0.07450981,0.0625,37386360.000000
2,437.6772,366.6456,0.07450981,0.05,37386512.000000
2,447.04535,347.90927,0.07450981,0.0625,37386672.000000
1,465.2242,317.32733,0.07450981,0.025,37386844.000000
0,408.0,253.0,0.08235294,0.05,37631984.000000
2,387.2675,260.25638,0.08235294,0.05,37632144.000000
2,352.1465,287.9397,0.08235294,0.075,37632304.000000
1,279.0,384.0,0.08235294,0.0125,37632476.000000
0,406.0,258.0,0.08235294,0.05,37638428.000000
2,386.37457,308.12708,0.08235294,0.0625,37638592.000000
2,383.0,358.0018,0.08235294,0.05,37638740.000000
1,394.52972,430.05948,0.08235294,0.05,37638908.000000
0,380.0,405.0,0.08627451,0.025,37640964.000000
2,383.19678,378.36008,0.08627451,0.05,37641132.000000
1,430.8181,202.85963,0.08627451,0.0125,37641288.000000
0,359.0,394.0,0.08627451,0.05,37643852.000000
2,368.57016,358.90945,0.08627451,0.025,37644020.000000
1,426.43735,193.8059,0.043137256,0.0125,37644188.000000
0,392.0,427.0,0.08235294,0.0375,37721696.000000
2,397.78503,408.48788,0.08235294,0.05,37721860.000000
1,463.5,272.0,0.03137255,0.0125,37722012.000000
0,417.0,227.0,0.07450981,0.025,37922496.000000
2,413.9233,238.28119,0.07450981,0.05,37922824.000000
1,434.0,374.0,0.07450981,0.025,37922976.000000
0,400.0,373.0,0.07058824,0.0375,37929384.000000
2,408.0016,435.61194,0.07058824,0.05,37929544.000000
1,418.5,475.0,0.07058824,0.0125,37929700.000000
0,422.0,407.0,0.07058824,0.025,38030788.000000
2,418.03427,350.58267,0.07058824,0.0375,38030948.000000
1,416.06003,255.75986,0.07058824,0.0375,38031128.000000
0,418.0,239.0,0.098039225,0.0375,38035688.000000
2,386.65802,277.68396,0.098039225,0.0625,38035856.000000
1,377.4882,408.95276,0.04705883,0.0125,38036012.000000
0,372.0,447.0,0.06666667,0.025,56696304.000000
2,93.0,468.0,0.10196079,0.0625,56696468.000000
2,93.0,468.0,0.10196079,0.0625,56696620.000000
2,93.0,468.0,0.10196079,0.0625,56696784.000000
2,93.0,468.0,0.10196079,0.0625,56696948.000000
1,93.0,468.0,0.10196079,0.0625,56697428.000000
0,234.0,438.0,0.121568635,0.0625,56702868.000000
2,299.60413,441.0,0.121568635,0.05,56703024.000000
1,410.0,434.0,0.07450981,0.0125,56703184.000000
0,357.0,405.0,0.1137255,0.05,56730440.000000
2,355.99323,417.08127,0.1137255,0.075,56730600.000000
2,352.52365,438.47635,0.1137255,0.0625,56730760.000000
1,352.0,445.12692,0.1137255,0.0625,56730920.000000
0,423.0,586.0,0.08235294,0.0375,63183764.000000
2,411.3838,588.0,0.1254902,0.075,63184080.000000
2,400.04697,587.0,0.1254902,0.075,63184240.000000
2,393.1808,586.0,0.1254902,0.075,63184396.000000
2,388.7972,585.0,0.1254902,0.0625,63184552.000000
2,383.85333,585.0,0.1254902,0.0875,63184720.000000
2,379.95303,584.95306,0.1254902,0.05,63184864.000000
1,380.0,585.0,0.07058824,0.0375,63185028.000000
0,348.0,738.0,0.07450981,0.05,29605632.000000
2,342.96255,726.91766,0.07450981,0.0625,29605960.000000
2,339.5,721.5,0.07450981,0.0625,29606118.000000
2,336.0,709.8637,0.07450981,0.0375,29606282.000000
2,333.0,698.4998,0.07450981,0.05,29606444.000000
2,330.0,687.8921,0.07450981,0.0625,29606600.000000
2,328.29184,680.2919,0.11764707,0.05,29606764.000000
2,327.0,674.6977,0.11764707,0.05,29606932.000000
2,326.0,668.9351,0.11764707,0.0375,29607084.000000
2,324.91843,665.9184,0.11764707,0.05,29607248.000000
2,325.0,663.92413,0.11764707,0.05,29607410.000000
2,324.0,661.9746,0.11764707,0.05,29607736.000000
2,324.0,660.9832,0.11764707,0.05,29608216.000000
2,324.0,659.9645,0.11764707,0.05,29608540.000000
2,324.0,657.93274,0.11764707,0.05,29608700.000000
2,324.0,656.89935,0.11764707,0.0625,29608868.000000
2,323.0,653.82556,0.11764707,0.0625,29609026.000000
2,322.0,649.79785,0.11764707,0.0625,29609176.000000
2,322.0,645.94073,0.11764707,0.0625,29609332.000000
2,321.0,641.8025,0.11764707,0.0625,29609484.000000
2,320.0,638.8485,0.11764707,0.0625,29609648.000000
2,319.0,636.0,0.11764707,0.075,29609804.000000
2,319.0,633.9,0.11764707,0.0625,29609960.000000
2,318.0,631.92487,0.11764707,0.0625,29610116.000000
2,318.0,629.89905,0.11764707,0.05,29610274.000000
2,317.0,627.9535,0.11764707,0.05,29610432.000000
2,317.0,626.9533,0.11764707,0.05,29610588.000000
2,315.98206,625.98206,0.11764707,0.05,29610736.000000
2,316.0,624.9622,0.11764707,0.05,29610904.000000
2,316.0,623.9596,0.11764707,0.05,29611204.000000
2,316.0,622.9784,0.11764707,0.05,29611516.000000
2,314.94968,621.94965,0.11764707,0.05,29611680.000000
2,315.0,620.9811,0.11764707,0.05,29612148.000000
2,315.0,619.9682,0.11764707,0.05,29612314.000000
2,315.0,618.97406,0.11764707,0.05,29612618.000000
2,315.0,617.9911,0.11764707,0.05,29612784.000000
2,314.34583,616.3458,0.11764707,0.05,29613108.000000
2,314.0,614.9845,0.11764707,0.05,29613592.000000
2,314.0,613.9568,0.11764707,0.05,29613924.000000
2,313.0,611.94977,0.11764707,0.0625,29614084.000000
2,313.0,610.9746,0.11764707,0.0625,29614242.000000
2,313.0,609.9249,0.11764707,0.0625,29614400.000000
2,313.0,608.87897,0.11764707,0.0625,29614562.000000
2,313.0,604.2432,0.11764707,0.075,29614720.000000
2,313.0,590.80286,0.11764707,0.05,29614888.000000
2,313.0,578.69696,0.11764707,0.05,29615064.000000
2,314.0,569.41254,0.11764707,0.0625,29615204.000000
2,314.0,562.6976,0.11764707,0.0625,29615372.000000
2,314.0,557.81213,0.11764707,0.075,29615528.000000
2,314.0,553.7978,0.11764707,0.075,29615692.000000
1,314.0,552.87897,0.11764707,0.075,29615852.000000
0,353.0,690.0,0.10588236,0.0625,29681438.000000
2,351.0,676.5199,0.10588236,0.05,29681600.000000
2,349.698,669.396,0.10588236,0.0625,29681766.000000
2,352.0,645.1288,0.14901961,0.0875,29681924.000000
2,352.0,627.7133,0.14901961,0.075,29682084.000000
2,354.0,612.2522,0.14901961,0.0875,29682250.000000
2,357.0,598.52563,0.14901961,0.0875,29682408.000000
2,359.0,590.5,0.14901961,0.075,29682570.000000
2,360.0,582.7641,0.14901961,0.075,29682728.000000
2,362.0,575.93353,0.14901961,0.075,29682896.000000
2,365.0,570.30695,0.14901961,0.0875,29683052.000000
2,367.0,564.915,0.14901961,0.0875,29683216.000000
2,369.0,560.80536,0.14901961,0.1,29683378.000000
2,370.0,557.84814,0.14901961,0.0875,29683536.000000
2,371.0,554.93317,0.14901961,0.0875,29683700.000000
2,372.06064,553.93933,0.14901961,0.0875,29683860.000000
2,372.0,552.9598,0.14901961,0.0875,29684022.000000
2,372.0,553.0,0.10588236,0.05,29684180.000000
1,370.9495,553.0,0.0627451,0.0125,29684368.000000
0,342.0,626.0,0.07058824,0.0375,29690774.000000
2,345.03696,611.88916,0.11764707,0.075,29691094.000000
2,350.86893,587.26215,0.11764707,0.05,29691260.000000
2,361.54453,561.91095,0.11764707,0.0875,29691428.000000
2,365.0,550.9279,0.11764707,0.075,29691580.000000
2,368.0,543.5365,0.11764707,0.075,29691740.000000
2,374.0357,534.9643,0.11764707,0.075,29691900.000000
2,379.39072,528.60925,0.11764707,0.075,29692060.000000
2,382.0,522.8703,0.11764707,0.075,29692224.000000
2,384.0,519.7981,0.11764707,0.075,29692384.000000
2,386.20148,516.7985,0.11764707,0.075,29692544.000000
2,388.2804,512.7196,0.11764707,0.075,29692708.000000
2,390.15088,507.84912,0.11764707,0.075,29692868.000000
2,391.0,504.8259,0.11764707,0.0625,29693032.000000
2,393.0,499.95816,0.11764707,0.075,29693200.000000
2,396.5,493.5,0.11764707,0.0625,29693352.000000
2,400.01932,489.98068,0.11764707,0.075,29693512.000000
2,404.0,485.0,0.11764707,0.0875,29693680.000000
2,410.26654,477.73346,0.11764707,0.1,29693840.000000
2,412.202,474.798,0.11764707,0.0875,29693996.000000
2,413.0,471.899,0.16078432,0.0875,29694158.000000
2,415.0,467.84897,0.16078432,0.0875,29694320.000000
2,417.0,464.9359,0.16078432,0.0875,29694480.000000
2,420.78244,458.21756,0.16078432,0.0875,29694652.000000
2,424.67813,450.32187,0.16078432,0.075,29694804.000000
1,432.5,428.0,0.0627451,0.0375,29694968.000000
0,393.0,396.0,0.07058824,0.05,29898934.000000
2,391.0,382.33395,0.1137255,0.075,29899420.000000
2,392.0,360.35193,0.1137255,0.075,29899578.000000
2,399.0,323.95737,0.1137255,0.0625,29899740.000000
1,390.0,488.5,0.058823533,0.025,29899900.000000
0,370.0,341.0,0.13725491,0.0625,29901514.000000
2,367.95367,354.30115,0.13725491,0.0625,29901688.000000
2,369.0,384.41208,0.13725491,0.05,29901846.000000
2,372.93027,432.65128,0.13725491,0.025,29902000.000000
1,378.32144,461.28574,0.08235294,0.025,29902162.000000
0,400.0,253.0,0.15686275,0.075,29904920.000000
2,393.5151,322.63596,0.1137255,0.075,29905068.000000
2,405.5,391.5,0.1137255,0.05,29905234.000000
1,414.5,444.5,0.07058824,0.025,29905400.000000
0,406.0,421.0,0.09411766,0.05,29906360.000000
2,413.22556,392.43613,0.09411766,0.0625,29906524.000000
2,433.43045,314.42386,0.09411766,0.0625,29906684.000000
1,452.0,257.0,0.09411766,0.025,29906846.000000
0,383.0,435.0,0.078431375,0.0375,29920244.000000
2,387.0037,420.98706,0.078431375,0.05,29920368.000000
2,388.27982,417.16058,0.078431375,0.05,29920528.000000
2,402.24722,385.88196,0.121568635,0.0625,29920692.000000
2,415.22723,356.5455,0.121568635,0.075,29920852.000000
2,419.0,346.79822,0.121568635,0.0625,29921018.000000
2,421.0,342.84845,0.121568635,0.0625,29921174.000000
2,423.30597,339.69403,0.121568635,0.05,29921338.000000
1,423.0,340.0,0.121568635,0.0625,29921496.000000
0,380.0,383.0,0.11764707,0.05,29969668.000000
2,385.07614,366.75635,0.11764707,0.05,29969832.000000
2,392.20203,339.39395,0.11764707,0.0625,29970000.000000
2,415.11072,272.83392,0.11764707,0.075,29970162.000000
2,422.41315,253.58685,0.11764707,0.075,29970312.000000
2,419.37402,253.81299,0.16470589,0.0625,29970480.000000
2,388.59177,353.63297,0.11764707,0.0625,29970636.000000
1,388.0,393.97702,0.07450981,0.05,29970796.000000
0,399.0,428.0,0.1137255,0.075,29997284.000000
2,395.9715,409.82895,0.1137255,0.05,29997440.000000
2,390.0,364.8286,0.1137255,0.0625,29997604.000000
2,402.88266,281.1956,0.1137255,0.0625,29997752.000000
1,423.08228,251.91772,0.1137255,0.0375,29997904.000000
0,347.0,300.0,0.16470589,0.075,30212952.000000
2,366.53772,385.1006,0.16470589,0.0625,30213084.000000
2,379.58716,422.76147,0.16470589,0.075,30213236.000000
1,386.5,433.5,0.16470589,0.0625,30213396.000000
0,385.0,393.0,0.07450981,0.0375,30256252.000000
2,393.08655,378.8485,0.07450981,0.05,30256416.000000
2,401.65906,364.34094,0.07450981,0.05,30256582.000000
2,410.0,354.0,0.07450981,0.0375,30256734.000000
2,418.0,338.32193,0.07450981,0.0375,30256900.000000
2,423.0,324.7205,0.07450981,0.05,30257052.000000
1,424.0,323.0,0.07450981,0.025,30257236.000000
0,75.0,431.0,0.11764707,0.0625,84128424.000000
2,76.00532,419.9415,0.11764707,0.0625,84128912.000000
2,74.20761,408.2076,0.11764707,0.05,84129072.000000
2,62.745094,362.98038,0.11764707,0.075,84129232.000000
1,33.0,294.0,0.06666667,0.0125,84129392.000000
0,179.0,657.0,0.08235294,0.05,84179192.000000
2,182.12906,641.35474,0.08235294,0.0625,84179336.000000
2,183.0,629.1044,0.08235294,0.05,84179504.000000
2,167.9969,547.6594,0.08235294,0.05,84179656.000000
2,148.0,502.5665,0.1254902,0.0625,84179816.000000
2,142.0,491.5,0.1254902,0.05,84179984.000000
2,139.15706,489.0,0.1254902,0.05,84180144.000000
2,139.0,487.92395,0.1254902,0.05,84180304.000000
2,140.1315,488.0,0.1254902,0.075,84180464.000000
2,148.77957,504.77957,0.1254902,0.075,84180624.000000
2,155.0,520.14453,0.1254902,0.0625,84180784.000000
2,160.08034,532.0803,0.1254902,0.0625,84180952.000000
1,161.06364,535.06366,0.1254902,0.0625,84181104.000000
0,106.0,657.0,0.07058824,0.025,84211120.000000
2,120.66813,635.33075,0.07058824,0.0375,84211280.000000
2,135.0,577.01733,0.07058824,0.05,84211456.000000
2,128.10217,514.61304,0.07058824,0.0625,84211608.000000
2,115.38107,477.76215,0.07058824,0.05,84211768.000000
2,95.0561,418.2805,0.07058824,0.05,84211952.000000
2,90.41393,400.41394,0.1137255,0.0625,84212096.000000
2,81.804634,376.4139,0.1137255,0.05,84212280.000000
2,76.0,361.14917,0.1137255,0.05,84212424.000000
2,68.78604,347.57208,0.1137255,0.05,84212592.000000
2,60.0,325.16034,0.1137255,0.0375,84212744.000000
2,55.0,302.81992,0.1137255,0.05,84212904.000000
1,50.0,277.5,0.07058824,0.0375,84213072.000000
0,70.0,774.0,0.03529412,0.0125,84259440.000000
2,96.781784,756.1167,0.03529412,0.025,84259584.000000
2,120.25177,686.4823,0.078431375,0.05,84259752.000000
2,121.065636,612.2625,0.078431375,0.0625,84259912.000000
1,110.95231,585.92847,0.078431375,0.0125,84260072.000000
0,110.0,716.0,0.07058824,0.025,84276240.000000
2,132.3303,664.33936,0.07058824,0.05,84276392.000000
1,113.86362,528.65906,0.07058824,0.0125,84276544.000000
0,52.0,634.0,0.0627451,0.025,84283000.000000
2,57.240543,615.1581,0.0627451,0.025,84283168.000000
2,62.0,569.27856,0.0627451,0.0375,84283328.000000
2,63.0,542.07654,0.0627451,0.025,84283488.000000
2,61.688683,532.68866,0.0627451,0.025,84283648.000000
2,60.0,508.1105,0.0627451,0.025,84283816.000000
2,58.0,493.5,0.0627451,0.05,84283968.000000
2,57.0,481.07883,0.0627451,0.05,84284136.000000
2,56.0,462.39352,0.0627451,0.0375,84284304.000000
2,56.0,450.71738,0.0627451,0.05,84284448.000000
2,57.0,437.33276,0.0627451,0.05,84284616.000000
2,56.0,425.7148,0.10588236,0.05,84284776.000000
2,56.0,418.6964,0.10588236,0.05,84284936.000000
2,56.0,413.9004,0.10588236,0.0375,84285104.000000
2,55.0,408.92627,0.10588236,0.0375,84285256.000000
1,50.5,399.0,0.0627451,0.0125,84285416.000000
0,146.0,660.0,0.10196079,0.05,84317872.000000
2,162.39157,684.1747,0.10196079,0.0625,84318032.000000
2,184.03021,740.15106,0.10196079,0.05,84318200.000000
2,192.67056,763.6706,0.10196079,0.05,84318352.000000
2,195.0,768.1459,0.10196079,0.0375,84318512.000000
2,198.08281,769.0,0.10196079,0.0375,84318672.000000
2,199.15454,770.0,0.10196079,0.0375,84318840.000000
1,199.15454,770.0,0.10196079,0.0375,84319000.000000
0,92.0,711.0,0.078431375,0.05,84322880.000000
2,115.0409,673.14496,0.078431375,0.0375,84323056.000000
2,129.14279,558.57117,0.078431375,0.0625,84323200.000000
1,112.00243,464.00974,0.078431375,0.025,84323360.000000
0,99.0,747.0,0.06666667,0.025,84336640.000000
2,126.53668,687.38995,0.06666667,0.05,84336808.000000
2,140.38329,622.23346,0.06666667,0.05,84336976.000000
2,139.0,608.6976,0.06666667,0.05,84337128.000000
2,139.0,603.8121,0.06666667,0.0625,84337304.000000
2,139.0,599.92114,0.06666667,0.0625,84337472.000000
2,139.0,595.71716,0.06666667,0.0625,84337608.000000
2,139.0,588.5,0.06666667,0.05,84337776.000000
2,139.0,582.7974,0.06666667,0.05,84337936.000000
2,138.0,579.96735,0.06666667,0.05,84338096.000000
2,136.84915,576.8491,0.06666667,0.05,84338264.000000
2,137.0,573.79816,0.06666667,0.05,84338416.000000
1,137.0,571.9297,0.06666667,0.0375,84338584.000000
0,220.0,771.0,0.04705883,0.025,84339400.000000
2,224.0,757.8191,0.04705883,0.05,84339720.000000
2,227.02103,748.979,0.09019608,0.05,84339888.000000
2,227.0,741.7051,0.09019608,0.0625,84340048.000000
2,227.0,735.6972,0.09019608,0.0625,84340200.000000
2,227.0,729.79877,0.09019608,0.0625,84340360.000000
2,227.0,726.06555,0.09019608,0.0625,84340528.000000
2,227.0,722.9143,0.09019608,0.0625,84340688.000000
2,227.0,719.85077,0.09019608,0.0625,84340856.000000
2,226.0,716.0,0.09019608,0.05,84341008.000000
2,226.0,711.69666,0.09019608,0.05,84341168.000000
2,224.0,705.58954,0.09019608,0.05,84341344.000000
2,218.01593,688.03186,0.09019608,0.075,84341504.000000
2,211.0,666.5,0.09019608,0.05,84341656.000000
2,189.06831,625.20496,0.09019608,0.05,84341824.000000
2,157.0,579.0,0.09019608,0.0375,84341984.000000
2,124.574936,528.3624,0.09019608,0.05,84342144.000000
2,105.5,492.0,0.09019608,0.05,84342304.000000
2,94.0,466.80875,0.09019608,0.05,84342472.000000
2,87.17668,454.0,0.09019608,0.05,84342624.000000
2,84.5,449.5,0.09019608,0.05,84342808.000000
2,80.0,438.56448,0.09019608,0.05,84342952.000000
1,77.69653,434.69653,0.09019608,0.0375,84343112.000000
0,443.0,647.0,0.06666667,0.0375,84405632.000000
2,440.90973,634.4584,0.10980393,0.05,84405792.000000
2,437.0,619.55884,0.10980393,0.0625,84405944.000000
2,418.83463,567.58655,0.10980393,0.05,84406112.000000
2,404.0,525.0679,0.10980393,0.075,84406272.000000
2,395.79517,482.1806,0.10980393,0.075,84406432.000000
2,394.0,436.5,0.10980393,0.075,84406600.000000
2,398.0,377.60876,0.10980393,0.0625,84406752.000000
1,408.5,330.0,0.0627451,0.025,84406912.000000
0,432.0,641.0,0.07450981,0.05,84410480.000000
2,430.99628,629.959,0.07450981,0.05,84410632.000000
2,417.76804,601.45874,0.11764707,0.0625,84410792.000000
2,397.60596,559.4239,0.11764707,0.075,84410968.000000
2,385.04395,520.13184,0.11764707,0.0625,84411120.000000
2,379.77045,499.5409,0.11764707,0.0875,84411280.000000
2,376.0,482.3807,0.11764707,0.075,84411440.000000
2,373.55817,469.55817,0.11764707,0.075,84411600.000000
1,373.0,463.0,0.050980397,0.0125,84411760.000000
0,380.0,637.0,0.10980393,0.05,84415000.000000
2,377.89917,619.14307,0.10980393,0.0625,84415200.000000
2,343.0768,478.5377,0.10980393,0.075,84415320.000000
2,343.0,419.17685,0.10980393,0.0625,84415472.000000
1,351.0,344.5,0.058823533,0.025,84415640.000000
0,390.0,625.0,0.06666667,0.05,84416608.000000
2,390.98752,609.9626,0.10980393,0.075,84416792.000000
2,390.0,600.028,0.10980393,0.075,84416928.000000
2,377.9124,566.73724,0.10980393,0.0625,84417096.000000
2,366.09573,530.2872,0.10980393,0.0625,84417256.000000
2,362.0,507.61252,0.10980393,0.0625,84417424.000000
2,359.0,479.53082,0.10980393,0.075,84417576.000000
2,359.0,455.85587,0.10980393,0.05,84417744.000000
2,358.7048,438.59042,0.10980393,0.075,84417896.000000
2,360.0,414.9787,0.10980393,0.05,84418056.000000
2,363.57825,387.84354,0.10980393,0.0625,84418224.000000
2,369.90884,355.36465,0.10980393,0.0625,84418376.000000
1,387.2245,285.32654,0.054901965,0.0375,84418544.000000
0,425.0,609.0,0.098039225,0.05,84456032.000000
2,422.07117,573.6762,0.098039225,0.075,84456208.000000
2,418.0,509.5262,0.14117648,0.075,84456368.000000
2,415.13885,410.24973,0.14117648,0.0625,84456512.000000
2,419.0,354.42416,0.14117648,0.0625,84456680.000000
1,420.5,267.0,0.04705883,0.0125,84456848.000000
0,424.0,462.0,0.0627451,0.025,84486816.000000
2,422.0,419.4393,0.0627451,0.0375,84486992.000000
2,423.60196,322.78635,0.0627451,0.0375,84487144.000000
1,432.0,233.5,0.0627451,0.025,84487304.000000
0,446.0,529.0,0.08627451,0.05,84497152.000000
2,439.10202,497.40802,0.08627451,0.05,84497312.000000
2,420.0,354.6368,0.13333334,0.0625,84497488.000000
2,418.0,294.96103,0.13333334,0.05,84497632.000000
2,419.0,275.97134,0.13333334,0.025,84497792.000000
2,419.0,270.79813,0.13333334,0.025,84497960.000000
2,419.0,266.8508,0.13333334,0.05,84498112.000000
2,419.0,264.0,0.13333334,0.05,84498280.000000
2,420.0265,260.9735,0.13333334,0.05,84498440.000000
2,420.0,259.9244,0.13333334,0.05,84498600.000000
2,420.0,257.8867,0.13333334,0.05,84498760.000000
2,420.0,256.98804,0.13333334,0.05,84498928.000000
2,421.0278,255.97218,0.13333334,0.05,84499080.000000
1,421.0278,255.97218,0.13333334,0.05,84499256.000000
0,400.0,468.0,0.07058824,0.0375,84596696.000000
2,401.0,452.79657,0.07058824,0.05,84596872.000000
2,401.0,437.26904,0.07058824,0.075,84597072.000000
2,402.0,418.07715,0.07058824,0.05,84597184.000000
2,403.0,411.69733,0.07058824,0.05,84597344.000000
2,403.0,406.95102,0.07058824,0.05,84597512.000000
2,403.0,403.8791,0.07058824,0.05,84597688.000000
2,405.4995,414.49753,0.1137255,0.05,84597840.000000
2,413.0,452.37833,0.1137255,0.05,84598000.000000
2,414.0,473.3893,0.1137255,0.0375,84598136.000000
2,414.0,479.30185,0.1137255,0.0375,84598304.000000
2,414.0,483.0,0.1137255,0.05,84598464.000000
2,415.0,488.19995,0.1137255,0.0625,84598624.000000
2,415.0,492.19733,0.1137255,0.05,84598784.000000
2,415.0,497.19656,0.1137255,0.05,84598952.000000
2,415.0,500.09985,0.1137255,0.0375,84599120.000000
1,415.0,501.1512,0.1137255,0.0375,84599280.000000
0,421.0,588.0,0.06666667,0.025,84653864.000000
2,418.99173,564.9048,0.121568635,0.075,84654024.000000
1,386.59268,365.90002,0.0627451,0.0375,84654184.000000
0,412.0,688.0,0.07450981,0.0375,84689304.000000
2,409.9828,675.89667,0.11764707,0.0625,84689616.000000
2,409.0,667.5337,0.11764707,0.0625,84689776.000000
2,406.0,648.2437,0.11764707,0.075,84689936.000000
2,405.0,638.9922,0.11764707,0.0625,84690096.000000
2,403.74182,630.7418,0.11764707,0.0625,84690256.000000
2,404.0,610.784,0.11764707,0.075,84690416.000000
2,404.0,590.229,0.11764707,0.0625,84690576.000000
2,406.0,560.30237,0.11764707,0.075,84690736.000000
2,408.0,539.57263,0.11764707,0.075,84690896.000000
2,413.0,517.31464,0.11764707,0.0625,84691064.000000
2,416.18716,500.6257,0.11764707,0.1,84691216.000000
2,419.0,475.20624,0.11764707,0.0625,84691384.000000
2,423.08505,462.91495,0.11764707,0.0625,84691552.000000
2,426.0,450.4156,0.11764707,0.075,84691704.000000
1,427.0,445.80402,0.054901965,0.025,84691864.000000
0,387.0,744.0,0.098039225,0.05,84702672.000000
2,389.0,732.06506,0.098039225,0.075,84702976.000000
2,389.0,720.10645,0.098039225,0.0625,84703168.000000
2,386.75464,695.5093,0.098039225,0.075,84703296.000000
2,388.0,678.35046,0.098039225,0.0625,84703480.000000
2,389.0,656.2539,0.098039225,0.075,84703624.000000
2,392.0,626.7934,0.098039225,0.0625,84703784.000000
2,400.67795,591.9662,0.14117648,0.0625,84703952.000000
2,405.0,568.5,0.14117648,0.0625,84704104.000000
2,407.0,560.8232,0.14117648,0.075,84704264.000000
1,408.0,558.0,0.14117648,0.05,84704424.000000
0,388.0,725.0,0.07058824,0.0375,84724232.000000
2,391.0,713.1677,0.1137255,0.05,84724544.000000
2,391.0,711.8862,0.1137255,0.05,84724712.000000
2,391.0,699.35895,0.1137255,0.075,84724864.000000
2,391.23682,687.7632,0.1137255,0.075,84725032.000000
2,391.0,679.9917,0.1137255,0.075,84725192.000000
2,392.0,671.98303,0.1137255,0.05,84725352.000000
2,392.0,666.82196,0.1137255,0.05,84725512.000000
2,392.0,661.935,0.1137255,0.05,84725672.000000
2,392.0,657.7688,0.1137255,0.0625,84725832.000000
2,391.0,653.8493,0.1137255,0.0625,84725992.000000
2,391.0,649.8795,0.1137255,0.0625,84726152.000000
2,392.0307,648.9693,0.1137255,0.0625,84726320.000000
2,392.0,646.9814,0.1137255,0.0625,84726480.000000
2,392.0,645.9649,0.1137255,0.075,84726640.000000
2,392.0,644.92444,0.1137255,0.075,84726808.000000
2,392.0,643.95715,0.1137255,0.075,84726968.000000
2,392.0,642.96063,0.1137255,0.075,84727128.000000
2,392.0,640.97687,0.1137255,0.075,84727456.000000
2,393.02072,639.97925,0.1137255,0.075,84727936.000000
2,393.0,638.9907,0.1137255,0.075,84728256.000000
2,393.0,637.98535,0.1137255,0.075,84728912.000000
2,393.0,634.9126,0.1137255,0.075,84729072.000000
2,394.0,631.8683,0.1137255,0.0625,84729224.000000
2,395.0,628.88104,0.1137255,0.0625,84729384.000000
2,396.0,627.0,0.1137255,0.05,84729544.000000
2,397.01602,624.984,0.1137255,0.0625,84729704.000000
2,397.0,623.91345,0.1137255,0.05,84729864.000000
2,397.0,622.9799,0.1137255,0.05,84730192.000000
2,398.00317,621.9968,0.1137255,0.05,84730512.000000
2,398.0,620.99054,0.1137255,0.05,84730688.000000
2,398.0,618.9762,0.1137255,0.05,84731160.000000
2,399.0,616.9973,0.1137255,0.05,84731488.000000
2,400.0463,615.95374,0.1137255,0.05,84731648.000000
2,400.0,614.97876,0.1137255,0.0625,84731808.000000
2,400.0,613.95,0.1137255,0.0625,84731968.000000
2,400.0,612.94006,0.1137255,0.0625,84732136.000000
2,400.0,610.96246,0.1137255,0.075,84732464.000000
2,401.0,608.9402,0.1137255,0.075,84732624.000000
2,401.0,607.94977,0.1137255,0.075,84732784.000000
2,401.0,606.93353,0.1137255,0.075,84732944.000000
2,401.0,605.93335,0.1137255,0.075,84733104.000000
2,401.0,604.94525,0.1137255,0.075,84733264.000000
2,401.0,602.95386,0.1137255,0.075,84733424.000000
2,402.0236,601.97644,0.1137255,0.075,84733600.000000
2,402.0,598.84955,0.1137255,0.075,84733752.000000
2,402.0,595.94324,0.1137255,0.075,84733912.000000
2,403.1485,592.8515,0.1137255,0.0625,84734072.000000
2,403.0,590.8562,0.1137255,0.0625,84734232.000000
2,404.0,586.6986,0.1137255,0.0625,84734392.000000
2,405.0,579.3739,0.1137255,0.075,84734552.000000
2,405.0,571.69965,0.1137255,0.0625,84734712.000000
2,406.0,566.8621,0.1137255,0.0625,84734872.000000
2,407.0,561.9842,0.1137255,0.0625,84735040.000000
2,408.0,558.84985,0.1137255,0.05,84735200.000000
2,408.0,556.9907,0.1137255,0.05,84735360.000000
2,409.0,554.849,0.1137255,0.05,84735520.000000
2,409.0,553.9666,0.1137255,0.0625,84735680.000000
2,410.03006,552.9699,0.1137255,0.0625,84735880.000000
2,411.0,548.9499,0.1137255,0.0625,84736000.000000
2,412.0,545.6975,0.1137255,0.075,84736168.000000
2,415.5,536.5,0.1137255,0.075,84736328.000000
2,416.87576,525.1242,0.1137255,0.075,84736488.000000
2,419.2058,517.7942,0.1137255,0.075,84736648.000000
2,420.09985,513.90015,0.1137255,0.0625,84736808.000000
2,420.0,511.89944,0.1137255,0.05,84736976.000000
1,421.14713,510.85287,0.1137255,0.05,84737136.000000
0,393.0,757.0,0.0627451,0.05,84763392.000000
2,393.0,744.6777,0.10588236,0.075,84763552.000000
2,393.0,740.42303,0.10588236,0.075,84763720.000000
2,392.0,724.6756,0.10588236,0.0625,84763888.000000
2,391.0,708.23114,0.10588236,0.0625,84764032.000000
2,390.0,690.8499,0.10588236,0.075,84764192.000000
2,389.0,675.3133,0.10588236,0.0625,84764360.000000
2,389.0,665.7658,0.10588236,0.0625,84764520.000000
2,389.0,659.79877,0.10588236,0.0625,84764672.000000
2,389.0,654.9154,0.10588236,0.0625,84764840.000000
2,389.64362,651.6436,0.10588236,0.075,84765000.000000
2,389.0,647.8032,0.10588236,0.075,84765160.000000
2,390.0,644.9652,0.14901961,0.075,84765320.000000
2,390.0,642.94965,0.14901961,0.075,84765488.000000
2,390.0,640.9499,0.14901961,0.075,84765640.000000
2,391.0,637.8493,0.14901961,0.075,84765808.000000
2,391.0,633.9821,0.14901961,0.075,84765968.000000
2,392.0,627.6988,0.14901961,0.0625,84766128.000000
2,393.0,620.81573,0.14901961,0.0625,84766288.000000
2,393.0,611.5533,0.14901961,0.075,84766448.000000
2,394.0,603.6981,0.14901961,0.075,84766608.000000
2,396.0,596.88116,0.14901961,0.075,84766768.000000
2,398.0,587.5,0.14901961,0.0625,84766936.000000
2,400.0,572.7459,0.14901961,0.075,84767088.000000
2,406.0,546.4027,0.14901961,0.0875,84767256.000000
2,414.0,515.73114,0.14901961,0.075,84767416.000000
2,420.65414,496.03754,0.14901961,0.075,84767576.000000
2,426.0,478.5,0.14901961,0.075,84767736.000000
2,431.0,466.52493,0.14901961,0.075,84767896.000000
2,434.0,457.98337,0.14901961,0.075,84768056.000000
2,435.0,453.79895,0.14901961,0.075,84768216.000000
2,437.0833,450.9167,0.14901961,0.0625,84768384.000000
2,437.0,448.79865,0.14901961,0.0625,84768544.000000
2,438.0,445.9992,0.14901961,0.0625,84768704.000000
2,438.0,443.0,0.14901961,0.0625,84768864.000000
1,439.0,440.93134,0.054901965,0.0125,84769024.000000
0,396.0,753.0,0.07450981,0.05,84769536.000000
2,398.12518,740.24884,0.11764707,0.075,84769848.000000
2,402.5969,686.8062,0.11764707,0.0625,84769904.000000
2,404.0,678.0032,0.11764707,0.0625,84770032.000000
2,406.66367,639.68164,0.11764707,0.0625,84770184.000000
2,410.0,604.93427,0.11764707,0.0625,84770344.000000
2,415.0,577.63293,0.11764707,0.0875,84770512.000000
2,418.5,560.5,0.11764707,0.0625,84770672.000000
2,419.0,552.97754,0.11764707,0.0625,84770832.000000
2,422.0,546.1482,0.11764707,0.0625,84770992.000000
2,423.0,541.5,0.11764707,0.0625,84771152.000000
2,424.0,534.7867,0.11764707,0.0625,84771320.000000
2,426.0,523.76526,0.11764707,0.0625,84771472.000000
2,427.0,518.7417,0.11764707,0.075,84771632.000000
2,428.0,512.9857,0.11764707,0.075,84771792.000000
2,429.0,508.90033,0.11764707,0.075,84771952.000000
2,430.0,504.79904,0.11764707,0.075,84772120.000000
2,431.0,500.9271,0.11764707,0.0625,84772280.000000
2,432.0,497.84872,0.11764707,0.0625,84772440.000000
2,432.0,495.0,0.11764707,0.075,84772608.000000
2,433.0,490.96994,0.11764707,0.0625,84772768.000000
2,433.0,487.84897,0.11764707,0.0625,84772920.000000
2,433.0,484.697,0.11764707,0.0625,84773080.000000
2,434.04617,482.95383,0.11764707,0.0625,84773280.000000
2,434.0,480.92993,0.11764707,0.0625,84773408.000000
2,434.0,479.9137,0.11764707,0.075,84773568.000000
2,434.0,477.91403,0.11764707,0.075,84773728.000000
2,434.0,475.91382,0.11764707,0.075,84773896.000000
2,435.0,473.98712,0.11764707,0.075,84774064.000000
2,435.0,471.79886,0.11764707,0.075,84774208.000000
2,436.0,465.89136,0.11764707,0.075,84774376.000000
2,440.0,451.27533,0.11764707,0.075,84774544.000000
2,446.28198,431.43604,0.11764707,0.0625,84774696.000000
1,452.0,421.93262,0.0627451,0.0125,84774856.000000
0,404.0,733.0,0.09411766,0.0625,84798592.000000
2,401.98535,721.9194,0.13725491,0.075,84799072.000000
2,402.0,718.9348,0.13725491,0.0625,84799304.000000
2,401.0,712.7977,0.13725491,0.0625,84799392.000000
2,400.0,709.6998,0.13725491,0.0625,84799552.000000
2,400.0,707.9144,0.13725491,0.0625,84799720.000000
2,400.0,703.9738,0.13725491,0.05,84799880.000000
1,400.0,703.9738,0.13725491,0.05,84800184.000000
0,331.0,761.0,0.10196079,0.05,84804728.000000
2,340.219,743.343,0.14509805,0.075,84804912.000000
2,350.88422,716.34735,0.14509805,0.0625,84805056.000000
2,356.15454,700.84546,0.14509805,0.075,84805208.000000
2,357.0,694.7925,0.14509805,0.075,84805376.000000
2,358.0,689.9928,0.14509805,0.075,84805536.000000
2,359.10062,687.8994,0.14509805,0.075,84805696.000000
2,359.0,685.9397,0.14509805,0.075,84805856.000000
2,359.0,684.92523,0.14509805,0.075,84806016.000000
2,359.0,682.9336,0.14509805,0.075,84806176.000000
2,359.0,681.96204,0.14509805,0.075,84806336.000000
2,359.0,679.9794,0.14509805,0.075,84806504.000000
2,360.07495,678.92505,0.14509805,0.075,84806664.000000
2,360.0,676.95764,0.14509805,0.075,84806824.000000
2,360.0,675.9251,0.14509805,0.075,84806984.000000
2,360.0,673.9335,0.14509805,0.075,84807144.000000
2,360.0,672.9455,0.14509805,0.0625,84807312.000000
2,360.0,670.96606,0.14509805,0.0625,84807472.000000
2,360.0,669.975,0.14509805,0.0625,84807792.000000
2,361.04614,668.95386,0.14509805,0.075,84807952.000000
2,361.0,667.9904,0.14509805,0.0625,84808120.000000
2,361.0,666.98804,0.14509805,0.075,84808440.000000
2,361.0,665.9887,0.14509805,0.075,84808600.000000
2,361.0,664.9745,0.14509805,0.075,84808768.000000
2,361.0,663.95404,0.14509805,0.075,84808928.000000
2,361.0,662.9626,0.14509805,0.075,84809256.000000
2,362.0,660.9626,0.14509805,0.075,84809568.000000
2,362.0,659.98,0.14509805,0.075,84809728.000000
2,362.0,658.96686,0.14509805,0.075,84810048.000000
2,362.0,657.9956,0.14509805,0.075,84810376.000000
2,362.0,656.9751,0.14509805,0.075,84810688.000000
2,362.0,655.9979,0.14509805,0.075,84811168.000000
2,362.0,654.4813,0.14509805,0.075,84811656.000000
2,363.0,651.986,0.14509805,0.075,84811816.000000
2,366.0,647.11176,0.14509805,0.075,84811976.000000
2,370.0,638.0,0.14509805,0.0875,84812144.000000
2,376.0,621.0802,0.14509805,0.075,84812296.000000
2,380.19125,610.8088,0.14509805,0.0625,84812456.000000
2,382.0,604.803,0.14509805,0.075,84812616.000000
2,383.0,599.7992,0.14509805,0.075,84812776.000000
2,385.0,592.8065,0.14509805,0.075,84812944.000000
2,388.5,585.5,0.14509805,0.0875,84813096.000000
2,389.0,579.79987,0.14509805,0.075,84813264.000000
2,389.0,575.9342,0.14509805,0.0625,84813432.000000
2,390.0,572.88074,0.14509805,0.0625,84813584.000000
2,390.0,570.9772,0.14509805,0.075,84813752.000000
2,391.0,567.69727,0.14509805,0.075,84813904.000000
2,393.20114,562.7988,0.14509805,0.075,84814064.000000
2,394.0,558.8031,0.14509805,0.075,84814224.000000
2,397.5,552.5,0.14509805,0.075,84814384.000000
2,399.5,548.5,0.14509805,0.075,84814552.000000
2,400.0,544.91156,0.14509805,0.0625,84814704.000000
2,402.0,540.9178,0.14509805,0.0625,84814872.000000
2,403.0,538.8518,0.14509805,0.075,84815032.000000
2,405.0,533.287,0.14509805,0.075,84815200.000000
2,407.0,522.7194,0.14509805,0.0625,84815352.000000
2,410.0,516.8021,0.14509805,0.0875,84815512.000000
2,412.0,511.97095,0.14509805,0.075,84815672.000000
2,414.14816,507.85184,0.14509805,0.075,84815840.000000
2,416.1208,502.8792,0.14509805,0.1,84815992.000000
1,418.0499,499.9501,0.09411766,0.025,84816144.000000
0,389.0,770.0,0.0627451,0.025,84849440.000000
2,392.0,757.8994,0.10588236,0.05,84849760.000000
2,393.0,745.1538,0.10588236,0.075,84849928.000000
2,395.0,720.01196,0.10588236,0.05,84850080.000000
2,397.03815,694.9237,0.10588236,0.075,84850240.000000
2,400.0,675.68616,0.10588236,0.0625,84850408.000000
2,403.0,652.3372,0.10588236,0.075,84850576.000000
2,407.0,635.90607,0.10588236,0.0625,84850728.000000
2,410.0,621.319,0.10588236,0.0625,84850896.000000
2,413.0,607.78436,0.10588236,0.05,84851048.000000
2,415.0,600.7484,0.10588236,0.0625,84851208.000000
2,417.0,594.93555,0.10588236,0.05,84851384.000000
1,419.0,589.6246,0.0627451,0.025,84851536.000000
0,373.0,670.0,0.08235294,0.025,84852176.000000
2,379.87454,657.1255,0.1254902,0.0625,84852352.000000
2,383.39456,646.60547,0.1254902,0.075,84852520.000000
2,388.0,631.07764,0.1254902,0.075,84852672.000000
2,392.2611,618.7389,0.1254902,0.075,84852824.000000
2,395.5,608.5,0.1254902,0.075,84852992.000000
2,398.0,599.951,0.1254902,0.075,84853152.000000
2,401.0,591.5,0.1254902,0.0625,84853320.000000
2,403.3017,586.6983,0.1254902,0.0625,84853472.000000
2,405.0,579.3344,0.1254902,0.075,84853632.000000
2,406.9316,572.06836,0.1254902,0.0625,84853792.000000
2,408.0,565.5,0.1254902,0.0625,84853952.000000
2,410.0,559.79944,0.1254902,0.05,84854120.000000
2,411.0,555.86945,0.1254902,0.05,84854272.000000
2,414.05548,551.9445,0.1254902,0.0625,84854432.000000
2,415.0,547.84875,0.1254902,0.0625,84854600.000000
2,417.0,543.52856,0.1254902,0.0625,84854760.000000
2,420.0,535.0106,0.1254902,0.0625,84854920.000000
2,423.0,525.73486,0.1254902,0.0625,84855080.000000
2,425.0,520.8515,0.1254902,0.0625,84855240.000000
2,427.0,515.97797,0.1254902,0.0625,84855408.000000
2,429.0,511.6985,0.1254902,0.075,84855560.000000
2,432.0,503.535,0.1254902,0.075,84855728.000000
1,452.0,448.0,0.06666667,0.025,84855888.000000
0,431.0,746.0,0.054901965,0.025,84883352.000000
2,431.0,732.64557,0.054901965,0.0375,84883672.000000
2,432.0,718.5,0.054901965,0.05,84883824.000000
2,432.0,711.9317,0.054901965,0.05,84883984.000000
2,431.0,700.3399,0.054901965,0.0375,84884152.000000
2,428.76184,676.76184,0.054901965,0.05,84884320.000000
2,427.0,663.1802,0.054901965,0.0375,84884472.000000
2,425.0,643.8902,0.054901965,0.05,84884640.000000
2,423.0,625.2601,0.054901965,0.025,84884808.000000
2,421.6701,613.6701,0.054901965,0.0375,84884960.000000
2,422.0,595.0,0.098039225,0.025,84885120.000000
2,422.0,578.5049,0.098039225,0.025,84885304.000000
2,422.0,561.38495,0.098039225,0.0375,84885448.000000
2,422.0,546.6237,0.098039225,0.025,84885600.000000
2,422.0,537.231,0.098039225,0.025,84885776.000000
2,422.0,530.69666,0.098039225,0.025,84885928.000000
2,422.0,525.5,0.098039225,0.05,84886088.000000
2,422.0,518.8656,0.098039225,0.05,84886256.000000
2,422.0,512.7062,0.098039225,0.05,84886408.000000
2,422.0,505.8186,0.098039225,0.0375,84886576.000000
2,421.0,499.84882,0.098039225,0.025,84886736.000000
2,421.0,494.8711,0.098039225,0.025,84886896.000000
2,421.0,490.84866,0.098039225,0.025,84887056.000000
2,421.0,487.88797,0.098039225,0.025,84887216.000000
2,421.0,484.85013,0.098039225,0.025,84887376.000000
2,420.0,481.8997,0.098039225,0.0375,84887536.000000
2,420.0,479.8493,0.098039225,0.0375,84887696.000000
2,420.0,476.94525,0.098039225,0.05,84887864.000000
2,420.0,474.98514,0.098039225,0.0375,84888024.000000
2,420.0,472.9142,0.098039225,0.0375,84888184.000000
2,420.0,471.9328,0.098039225,0.0375,84888344.000000
2,420.0,469.99304,0.098039225,0.0375,84888504.000000
2,420.0,468.9805,0.098039225,0.0375,84888672.000000
2,419.0,466.95987,0.098039225,0.0375,84888832.000000
2,419.0,465.95663,0.098039225,0.0375,84888992.000000
2,419.0,463.91437,0.098039225,0.0375,84889152.000000
2,419.0,461.9493,0.098039225,0.0375,84889328.000000
2,419.0,458.97037,0.098039225,0.0375,84889480.000000
2,419.0,455.7002,0.098039225,0.025,84889632.000000
2,420.0,452.814,0.098039225,0.025,84889800.000000
2,423.0,440.24997,0.098039225,0.05,84889960.000000
2,428.0,414.2666,0.098039225,0.05,84890120.000000
2,435.83408,368.66373,0.098039225,0.05,84890288.000000
2,441.0,337.11963,0.098039225,0.0625,84890448.000000
2,443.0,324.69827,0.098039225,0.05,84890608.000000
2,444.0,319.79697,0.098039225,0.05,84890784.000000
2,445.15033,317.84967,0.098039225,0.05,84890928.000000
2,445.0,315.9131,0.098039225,0.05,84891088.000000
2,445.0,314.9396,0.098039225,0.05,84891256.000000
2,445.0,312.99054,0.098039225,0.05,84892056.000000
2,446.0303,311.9697,0.098039225,0.05,84892384.000000
2,446.0,310.99298,0.098039225,0.05,84893080.000000
2,448.05493,307.94507,0.098039225,0.05,84893192.000000
2,448.0,308.0,0.098039225,0.0625,84893352.000000
1,449.02164,306.97836,0.098039225,0.0625,84893512.000000
0,423.0,227.0,0.078431375,0.025,85135328.000000
2,416.8524,249.54124,0.078431375,0.0375,85135464.000000
2,400.849,307.8367,0.078431375,0.05,85135632.000000
1,399.5,425.0,0.078431375,0.025,85135784.000000
0,414.0,398.0,0.06666667,0.025,85138208.000000
2,417.02417,386.91138,0.06666667,0.0375,85138704.000000
2,418.0,375.768,0.06666667,0.025,85138856.000000
1,365.62393,500.1282,0.06666667,0.0125,85139024.000000
0,408.0,422.0,0.078431375,0.05,85139824.000000
2,413.5,346.5,0.078431375,0.05,85139992.000000
1,419.5,232.5,0.078431375,0.025,85140152.000000
0,299.0,369.0,0.098039225,0.05,85142248.000000
2,319.5677,337.86462,0.098039225,0.0625,85142416.000000
2,346.54022,272.45978,0.098039225,0.05,85142576.000000
1,348.0,266.97922,0.098039225,0.05,85142736.000000
0,355.0,336.0,0.09411766,0.075,85148432.000000
2,338.5407,391.94467,0.09411766,0.0625,85148592.000000
1,337.51544,486.0618,0.050980397,0.025,85148752.000000
0,385.0,222.0,0.10588236,0.05,85151048.000000
2,360.23325,324.36725,0.10588236,0.075,85151208.000000
2,349.65622,393.37506,0.10588236,0.05,85151368.000000
2,351.0,432.0,0.10588236,0.05,85151528.000000
2,351.0,436.0846,0.10588236,0.05,85151696.000000
2,352.02515,439.0,0.10588236,0.05,85152032.000000
2,353.08652,437.91348,0.10588236,0.0625,85152176.000000
2,354.0669,436.9331,0.10588236,0.0625,85152336.000000
2,356.82764,432.17236,0.10588236,0.0625,85152504.000000
2,362.87622,418.99808,0.10588236,0.05,85152664.000000
1,381.0,370.5,0.058823533,0.025,85152824.000000
0,443.0,432.0,0.058823533,0.025,85311744.000000
2,450.04523,397.77386,0.058823533,0.05,85311936.000000
2,452.0,334.09378,0.058823533,0.05,85312072.000000
2,456.3143,285.42853,0.058823533,0.0375,85312232.000000
1,462.0,244.77203,0.058823533,0.025,85312392.000000
0,431.0,247.0,0.10196079,0.0625,85319840.000000
2,422.277,285.53046,0.10196079,0.05,85319992.000000
2,409.273,338.3619,0.10196079,0.0625,85320160.000000
2,408.0,380.60236,0.10196079,0.0625,85320320.000000
1,428.11722,437.2344,0.058823533,0.0375,85320488.000000
0,377.0,393.0,0.10196079,0.05,85322432.000000
2,383.45642,371.6307,0.10196079,0.0625,85322592.000000
2,395.79156,335.8337,0.10196079,0.05,85322752.000000
1,400.0,320.5,0.10196079,0.05,85322912.000000
0,391.0,312.0,0.0627451,0.05,85329952.000000
2,401.44812,293.32782,0.0627451,0.0625,85330296.000000
2,404.0,272.9845,0.10588236,0.0625,85330440.000000
2,405.0,241.2012,0.10588236,0.05,85330600.000000
2,408.0,226.96233,0.10588236,0.0625,85330752.000000
2,409.63977,215.36023,0.10588236,0.05,85330928.000000
1,411.0,208.55257,0.04705883,0.0125,85331088.000000
0,405.0,398.0,0.07058824,0.0375,85339504.000000
2,410.1247,364.75058,0.07058824,0.025,85339664.000000
1,431.46613,242.6693,0.07058824,0.0125,85339832.000000
0,409.0,426.0,0.10588236,0.05,85472856.000000
2,431.403,367.19397,0.10588236,0.05,85472984.000000
1,457.13306,309.73386,0.039215688,0.0125,85473152.000000
0,323.0,426.0,0.050980397,0.0125,85542664.000000
2,330.95697,414.04303,0.050980397,0.0375,85542992.000000
2,333.0,410.964,0.098039225,0.05,85543144.000000
2,341.1833,406.0,0.098039225,0.05,85543312.000000
2,342.20184,404.79816,0.098039225,0.05,85543472.000000
2,345.83154,402.0,0.098039225,0.05,85543648.000000
2,353.0,396.0,0.098039225,0.075,85543800.000000
2,362.7226,385.5548,0.098039225,0.0625,85543968.000000
2,379.1666,373.91672,0.098039225,0.075,85544120.000000
1,410.1335,356.8665,0.054901965,0.025,85544280.000000
0,383.0,304.0,0.16470589,0.1,85739392.000000
2,384.11783,343.1237,0.16470589,0.1,85739560.000000
1,383.90747,474.2687,0.050980397,0.0125,85739728.000000
0,347.0,376.0,0.14509805,0.075,85741664.000000
2,362.88052,324.3943,0.14509805,0.075,85741824.000000
1,396.5,232.5,0.058823533,0.0125,85742000.000000
0,381.0,713.0,0.09019608,0.05,85757744.000000
2,362.14075,632.7062,0.09019608,0.0625,85757904.000000
1,390.0,384.5,0.054901965,0.0125,85758072.000000
0,412.0,711.0,0.08235294,0.0375,85758552.000000
2,404.4025,692.54895,0.08235294,0.0625,85758712.000000
1,421.40674,409.64417,0.1254902,0.0375,85758880.000000
0,424.0,358.0,0.1254902,0.05,85766072.000000
2,409.93964,378.82547,0.1254902,0.075,85766232.000000
2,398.15213,404.69574,0.1254902,0.075,85766400.000000
2,393.0,419.14917,0.1254902,0.075,85766552.000000
2,389.5716,430.4284,0.1254902,0.0625,85766712.000000
2,386.88113,436.11887,0.1254902,0.0625,85766880.000000
2,386.0,440.11957,0.1254902,0.05,85767040.000000
2,384.91364,442.08636,0.1254902,0.0625,85767200.000000
2,385.0,443.0501,0.1254902,0.0625,85767360.000000
2,385.0,441.97394,0.1254902,0.0625,85767680.000000
2,386.0286,438.9714,0.1254902,0.0625,85767848.000000
1,387.0,437.0,0.054901965,0.0125,85768008.000000
0,408.0,369.0,0.12941177,0.0625,85804216.000000
2,411.31998,346.86682,0.12941177,0.075,85804376.000000
1,434.5,270.5,0.04705883,0.025,85804544.000000
0,395.0,396.0,0.1254902,0.05,85809568.000000
2,397.30392,370.6568,0.1254902,0.05,85809728.000000
1,462.7084,238.2916,0.050980397,0.025,85809888.000000
0,408.0,291.0,0.18039216,0.0875,85843936.000000
2,391.16595,374.33624,0.18039216,0.075,85844088.000000
2,379.0,460.46558,0.13725491,0.075,85844256.000000
2,379.05002,481.94998,0.13725491,0.0625,85844416.000000
2,381.53714,468.16232,0.13725491,0.0625,85844576.000000
1,462.0,271.0,0.08627451,0.025,85844752.000000
0,6.0,658.0,0.043137256,0.025,85960416.000000
2,27.868793,637.1312,0.08627451,0.0625,85960600.000000
2,35.0194,617.5955,0.08627451,0.0625,85960736.000000
1,21.0,496.5,0.08627451,0.025,85960888.000000
0,30.0,592.0,0.08627451,0.0625,85974240.000000
2,40.0,578.63855,0.08627451,0.05,85974424.000000
2,42.0,563.99457,0.08627451,0.075,85974584.000000
2,44.0,552.4087,0.08627451,0.0625,85974736.000000
2,45.0,541.82184,0.08627451,0.05,85974888.000000
2,46.0,528.51843,0.13333334,0.075,85975056.000000
2,45.851345,499.55405,0.13333334,0.05,85975224.000000
2,46.0,467.058,0.13333334,0.0625,85975368.000000
2,41.92796,423.49573,0.13333334,0.05,85975536.000000
1,35.830627,375.3225,0.039215688,0.0125,85975688.000000
0,34.0,619.0,0.08627451,0.05,85976152.000000
2,52.0,574.0029,0.08627451,0.05,85976312.000000
1,53.45569,421.68668,0.050980397,0.0125,85976464.000000
0,81.0,777.0,0.043137256,0.025,85985968.000000
2,93.59133,755.4087,0.043137256,0.05,85986136.000000
2,101.71012,667.1012,0.09411766,0.05,85986296.000000
1,54.15298,496.5942,0.04705883,0.0125,85986448.000000
0,90.0,746.0,0.07450981,0.05,86004328.000000
2,109.6614,698.6772,0.07450981,0.05,86004488.000000
2,115.0,641.1055,0.07450981,0.05,86004664.000000
2,110.66876,611.3375,0.11764707,0.0625,86004816.000000
2,101.13477,587.20215,0.11764707,0.05,86004968.000000
1,48.0,469.0,0.07058824,0.0375,86005144.000000
