0,336.45898,466.50467,336.45898,247.50467,0.21960786,0.23333335,1423561673,47760949951585
2,336.45898,453.17596,336.45898,234.17596,0.20784315,0.23333335,1423561674,47761696113650
1,336.45898,453.17596,336.45898,234.17596,0.20784315,0.23333335,1423561674,47761698311116
0,351.1166,568.46924,351.1166,349.46924,0.20784315,0.23333335,1423561678,47765941375367
1,351.1166,568.46924,351.1166,349.46924,0.20784315,0.23333335,1423561679,47766819782198
0,345.1203,384.53314,345.1203,165.53314,0.21176472,0.23333335,1423561683,47770969942430
1,345.1203,384.53314,345.1203,165.53314,0.21176472,0.23333335,1423561684,47772056467684
0,348.45157,385.866,348.45157,166.866,0.21176472,0.23333335,1423561684,47772112716730
1,348.45157,385.866,348.45157,166.866,0.21176472,0.23333335,1423561684,47772120926710
0,352.44913,363.87366,352.44913,144.87366,0.17254902,0.23333335,1423561688,47776186545511
1,352.44913,363.87366,352.44913,144.87366,0.17254902,0.23333335,1423561689,47777034493015
0,354.44788,569.1357,354.44788,350.13568,0.21176472,0.23333335,1423561693,47781290558939
1,354.44788,569.1357,354.44788,350.13568,0.21176472,0.23333335,1423561694,47782145098844
0,497.69278,325.2204,497.69278,106.2204,0.21568629,0.23333335,1423561698,47786595610060
1,497.69278,325.2204,497.69278,106.2204,0.21568629,0.23333335,1423561698,47786599577709
0,499.0253,327.2197,499.0253,108.219696,0.22352943,0.23333335,1423561698,47786614258008
1,499.0253,327.2197,499.0253,108.219696,0.22352943,0.23333335,1423561699,47787059702841
0,501.69034,307.22665,501.69034,88.226654,0.21568629,0.23333335,1423561699,47787150653551
1,501.69034,307.22665,501.69034,88.226654,0.21568629,0.23333335,1423561699,47787182242137
0,222.52931,343.21414,222.52931,124.21414,0.21960786,0.26666668,1423561703,47791653324085
1,222.52931,343.21414,222.52931,124.21414,0.21960786,0.26666668,1423561704,47792203911601
0,330.46268,426.51855,330.46268,207.51855,0.20392159,0.23333335,1423561708,47796312075800
1,330.46268,426.51855,330.46268,207.51855,0.20392159,0.23333335,1423561709,47797068187503
0,350.45035,367.87225,350.45035,148.87225,0.16078432,0.23333335,1423561713,47801143939069
2,350.45035,373.89307,350.45035,154.89307,0.29411766,0.23333335,1423561714,47802047464173
2,350.45035,377.3292,350.45035,158.3292,0.2901961,0.23333335,1423561714,47802063884133
2,350.45035,379.92914,350.45035,160.92914,0.2901961,0.23333335,1423561714,47802080395654
2,350.45035,381.52505,350.45035,162.52505,0.29411766,0.23333335,1423561714,47802096785094
2,350.45035,382.809,350.45035,163.80899,0.28627452,0.23333335,1423561714,47802113662859
2,350.45035,384.1045,350.45035,165.10449,0.28627452,0.23333335,1423561714,47802130143860
2,350.45035,385.51422,350.45035,166.51422,0.28627452,0.23333335,1423561714,47802148211921
2,350.45035,386.19922,350.45035,167.19922,0.29411766,0.23333335,1423561714,47802162739618
2,350.45035,386.5701,350.45035,167.5701,0.2901961,0.23333335,1423561714,47802179037496
2,350.45035,387.2774,350.45035,168.2774,0.2901961,0.26666668,1423561714,47802264464017
2,350.45035,387.92767,350.45035,168.92767,0.29411766,0.26666668,1423561714,47802314212226
2,350.45035,388.54712,350.45035,169.54712,0.29411766,0.26666668,1423561715,47802666692007
2,350.45035,389.264,350.45035,170.264,0.2901961,0.26666668,1423561715,47802725779447
2,350.45035,390.11023,350.45035,171.11023,0.29411766,0.23333335,1423561715,47802742687733
2,350.45035,390.8643,350.45035,171.86429,0.2901961,0.23333335,1423561715,47802759443418
2,350.45035,392.03937,350.45035,173.03937,0.2901961,0.23333335,1423561715,47802775375052
2,350.45035,394.52966,350.45035,175.52966,0.2509804,0.23333335,1423561715,47802831654618
2,350.45035,395.13287,350.45035,176.13287,0.25490198,0.23333335,1423561715,47802841634779
2,350.45035,396.46518,350.45035,177.46518,0.24705884,0.23333335,1423561715,47802857993699
2,350.45035,397.8147,350.45035,178.8147,0.25490198,0.23333335,1423561715,47802874871464
2,350.45035,399.13782,350.45035,180.13782,0.2509804,0.23333335,1423561715,47802891596628
2,350.45035,400.38712,350.45035,181.38712,0.25490198,0.23333335,1423561715,47802907558784
2,350.45035,401.66028,350.45035,182.66028,0.25882354,0.23333335,1423561715,47802924009264
2,350.45035,402.9645,350.45035,183.96451,0.25882354,0.23333335,1423561715,47802940551306
2,350.45035,403.52655,350.45035,184.52655,0.25882354,0.23333335,1423561715,47802960114864
2,350.45035,404.06842,350.45035,185.06842,0.26666668,0.23333335,1423561715,47802977480956
2,350.45035,404.83957,350.45035,185.83957,0.2627451,0.23333335,1423561715,47802989963789
2,350.45035,406.12704,350.45035,187.12704,0.2627451,0.23333335,1423561715,47803006292188
2,350.45035,406.63962,350.45035,187.63962,0.2627451,0.23333335,1423561715,47803023810881
2,350.45035,407.52515,350.45035,188.52515,0.27058825,0.23333335,1423561715,47803039315230
2,350.45035,408.0529,350.45035,189.05289,0.26666668,0.23333335,1423561715,47803072490876
2,350.45035,408.7502,350.45035,189.75021,0.27450982,0.23333335,1423561715,47803089154999
2,350.45035,409.19775,350.45035,190.19775,0.27058825,0.23333335,1423561715,47803105178194
2,350.45035,409.94165,350.45035,190.94165,0.27058825,0.23333335,1423561715,47803124100825
2,349.11783,411.7424,349.11783,192.7424,0.2784314,0.23333335,1423561715,47803154499116
2,349.11783,413.078,349.11783,194.078,0.2784314,0.23333335,1423561715,47803171590525
2,349.11783,414.1895,349.11783,195.18951,0.2784314,0.23333335,1423561715,47803187430598
2,349.11783,414.92963,349.11783,195.92963,0.28235295,0.23333335,1423561715,47803203850559
2,349.11783,416.1888,349.11783,197.18881,0.28235295,0.23333335,1423561715,47803220362080
2,349.11783,416.84494,349.11783,197.84494,0.2784314,0.23333335,1423561715,47803236690479
2,349.11783,417.5217,349.11783,198.5217,0.28235295,0.23333335,1423561715,47803254087091
2,349.11783,418.74957,349.11783,199.74957,0.2784314,0.23333335,1423561715,47803269805082
2,349.11783,419.521,349.11783,200.521,0.2784314,0.23333335,1423561715,47803286438686
2,348.3893,419.8542,348.3893,200.85419,0.2784314,0.23333335,1423561715,47803304537268
2,348.45157,420.85385,348.45157,201.85385,0.2784314,0.23333335,1423561715,47803319339648
2,348.45157,421.94266,348.45157,202.94266,0.2784314,0.23333335,1423561715,47803336370016
2,348.45157,422.85318,348.45157,203.85318,0.2784314,0.23333335,1423561715,47803352210089
2,347.78534,423.7929,347.78534,204.79291,0.27058825,0.23333335,1423561715,47803384988968
2,347.78534,424.578,347.78534,205.578,0.27058825,0.23333335,1423561715,47803404277843
2,347.78534,426.32312,347.78534,207.32312,0.2784314,0.23333335,1423561715,47803434279369
2,347.24258,427.06146,347.24258,208.06146,0.2784314,0.23333335,1423561715,47803450699331
2,347.11908,428.18466,347.11908,209.18466,0.2784314,0.23333335,1423561715,47803468614789
2,347.11908,428.78085,347.11908,209.78085,0.28235295,0.23333335,1423561715,47803486347125
2,347.11908,429.4783,347.11908,210.4783,0.2784314,0.23333335,1423561715,47803500294935
2,347.11908,430.7651,347.11908,211.7651,0.27058825,0.23333335,1423561715,47803516562294
2,347.11908,431.22,347.11908,212.22,0.27450982,0.23333335,1423561715,47803549585336
2,346.45282,431.979,346.45282,212.979,0.27450982,0.23333335,1423561715,47803566554663
2,345.78656,433.45203,345.78656,214.45203,0.27058825,0.23333335,1423561715,47803584958447
2,345.78656,434.18256,345.78656,215.18256,0.27450982,0.23333335,1423561715,47803598906257
2,345.78656,434.849,345.78656,215.849,0.2784314,0.23333335,1423561715,47803615997666
2,345.78656,435.2421,345.78656,216.2421,0.27450982,0.23333335,1423561715,47803635042379
2,345.78656,436.18182,345.78656,217.18182,0.2784314,0.23333335,1423561715,47803651981185
2,344.90335,436.7321,344.90335,217.73209,0.2784314,0.23333335,1423561716,47803683050925
2,345.1203,437.42017,345.1203,218.42017,0.2784314,0.23333335,1423561716,47803697883825
2,345.1203,438.0234,345.1203,219.0234,0.27450982,0.23333335,1423561716,47803714425867
2,344.3745,438.59396,344.3745,219.59396,0.27058825,0.23333335,1423561716,47803747143706
2,344.45404,439.23392,344.45404,220.23392,0.28235295,0.23333335,1423561716,47803779892066
2,344.45404,440.5775,344.45404,221.57751,0.2784314,0.23333335,1423561716,47803829396110
2,344.45404,441.2054,344.45404,222.20541,0.2784314,0.23333335,1423561716,47803845999192
2,343.45465,441.1801,343.45465,222.18011,0.2784314,0.23333335,1423561716,47803864311416
2,343.78778,441.98828,343.78778,222.98828,0.27058825,0.23333335,1423561716,47803895045430
2,343.78778,442.61697,343.78778,223.61697,0.27450982,0.23333335,1423561716,47803950928233
2,343.78778,443.3371,343.78778,224.3371,0.27058825,0.23333335,1423561716,47803981540166
2,343.05154,443.17944,343.05154,224.17944,0.2784314,0.23333335,1423561716,47804010534520
2,343.12155,443.95322,343.12155,224.95322,0.27450982,0.23333335,1423561716,47804043466001
2,343.12155,444.6297,343.12155,225.6297,0.27450982,0.23333335,1423561716,47804093031087
2,343.12155,445.25763,343.12155,226.25763,0.27058825,0.23333335,1423561716,47804162556494
2,343.12155,445.85422,343.12155,226.85422,0.27450982,0.23333335,1423561717,47804750256785
2,341.95453,445.84518,341.95453,226.84518,0.25882354,0.23333335,1423561717,47804939544133
2,341.4559,445.84518,341.4559,226.84518,0.25882354,0.23333335,1423561717,47804954743279
2,340.73,445.84518,340.73,226.84518,0.25882354,0.23333335,1423561717,47804976809508
2,340.12338,445.84518,340.12338,226.84518,0.25490198,0.23333335,1423561717,47804991795010
2,339.79025,442.5452,339.79025,223.5452,0.24313727,0.23333335,1423561717,47805056009875
2,339.79025,439.84726,339.79025,220.84726,0.21960786,0.23333335,1423561717,47805064769222
1,339.79025,439.84726,339.79025,220.84726,0.21960786,0.23333335,1423561717,47805065654312
0,223.86182,338.5491,223.86182,119.5491,0.20392159,0.26666668,1423561722,47809749615856
1,223.86182,338.5491,223.86182,119.5491,0.20392159,0.26666668,1423561722,47810112045278
0,499.0253,327.88614,499.0253,108.88614,0.21568629,0.23333335,1423561726,47814479754723
1,499.0253,327.88614,499.0253,108.88614,0.21568629,0.23333335,1423561727,47815042367266
0,507.02036,303.22803,507.02036,84.22803,0.21176472,0.23333335,1423561727,47815102187196
1,507.02036,303.22803,507.02036,84.22803,0.21176472,0.23333335,1423561727,47815143328658
0,369.77176,627.11554,369.77176,408.11554,0.20000002,0.23333335,1423561731,47819416547030
1,369.77176,627.11554,369.77176,408.11554,0.20000002,0.23333335,1423561731,47819427992171
0,368.43924,621.78406,368.43924,402.78406,0.21960786,0.23333335,1423561731,47819443649122
1,368.43924,621.78406,368.43924,402.78406,0.21960786,0.23333335,1423561731,47819467760216
0,355.7804,628.4484,355.7804,409.44843,0.22352943,0.23333335,1423561732,47820199547185
2,355.11414,620.45123,355.11414,401.45123,0.15686275,0.23333335,1423561732,47820275024066
1,355.11414,620.45123,355.11414,401.45123,0.15686275,0.23333335,1423561732,47820276031238
0,223.86182,339.88196,223.86182,120.88196,0.20392159,0.26666668,1423561737,47824971285318
1,223.86182,339.88196,223.86182,120.88196,0.20392159,0.26666668,1423561737,47825290986220
0,332.46146,427.85144,332.46146,208.85144,0.21568629,0.23333335,1423561741,47829364540316
1,332.46146,427.85144,332.46146,208.85144,0.21568629,0.23333335,1423561742,47830168324846
0,630.27765,515.1544,630.27765,296.15442,0.20000002,0.26666668,1423561757,47845517630501
2,628.9451,518.48663,628.9451,299.48663,0.2901961,0.26666668,1423561758,47845764631875
1,628.9451,518.48663,628.9451,299.48663,0.2901961,0.26666668,1423561758,47845767928075
0,600.29614,584.4637,600.29614,365.46368,0.2901961,0.23333335,1423561758,47845785385728
2,593.6275,615.15027,593.6275,396.15027,0.2901961,0.23333335,1423561758,47845855368942
2,589.735,633.28503,589.735,414.28503,0.2901961,0.23333335,1423561758,47845872002545
2,586.53973,656.7927,586.53973,437.79272,0.2901961,0.23333335,1423561758,47845888422505
2,582.6785,680.5475,582.6785,461.5475,0.2901961,0.26666668,1423561758,47845904903506
2,578.81384,703.3956,578.81384,484.39563,0.2901961,0.23333335,1423561758,47845921445547
2,576.5113,725.50977,576.5113,506.50977,0.2901961,0.23333335,1423561758,47845938170712
2,573.9448,751.59863,573.9448,532.59863,0.29411766,0.23333335,1423561758,47845954407551
2,571.36444,777.36694,571.36444,558.36694,0.2901961,0.23333335,1423561758,47845970858031
2,570.2187,802.30853,570.2187,583.30853,0.2901961,0.23333335,1423561758,47845987277991
2,568.2705,834.132,568.2705,615.132,0.2901961,0.23333335,1423561758,47846003728472
2,567.64197,867.2152,567.64197,648.2152,0.2901961,0.23333335,1423561758,47846019995830
2,567.02106,902.5919,567.02106,683.5919,0.2901961,0.23333335,1423561758,47846036415790
2,566.3171,934.255,566.3171,715.255,0.29411766,0.23333335,1423561758,47846052866271
2,566.8544,964.5675,566.8544,745.5675,0.2901961,0.23333335,1423561758,47846069286231
2,566.98334,995.24744,566.98334,776.24744,0.29411766,0.23333335,1423561758,47846085736711
2,566.98334,1020.59717,566.98334,801.59717,0.2901961,0.23333335,1423561758,47846102187194
2,566.98334,1041.0004,566.98334,822.00037,0.2901961,0.23333335,1423561758,47846118607154
2,566.98334,1060.2753,566.98334,841.27527,0.2901961,0.23333335,1423561758,47846135057634
2,566.98334,1079.2783,566.98334,860.2783,0.29411766,0.23333335,1423561758,47846151477595
2,566.98334,1095.4452,566.98334,876.4452,0.29411766,0.23333335,1423561758,47846168111197
2,566.98334,1112.219,566.98334,893.219,0.29411766,0.23333335,1423561758,47846184775320
2,566.98334,1125.4368,566.98334,906.43677,0.29411766,0.23333335,1423561758,47846201134240
2,566.98334,1139.6948,566.98334,920.6948,0.29411766,0.23333335,1423561758,47846217432118
2,567.6496,1154.4716,567.6496,935.47156,0.29411766,0.23333335,1423561758,47846233882599
2,567.6496,1165.1803,567.6496,946.1803,0.29411766,0.26666668,1423561758,47846250180478
2,567.6496,1174.8451,567.6496,955.8451,0.29411766,0.23333335,1423561758,47846266539398
2,567.6496,1181.9607,567.6496,962.9607,0.29411766,0.23333335,1423561758,47846282959358
2,567.6496,1187.8451,567.6496,968.8451,0.29411766,0.23333335,1423561758,47846299409838
2,567.6496,1192.4579,567.6496,973.4579,0.29411766,0.23333335,1423561758,47846315829799
2,567.6496,1195.8556,567.6496,976.8556,0.29411766,0.23333335,1423561758,47846332249760
2,567.6496,1198.4275,567.6496,979.4275,0.29411766,0.23333335,1423561758,47846348700240
2,567.6496,1199.961,567.6496,980.96106,0.29411766,0.23333335,1423561758,47846365120200
2,567.6496,1201.2488,567.6496,982.2488,0.29411766,0.23333335,1423561758,47846381540160
2,567.6496,1202.822,567.6496,983.822,0.29411766,0.23333335,1423561758,47846397960120
2,567.6496,1205.3967,567.6496,986.3967,0.2901961,0.23333335,1423561758,47846414532683
2,567.6496,1206.4465,567.6496,987.44653,0.2901961,0.23333335,1423561758,47846431624094
2,567.6496,1207.7312,567.6496,988.7312,0.2901961,0.23333335,1423561758,47846448074574
2,567.6496,1209.0192,567.6496,990.01917,0.24705884,0.23333335,1423561758,47846464464014
1,567.6496,1209.0192,567.6496,990.01917,0.24705884,0.23333335,1423561758,47846471727862
0,490.36398,336.5498,490.36398,117.549805,0.24705884,0.23333335,1423561759,47847439345746
2,481.0364,351.21136,481.0364,132.21136,0.2901961,0.26666668,1423561760,47847655216340
1,481.0364,351.21136,481.0364,132.21136,0.2901961,0.26666668,1423561760,47847661106771
0,447.05737,421.85352,447.05737,202.85352,0.2901961,0.26666668,1423561760,47847670934331
2,437.58472,471.37393,437.58472,252.37393,0.2901961,0.23333335,1423561760,47847739086323
2,433.01678,500.12183,433.01678,281.12183,0.2901961,0.23333335,1423561760,47847755536804
2,429.1606,529.7451,429.1606,310.74512,0.2901961,0.23333335,1423561760,47847771987285
2,426.556,555.538,426.556,336.53802,0.2901961,0.23333335,1423561760,47847788407245
2,423.98416,586.4769,423.98416,367.47693,0.2901961,0.23333335,1423561760,47847804857726
2,421.98715,619.72766,421.98715,400.72766,0.2901961,0.23333335,1423561760,47847821827053
2,419.95462,647.0708,419.95462,428.0708,0.2901961,0.23333335,1423561760,47847837728167
2,418.2845,676.0673,418.2845,457.06732,0.29411766,0.23333335,1423561760,47847854148127
2,416.35748,703.97034,416.35748,484.97034,0.2901961,0.23333335,1423561760,47847871178495
2,414.44327,732.0233,414.44327,513.0233,0.2901961,0.23333335,1423561760,47847887018568
2,412.15506,762.1652,412.15506,543.1652,0.29411766,0.23333335,1423561760,47847903896333
2,411.0796,793.59766,411.0796,574.59766,0.2901961,0.23333335,1423561760,47847920407854
2,410.23444,828.7242,410.23444,609.7242,0.29411766,0.23333335,1423561760,47847936553132
2,411.1997,862.3988,411.1997,643.3988,0.2901961,0.23333335,1423561760,47847953003614
2,412.49792,902.4342,412.49792,683.4342,0.29411766,0.23333335,1423561760,47847969454094
2,414.5029,937.6303,414.5029,718.6303,0.2901961,0.23333335,1423561760,47847985721452
2,417.4385,982.79724,417.4385,763.79724,0.29411766,0.23333335,1423561760,47848004674603
2,419.63046,1011.49005,419.63046,792.49005,0.29411766,0.23333335,1423561760,47848018530852
2,422.17273,1043.3876,422.17273,824.3876,0.29411766,0.23333335,1423561760,47848034950812
2,425.2827,1080.6222,425.2827,861.6222,0.29411766,0.23333335,1423561760,47848054697493
2,427.38055,1102.9052,427.38055,883.90515,0.2901961,0.23333335,1423561760,47848068004375
2,429.5139,1127.8552,429.5139,908.8552,0.29411766,0.23333335,1423561760,47848084393815
2,432.0076,1155.8708,432.0076,936.87085,0.29411766,0.23333335,1423561760,47848101607307
2,433.43314,1180.8689,433.43314,961.8689,0.29411766,0.23333335,1423561760,47848117355819
2,435.7009,1202.9924,435.7009,983.99243,0.29411766,0.23333335,1423561760,47848133989421
2,437.60696,1225.9244,437.60696,1006.92444,0.29411766,0.23333335,1423561760,47848151050309
2,440.1849,1244.5358,440.1849,1025.5358,0.29411766,0.26666668,1423561760,47848167012464
2,443.9471,1263.7043,443.9471,1044.7043,0.29411766,0.26666668,1423561760,47848184866881
2,446.0164,1277.3065,446.0164,1058.3065,0.29411766,0.26666668,1423561760,47848199730303
2,448.56277,1292.589,448.56277,1073.589,0.29411766,0.26666668,1423561760,47848216211303
2,451.1421,1307.3591,451.1421,1088.3591,0.29411766,0.26666668,1423561760,47848232478662
2,452.38312,1318.8365,452.38312,1099.8365,0.29411766,0.26666668,1423561760,47848248807061
2,452.38742,1328.6577,452.38742,1109.6577,0.29411766,0.26666668,1423561760,47848265379624
2,452.38742,1336.8379,452.38742,1117.8379,0.29411766,0.26666668,1423561760,47848284668499
2,450.51993,1345.9465,450.51993,1126.9465,0.2901961,0.23333335,1423561760,47848298189023
2,448.0583,1352.6931,448.0583,1133.6931,0.27058825,0.23333335,1423561760,47848314639504
2,447.72363,1353.53,447.72363,1134.53,0.23137257,0.23333335,1423561760,47848319980569
1,447.72363,1353.53,447.72363,1134.53,0.23137257,0.23333335,1423561760,47848320926701
0,350.45035,389.86462,350.45035,170.86462,0.23137257,0.23333335,1423561787,47875012243652
1,350.45035,389.86462,350.45035,170.86462,0.23137257,0.23333335,1423561787,47875171498956
0,351.78287,393.86322,351.78287,174.86322,0.21568629,0.23333335,1423561787,47875178549162
1,351.78287,393.86322,351.78287,174.86322,0.21568629,0.23333335,1423561787,47875203087541
0,351.1166,391.86392,351.1166,172.86392,0.2392157,0.23333335,1423561787,47875231654609
1,351.1166,391.86392,351.1166,172.86392,0.2392157,0.23333335,1423561787,47875236263185
0,351.1166,405.85907,351.1166,186.85907,0.23137257,0.23333335,1423561787,47875270934328
1,351.1166,405.85907,351.1166,186.85907,0.23137257,0.23333335,1423561790,47877827229155
0,351.1166,569.8021,351.1166,350.80212,0.20000002,0.23333335,1423561794,47881989628055
2,349.7841,576.48627,349.7841,357.48627,0.23529413,0.23333335,1423561794,47882325962558
2,349.7841,580.5659,349.7841,361.56592,0.24313727,0.23333335,1423561794,47882344488424
2,349.7841,582.8081,349.7841,363.8081,0.24705884,0.23333335,1423561794,47882358649878
2,349.7841,584.91956,349.7841,365.91956,0.24313727,0.23333335,1423561794,47882375069838
2,349.7841,586.4205,349.7841,367.42047,0.24313727,0.23333335,1423561794,47882394236631
2,349.7841,587.5002,349.7841,368.50018,0.24705884,0.23333335,1423561794,47882407970799
2,349.7841,588.7853,349.7841,369.78528,0.2509804,0.23333335,1423561794,47882424421279
2,349.7841,590.12836,349.7841,371.12836,0.24705884,0.23333335,1423561794,47882441756852
2,349.7841,591.3626,349.7841,372.3626,0.24705884,0.23333335,1423561794,47882457749527
2,349.7841,592.69464,349.7841,373.69464,0.24705884,0.23333335,1423561794,47882474901976
2,349.7841,593.97156,349.7841,374.97156,0.25490198,0.23333335,1423561794,47882490711529
2,349.7841,595.23456,349.7841,376.23456,0.2509804,0.23333335,1423561794,47882506948367
2,349.7841,596.5197,349.7841,377.5197,0.2509804,0.23333335,1423561794,47882523368327
2,349.7841,597.4592,349.7841,378.45923,0.25490198,0.23333335,1423561794,47882539696726
2,349.7841,598.1049,349.7841,379.10492,0.24705884,0.23333335,1423561794,47882555933564
2,349.7841,598.61414,349.7841,379.61414,0.25490198,0.23333335,1423561794,47882592130726
2,349.7841,599.22235,349.7841,380.22235,0.2509804,0.23333335,1423561794,47882624299198
2,349.7841,600.0563,349.7841,381.05627,0.2509804,0.23333335,1423561794,47882638552212
2,349.7841,600.5522,349.7841,381.5522,0.25490198,0.23333335,1423561795,47882691230375
2,349.7841,601.1672,349.7841,382.16718,0.25882354,0.23333335,1423561795,47882821399763
2,349.7841,601.8579,349.7841,382.8579,0.24705884,0.23333335,1423561795,47882905361307
2,347.54492,596.4045,347.54492,377.40448,0.15686275,0.23333335,1423561795,47883077404647
1,347.54492,596.4045,347.54492,377.40448,0.15686275,0.23333335,1423561795,47883079144308
