0,354.44788,609.1218,354.44788,390.12183,0.1764706,0.23333335,1423561235,47345775947981
1,354.44788,609.1218,354.44788,390.12183,0.1764706,0.23333335,1423561235,47345916860540
0,347.11908,657.10516,347.11908,438.10516,0.227451,0.23333335,1423561235,47345963007342
2,346.15387,660.66797,346.15387,441.66797,0.23137257,0.23333335,1423561235,47346043459045
2,344.85236,664.57355,344.85236,445.57355,0.24313727,0.23333335,1423561235,47346060825136
2,343.56366,668.4407,343.56366,449.44067,0.2392157,0.23333335,1423561235,47346076939893
2,342.1502,671.0442,342.1502,452.0442,0.24313727,0.23333335,1423561235,47346094855351
2,341.78903,673.4044,341.78903,454.40442,0.2392157,0.23333335,1423561235,47346109718772
2,341.12277,675.96216,341.12277,456.96216,0.2392157,0.23333335,1423561235,47346126199773
2,340.4565,678.8524,340.4565,459.85242,0.23137257,0.23333335,1423561235,47346144786680
2,339.78976,681.0978,339.78976,462.09778,0.2392157,0.23333335,1423561235,47346159070215
2,338.48837,683.70135,338.48837,464.70135,0.23137257,0.23333335,1423561235,47346175520695
2,338.45776,683.7626,338.45776,464.76257,0.21568629,0.23333335,1423561235,47346179274701
1,338.45776,683.7626,338.45776,464.76257,0.21568629,0.23333335,1423561235,47346180648118
0,351.1166,417.18848,351.1166,198.18848,0.20000002,0.23333335,1423561239,47350385439816
2,349.12183,423.8408,349.12183,204.84079,0.23137257,0.23333335,1423561240,47350510909066
2,348.35895,425.75058,348.35895,206.75058,0.21960786,0.23333335,1423561240,47350515395561
2,345.79437,433.15942,345.79437,214.15942,0.21960786,0.23333335,1423561240,47350532151245
2,343.78778,439.18082,343.78778,220.18082,0.21960786,0.23333335,1423561240,47350547564033
1,343.78778,439.18082,343.78778,220.18082,0.21960786,0.23333335,1423561240,47350548876409
0,331.12894,497.82712,331.12894,278.82712,0.21568629,0.23333335,1423561240,47350582418299
2,328.36743,504.7328,328.36743,285.7328,0.21176472,0.26666668,1423561240,47350664609662
2,327.1314,509.82297,327.1314,290.82297,0.19607845,0.26666668,1423561240,47350675474914
1,327.1314,509.82297,327.1314,290.82297,0.19607845,0.26666668,1423561240,47350676604168
0,331.7952,421.85352,331.7952,202.85352,0.24313727,0.23333335,1423561244,47354866898690
2,331.7952,425.89978,331.7952,206.89978,0.2509804,0.23333335,1423561244,47354953576546
2,331.08328,447.4709,331.08328,228.47089,0.23137257,0.23333335,1423561244,47354969599741
2,330.46268,471.2242,330.46268,252.22421,0.2509804,0.23333335,1423561244,47354985958661
2,330.46268,486.49774,330.46268,267.49774,0.25490198,0.23333335,1423561244,47354997739525
1,330.46268,486.49774,330.46268,267.49774,0.25490198,0.23333335,1423561244,47354998655137
0,325.7989,596.45953,325.7989,377.45953,0.24313727,0.23333335,1423561244,47355015716024
1,325.7989,596.45953,325.7989,377.45953,0.24313727,0.23333335,1423561244,47355031861301
0,323.13388,663.1031,323.13388,444.1031,0.23529413,0.23333335,1423561244,47355049349474
2,321.4534,672.20386,321.4534,453.20386,0.23529413,0.26666668,1423561244,47355118203436
2,321.1351,674.4325,321.1351,455.4325,0.20784315,0.26666668,1423561244,47355125467285
1,321.1351,674.4325,321.1351,455.4325,0.20784315,0.26666668,1423561244,47355126321855
0,316.4713,748.4068,316.4713,529.4068,0.2392157,0.26666668,1423561244,47355185622938
1,316.4713,748.4068,316.4713,529.4068,0.2392157,0.26666668,1423561244,47355211199010
0,333.12772,422.51996,333.12772,203.51996,0.22352943,0.23333335,1423561249,47359596823913
1,333.12772,422.51996,333.12772,203.51996,0.22352943,0.23333335,1423561249,47359650326127
0,322.46762,505.82434,322.46762,286.82434,0.23529413,0.23333335,1423561249,47359676054801
1,322.46762,505.82434,322.46762,286.82434,0.23529413,0.23333335,1423561249,47359717989792
0,327.1314,597.7924,327.1314,378.79242,0.2392157,0.23333335,1423561249,47359736881902
1,327.1314,597.7924,327.1314,378.79242,0.2392157,0.23333335,1423561249,47359753851229
0,316.4713,676.43176,316.4713,457.43176,0.23529413,0.26666668,1423561249,47359770759515
1,316.4713,676.43176,316.4713,457.43176,0.23529413,0.26666668,1423561249,47359795419976
0,339.79025,387.19888,339.79025,168.19888,0.227451,0.23333335,1423561253,47364150005662
1,339.79025,387.19888,339.79025,168.19888,0.227451,0.23333335,1423561253,47364167005509
0,335.79272,413.18985,335.79272,194.18985,0.22352943,0.23333335,1423561253,47364188522371
1,335.79272,413.18985,335.79272,194.18985,0.22352943,0.23333335,1423561253,47364238880986
0,317.80383,529.1496,317.80383,310.1496,0.227451,0.26666668,1423561253,47364256247080
1,317.80383,529.1496,317.80383,310.1496,0.227451,0.26666668,1423561253,47364270439053
0,307.14374,671.1003,307.14374,452.10028,0.28627452,0.26666668,1423561253,47364371858249
2,306.47748,673.76605,306.47748,454.76605,0.21176472,0.26666668,1423561254,47364442818114
1,306.47748,673.76605,306.47748,454.76605,0.21176472,0.26666668,1423561254,47364444008409
0,335.79272,258.57687,335.79272,39.576874,0.21568629,0.23333335,1423561258,47368713594859
2,334.06406,269.3479,334.06406,50.3479,0.23529413,0.23333335,1423561258,47368921224952
2,333.79398,271.23914,333.79398,52.239136,0.227451,0.23333335,1423561258,47368935355884
1,333.79398,271.23914,333.79398,52.239136,0.227451,0.23333335,1423561258,47368936363056
0,329.1302,340.5484,329.1302,121.5484,0.23529413,0.23333335,1423561258,47368946129575
1,329.1302,340.5484,329.1302,121.5484,0.23529413,0.23333335,1423561258,47368985928140
0,324.4664,434.51578,324.4664,215.51578,0.2509804,0.23333335,1423561258,47369003324752
1,324.4664,434.51578,324.4664,215.51578,0.2509804,0.23333335,1423561258,47369021484374
0,329.1302,511.82227,329.1302,292.82227,0.25882354,0.23333335,1423561258,47369038026415
1,329.1302,511.82227,329.1302,292.82227,0.25882354,0.23333335,1423561258,47369062686876
0,323.13388,580.4651,323.13388,361.4651,0.24313727,0.23333335,1423561258,47369088537632
1,323.13388,580.4651,323.13388,361.4651,0.24313727,0.23333335,1423561258,47369212725027
0,332.46146,461.83963,332.46146,242.83963,0.21568629,0.23333335,1423561262,47373215441339
1,332.46146,461.83963,332.46146,242.83963,0.21568629,0.23333335,1423561262,47373341612559
0,332.46146,491.16278,332.46146,272.16278,0.23529413,0.23333335,1423561262,47373370698473
2,330.83813,497.6578,330.83813,278.6578,0.25490198,0.23333335,1423561263,47373516219609
2,330.30737,499.78137,330.30737,280.78137,0.24705884,0.26666668,1423561263,47373522384724
2,327.52933,505.0283,327.52933,286.0283,0.24705884,0.26666668,1423561263,47373539293010
2,326.37668,508.75555,326.37668,289.75555,0.24705884,0.26666668,1423561263,47373555468807
2,325.07245,512.6694,325.07245,293.66937,0.2392157,0.23333335,1423561263,47373572621256
2,324.4664,516.4959,324.4664,297.4959,0.2509804,0.23333335,1423561263,47373588095085
2,323.80692,520.4655,323.80692,301.4655,0.24313727,0.23333335,1423561263,47373605186495
2,323.80014,520.4859,323.80014,301.4859,0.23137257,0.23333335,1423561263,47373608299573
1,323.80014,520.4859,323.80014,301.4859,0.23137257,0.23333335,1423561263,47373609215184
0,348.45157,319.22247,348.45157,100.22247,0.2901961,0.26666668,1423561267,47377793405631
1,348.45157,319.22247,348.45157,100.22247,0.2901961,0.26666668,1423561268,47378436744558
0,344.45404,333.88406,344.45404,114.88406,0.20392159,0.23333335,1423561272,47382434943856
1,344.45404,333.88406,344.45404,114.88406,0.20392159,0.23333335,1423561272,47383097968425
0,341.12277,410.5241,341.12277,191.52411,0.21176472,0.23333335,1423561276,47387224933176
2,337.06937,420.6604,337.06937,201.6604,0.23529413,0.23333335,1423561276,47387341948282
2,335.10944,426.58664,335.10944,207.58664,0.23529413,0.23333335,1423561276,47387356475979
2,333.82208,431.09927,333.82208,212.09927,0.23137257,0.23333335,1423561276,47387372865418
2,332.535,434.96152,332.535,215.96152,0.227451,0.23333335,1423561276,47387389407460
2,331.27982,438.72806,331.27982,219.72806,0.23137257,0.23333335,1423561276,47387405766379
2,329.7648,443.94077,329.7648,224.94077,0.22352943,0.23333335,1423561277,47387424963693
1,329.7648,443.94077,329.7648,224.94077,0.22352943,0.23333335,1423561277,47387427527405
0,320.46884,500.49286,320.46884,281.49286,0.21568629,0.23333335,1423561277,47387518539156
1,320.46884,500.49286,320.46884,281.49286,0.21568629,0.23333335,1423561277,47387589590582
0,353.78162,227.92085,353.78162,8.920853,0.21960786,0.23333335,1423561281,47391791360764
1,353.78162,227.92085,353.78162,8.920853,0.21960786,0.23333335,1423561281,47392032441186
0,354.44788,250.57965,354.44788,31.57965,0.21568629,0.23333335,1423561281,47392079350997
2,354.44788,257.75916,354.44788,38.759155,0.2392157,0.23333335,1423561281,47392204515044
2,354.44788,261.06885,354.44788,42.068848,0.2392157,0.23333335,1423561281,47392220385638
2,354.44788,267.59338,354.44788,48.593384,0.23529413,0.23333335,1423561281,47392230274239
2,354.44788,274.00485,354.44788,55.004852,0.227451,0.23333335,1423561281,47392246694199
2,354.44788,279.6325,354.44788,60.632507,0.22352943,0.23333335,1423561281,47392265220064
2,353.78162,281.23566,353.78162,62.235657,0.21568629,0.23333335,1423561281,47392273460565
1,353.78162,281.23566,353.78162,62.235657,0.21568629,0.23333335,1423561281,47392274833982
0,359.77792,255.24469,359.77792,36.24469,0.21960786,0.23333335,1423561286,47396771369920
2,357.8981,266.40753,357.8981,47.40753,0.23137257,0.23333335,1423561286,47396859848478
2,356.6086,274.93225,356.6086,55.93225,0.227451,0.23333335,1423561286,47396876359999
2,356.44666,275.90417,356.44666,56.904175,0.23529413,0.23333335,1423561286,47396882708237
1,356.44666,275.90417,356.44666,56.904175,0.23529413,0.23333335,1423561286,47396883532287
0,349.11783,353.8771,349.11783,134.8771,0.21568629,0.23333335,1423561290,47400961176114
1,349.11783,353.8771,349.11783,134.8771,0.21568629,0.23333335,1423561291,47401496717088
0,349.11783,377.20233,349.11783,158.20233,0.20000002,0.23333335,1423561295,47405526840695
1,349.11783,377.20233,349.11783,158.20233,0.20000002,0.23333335,1423561295,47406069920200
0,349.7841,391.19748,349.7841,172.19748,0.21176472,0.23333335,1423561299,47410155346722
1,349.7841,391.19748,349.7841,172.19748,0.21176472,0.23333335,1423561299,47410170637428
0,349.7841,391.86392,349.7841,172.86392,0.21568629,0.23333335,1423561299,47410183517025
1,349.7841,391.86392,349.7841,172.86392,0.21568629,0.23333335,1423561299,47410190780874
0,343.78778,380.53452,343.78778,161.53452,0.19607845,0.23333335,1423561300,47410614373121
1,343.78778,380.53452,343.78778,161.53452,0.19607845,0.23333335,1423561300,47410625329935
0,349.7841,410.5241,349.7841,191.52411,0.20392159,0.23333335,1423561304,47414713930576
1,349.7841,410.5241,349.7841,191.52411,0.20392159,0.23333335,1423561304,47415045992228
0,339.79025,388.53174,339.79025,169.53174,0.23137257,0.23333335,1423561304,47415081609502
2,337.10995,379.81458,337.10995,160.81458,0.21960786,0.23333335,1423561304,47415163190457
2,335.14978,369.39172,335.14978,150.39172,0.20784315,0.23333335,1423561304,47415179000009
2,335.12646,369.20514,335.12646,150.20514,0.20392159,0.23333335,1423561304,47415182113087
1,335.12646,369.20514,335.12646,150.20514,0.20392159,0.23333335,1423561304,47415182845576
0,351.1166,379.8681,351.1166,160.8681,0.19607845,0.23333335,1423561308,47419248098133
1,351.1166,379.8681,351.1166,160.8681,0.19607845,0.23333335,1423561309,47419785348247
0,349.11783,224.58868,349.11783,5.588684,0.20000002,0.23333335,1423561313,47423830487877
1,349.11783,224.58868,349.11783,5.588684,0.20000002,0.23333335,1423561313,47423842451863
0,351.1166,229.25372,351.1166,10.253723,0.1764706,0.23333335,1423561313,47423862534267
1,351.1166,229.25372,351.1166,10.253723,0.1764706,0.23333335,1423561313,47424181350077
0,354.44788,252.57895,354.44788,33.57895,0.22352943,0.23333335,1423561313,47424221423326
2,354.44788,260.31918,354.44788,41.319183,0.23529413,0.23333335,1423561313,47424339262485
2,354.44788,263.20206,354.44788,44.202057,0.227451,0.23333335,1423561313,47424348876402
2,354.44788,270.53653,354.44788,51.53653,0.23529413,0.23333335,1423561313,47424364624914
2,354.44788,275.9831,354.44788,56.983093,0.227451,0.23333335,1423561313,47424378572724
2,354.44788,282.51416,354.44788,63.51416,0.21960786,0.23333335,1423561313,47424395023205
2,354.44788,282.56854,354.44788,63.568542,0.19607845,0.23333335,1423561313,47424398349925
1,354.44788,282.56854,354.44788,63.568542,0.19607845,0.23333335,1423561313,47424399235016
0,349.7841,579.79865,349.7841,360.79865,0.21176472,0.23333335,1423561318,47428494214414
1,349.7841,579.79865,349.7841,360.79865,0.21176472,0.23333335,1423561318,47429079900359
0,338.45776,504.4915,338.45776,285.4915,0.21176472,0.23333335,1423561322,47433090429887
1,338.45776,504.4915,338.45776,285.4915,0.21176472,0.23333335,1423561323,47433644557768
0,331.7952,459.84033,331.7952,240.84033,0.227451,0.23333335,1423561323,47433681792623
1,331.7952,459.84033,331.7952,240.84033,0.227451,0.23333335,1423561323,47433723025646
0,339.79025,381.20096,339.79025,162.20096,0.20392159,0.23333335,1423561327,47437803752030
1,339.79025,381.20096,339.79025,162.20096,0.20392159,0.23333335,1423561328,47438431708690
0,352.44913,225.25511,352.44913,6.2551117,0.21568629,0.23333335,1423561332,47442557330544
1,352.44913,225.25511,352.44913,6.2551117,0.21568629,0.23333335,1423561332,47442855514580
0,357.1129,255.24469,357.1129,36.24469,0.21960786,0.23333335,1423561332,47442911763626
2,357.1129,261.086,357.1129,42.086,0.23529413,0.23333335,1423561332,47443021820089
2,357.1129,267.99246,357.1129,48.992462,0.23137257,0.23333335,1423561332,47443037324438
2,357.1129,273.7542,357.1129,54.75421,0.227451,0.23333335,1423561332,47443053805439
2,357.1129,278.66245,357.1129,59.662445,0.21568629,0.23333335,1423561332,47443070408521
1,357.1129,278.66245,357.1129,59.662445,0.21568629,0.23333335,1423561332,47443072422866
0,347.78534,349.21207,347.78534,130.21207,0.22352943,0.23333335,1423561336,47447217089432
1,347.78534,349.21207,347.78534,130.21207,0.22352943,0.23333335,1423561337,47448111366861
0,349.11783,566.47,349.11783,347.46997,0.20392159,0.23333335,1423561341,47452303889370
1,349.11783,566.47,349.11783,347.46997,0.20392159,0.23333335,1423561342,47452837507559
0,339.79025,497.82712,339.79025,278.82712,0.20000002,0.23333335,1423561346,47456906117356
1,339.79025,497.82712,339.79025,278.82712,0.20000002,0.23333335,1423561346,47456911885706
0,341.78903,497.1607,341.78903,278.1607,0.21176472,0.23333335,1423561346,47456932273315
1,341.78903,497.1607,341.78903,278.1607,0.21176472,0.23333335,1423561346,47457198868767
0,335.12646,464.50537,335.12646,245.50537,0.227451,0.23333335,1423561346,47457232593778
2,333.28018,458.22232,333.28018,239.22232,0.23529413,0.23333335,1423561346,47457310939573
2,331.90616,450.50977,331.90616,231.50977,0.23529413,0.23333335,1423561346,47457327420575
2,331.12894,443.44507,331.12894,224.44507,0.23529413,0.23333335,1423561346,47457343840537
2,331.12894,438.5144,331.12894,219.5144,0.21960786,0.23333335,1423561346,47457357452623
1,331.12894,438.5144,331.12894,219.5144,0.21960786,0.23333335,1423561346,47457358978642
0,328.46393,373.87018,328.46393,154.87018,0.227451,0.23333335,1423561346,47457392551051
1,328.46393,373.87018,328.46393,154.87018,0.227451,0.23333335,1423561347,47457434302920
0,354.44788,303.89447,354.44788,84.89447,0.19607845,0.23333335,1423561351,47461525009465
2,353.11536,299.89587,353.11536,80.895874,0.18431373,0.23333335,1423561351,47461959558527
1,353.11536,299.89587,353.11536,80.895874,0.18431373,0.23333335,1423561351,47461968500996
0,349.11783,257.91043,349.11783,38.91043,0.20000002,0.23333335,1423561355,47466023315585
1,349.11783,257.91043,349.11783,38.91043,0.20000002,0.23333335,1423561356,47466921621703
0,348.45157,566.47,348.45157,347.46997,0.18431373,0.23333335,1423561360,47471038362127
1,348.45157,566.47,348.45157,347.46997,0.18431373,0.23333335,1423561361,47471647121474
0,337.12524,499.82642,337.12524,280.82642,0.18431373,0.23333335,1423561365,47475693909204
1,337.12524,499.82642,337.12524,280.82642,0.18431373,0.23333335,1423561365,47475709260951
0,340.4565,500.49286,340.4565,281.49286,0.21568629,0.23333335,1423561365,47475729099193
1,340.4565,500.49286,340.4565,281.49286,0.21568629,0.23333335,1423561365,47476111824663
0,331.12894,462.50604,331.12894,243.50604,0.21960786,0.23333335,1423561365,47476155133071
1,331.12894,462.50604,331.12894,243.50604,0.21960786,0.23333335,1423561365,47476205735848
0,351.1166,589.79517,351.1166,370.79517,0.20784315,0.23333335,1423561369,47480244832445
1,351.1166,589.79517,351.1166,370.79517,0.20784315,0.23333335,1423561370,47480804087748
0,335.79272,497.82712,335.79272,278.82712,0.18039216,0.23333335,1423561374,47484845503893
1,335.79272,497.82712,335.79272,278.82712,0.18039216,0.23333335,1423561374,47484852004732
0,339.124,500.49286,339.124,281.49286,0.20784315,0.23333335,1423561374,47484870866322
1,339.124,500.49286,339.124,281.49286,0.20784315,0.23333335,1423561374,47485265799941
0,330.46268,461.1732,330.46268,242.17319,0.20784315,0.23333335,1423561374,47485296289792
1,330.46268,461.1732,330.46268,242.17319,0.20784315,0.23333335,1423561374,47485347716619
0,339.124,381.20096,339.124,162.20096,0.20784315,0.23333335,1423561378,47489420019383
2,337.47476,372.28604,337.47476,153.28604,0.22352943,0.23333335,1423561379,47489790658785
2,335.84033,363.493,335.84033,144.49301,0.21960786,0.23333335,1423561379,47489809886619
2,335.79272,359.87503,335.79272,140.87503,0.20000002,0.23333335,1423561379,47489822186329
1,335.79272,359.87503,335.79272,140.87503,0.20000002,0.23333335,1423561379,47489823285063
0,339.79025,295.89725,339.79025,76.89725,0.19607845,0.23333335,1423561379,47489856613309
1,339.79025,295.89725,339.79025,76.89725,0.19607845,0.23333335,1423561379,47489865952543
0,351.78287,359.2086,351.78287,140.20859,0.18431373,0.23333335,1423561383,47493891162370
1,351.78287,359.2086,351.78287,140.20859,0.18431373,0.23333335,1423561384,47494553210286
0,351.1166,409.85767,351.1166,190.85767,0.19607845,0.23333335,1423561388,47498661801774
1,351.1166,409.85767,351.1166,190.85767,0.19607845,0.23333335,1423561388,47498987423623
0,339.124,387.8653,339.124,168.8653,0.22352943,0.23333335,1423561388,47499035798413
2,338.4406,384.4473,338.4406,165.4473,0.21176472,0.23333335,1423561388,47499101020448
2,336.2862,373.84534,336.2862,154.84534,0.20392159,0.23333335,1423561388,47499117226766
2,335.79272,368.5387,335.79272,149.5387,0.19607845,0.23333335,1423561388,47499127573172
1,335.79272,368.5387,335.79272,149.5387,0.19607845,0.23333335,1423561388,47499128458263
0,360.44418,258.57687,360.44418,39.576874,0.23137257,0.23333335,1423561393,47503579701967
2,358.87634,265.98712,358.87634,46.98712,0.23137257,0.23333335,1423561393,47503664487562
2,357.5781,273.77863,357.5781,54.778625,0.227451,0.23333335,1423561393,47503682189378
2,357.1129,276.57062,357.1129,57.570618,0.227451,0.23333335,1423561393,47503689819471
1,357.1129,276.57062,357.1129,57.570618,0.227451,0.23333335,1423561393,47503690918204
0,350.45035,409.85767,350.45035,190.85767,0.20392159,0.23333335,1423561397,47507843001219
1,350.45035,409.85767,350.45035,190.85767,0.20392159,0.23333335,1423561397,47508163739813
0,341.12277,388.53174,341.12277,169.53174,0.23137257,0.23333335,1423561397,47508204545550
2,338.17038,378.86194,338.17038,159.86194,0.21960786,0.23333335,1423561397,47508296259270
2,337.01733,366.01834,337.01733,147.01834,0.18039216,0.23333335,1423561397,47508312038302
1,337.01733,366.01834,337.01733,147.01834,0.18039216,0.23333335,1423561397,47508313839004
0,361.11044,256.57758,361.11044,37.577576,0.21568629,0.23333335,1423561402,47512754522660
2,359.59598,264.1519,359.59598,45.151886,0.23137257,0.23333335,1423561402,47512837202348
2,358.29984,272.11285,358.29984,53.112854,0.22352943,0.23333335,1423561402,47512853835951
2,357.77914,275.23776,357.77914,56.237762,0.21176472,0.23333335,1423561402,47512863449869
1,357.77914,275.23776,357.77914,56.237762,0.21176472,0.23333335,1423561402,47512864334960
0,362.44293,256.57758,362.44293,37.577576,0.21568629,0.23333335,1423561406,47517349425756
2,360.73026,264.85715,360.73026,45.857147,0.23529413,0.23333335,1423561407,47517427130625
2,359.12762,273.17456,359.12762,54.17456,0.22352943,0.23333335,1423561407,47517443581106
2,358.4454,275.90417,358.4454,56.904175,0.19607845,0.23333335,1423561407,47517451394321
1,358.4454,275.90417,358.4454,56.904175,0.19607845,0.23333335,1423561407,47517452615136
0,359.11166,259.90973,359.11166,40.90973,0.21960786,0.23333335,1423561411,47521939872879
2,357.3369,270.337,357.3369,51.337006,0.22352943,0.23333335,1423561411,47522023925985
2,356.11353,279.9028,356.11353,60.9028,0.19215688,0.23333335,1423561411,47522041566760
1,356.11353,279.9028,356.11353,60.9028,0.19215688,0.23333335,1423561411,47522042818096
0,347.11908,353.2107,347.11908,134.2107,0.1764706,0.23333335,1423561415,47526122842512
1,347.11908,353.2107,347.11908,134.2107,0.1764706,0.23333335,1423561416,47527041841445
0,353.78162,374.53662,353.78162,155.53662,0.19215688,0.23333335,1423561420,47531082433538
1,353.78162,374.53662,353.78162,155.53662,0.19215688,0.23333335,1423561420,47531085302453
0,357.1129,375.86948,357.1129,156.86948,0.19215688,0.23333335,1423561420,47531100806802
1,357.1129,375.86948,357.1129,156.86948,0.19215688,0.23333335,1423561421,47531615288720
0,342.4553,352.54425,342.4553,133.54425,0.19607845,0.23333335,1423561425,47535621209670
1,342.4553,352.54425,342.4553,133.54425,0.19607845,0.23333335,1423561425,47536063205703
0,343.12155,292.56506,343.12155,73.56506,0.20392159,0.23333335,1423561425,47536091131843
1,343.12155,292.56506,343.12155,73.56506,0.20392159,0.23333335,1423561425,47536107643364
0,351.1166,312.55814,351.1166,93.558136,0.20000002,0.23333335,1423561430,47540497571642
2,349.7841,303.22803,349.7841,84.22803,0.18823531,0.23333335,1423561430,47540602592242
1,349.7841,303.22803,349.7841,84.22803,0.18823531,0.23333335,1423561430,47540611534712
0,352.44913,230.5866,352.44913,11.586594,0.19215688,0.23333335,1423561434,47544726565998
1,352.44913,230.5866,352.44913,11.586594,0.19215688,0.23333335,1423561434,47544975947957
0,353.11536,251.91252,353.11536,32.91252,0.21176472,0.23333335,1423561434,47545030793066
2,353.78162,259.3797,353.78162,40.3797,0.21960786,0.23333335,1423561434,47545147136727
2,354.44788,263.2959,354.44788,44.2959,0.227451,0.23333335,1423561434,47545158001979
2,354.44788,269.46182,354.44788,50.461823,0.22352943,0.23333335,1423561434,47545174940785
2,354.44788,275.23773,354.44788,56.237732,0.227451,0.23333335,1423561434,47545191818551
2,354.44788,280.19104,354.44788,61.19104,0.21960786,0.23333335,1423561434,47545208055389
2,354.44788,281.9021,354.44788,62.9021,0.21176472,0.23333335,1423561434,47545216479012
1,354.44788,281.9021,354.44788,62.9021,0.21176472,0.23333335,1423561434,47545217364102
0,359.11166,255.91113,359.11166,36.911133,0.22352943,0.23333335,1423561439,47549726779637
2,358.58447,262.40732,358.58447,43.40732,0.227451,0.23333335,1423561439,47549804667628
2,357.2885,270.18524,357.2885,51.18524,0.227451,0.23333335,1423561439,47549821301231
2,356.44666,275.90417,356.44666,56.904175,0.21176472,0.23333335,1423561439,47549835584765
1,356.44666,275.90417,356.44666,56.904175,0.21176472,0.23333335,1423561439,47549836714018
0,360.44418,260.57617,360.44418,41.57617,0.23137257,0.23333335,1423561443,47554314540968
2,358.79364,269.8157,358.79364,50.815704,0.22352943,0.23333335,1423561443,47554399936968
2,357.77914,275.23776,357.77914,56.237762,0.22352943,0.23333335,1423561443,47554416326408
1,357.77914,275.23776,357.77914,56.237762,0.22352943,0.23333335,1423561443,47554417455662
0,347.78534,579.1322,347.78534,360.1322,0.20392159,0.23333335,1423561448,47558506666711
1,347.78534,579.1322,347.78534,360.1322,0.20392159,0.23333335,1423561448,47559058352960
0,338.45776,498.49356,338.45776,279.49356,0.19215688,0.23333335,1423561452,47563114571493
1,338.45776,498.49356,338.45776,279.49356,0.19215688,0.23333335,1423561454,47564782235153
0,334.4602,463.83893,334.4602,244.83893,0.21568629,0.23333335,1423561454,47564813060729
1,334.4602,463.83893,334.4602,244.83893,0.21568629,0.23333335,1423561454,47564854446353
0,342.4553,381.8674,342.4553,162.8674,0.19607845,0.23333335,1423561458,47568953546002
1,342.4553,381.8674,342.4553,162.8674,0.19607845,0.23333335,1423561459,47569585439790
0,358.4454,257.91043,358.4454,38.91043,0.21960786,0.23333335,1423561463,47574027008538
2,358.4454,266.05383,358.4454,47.053833,0.227451,0.23333335,1423561463,47574114327322
2,357.3575,273.76968,357.3575,54.769684,0.227451,0.23333335,1423561463,47574132090179
2,357.1129,275.23776,357.1129,56.237762,0.21960786,0.23333335,1423561463,47574137095520
1,357.1129,275.23776,357.1129,56.237762,0.21960786,0.23333335,1423561463,47574137980610
0,357.77914,258.57687,357.77914,39.576874,0.22352943,0.23333335,1423561468,47578613365930
2,357.77914,266.81677,357.77914,47.816772,0.227451,0.23333335,1423561468,47578696472904
2,356.9987,274.59042,356.9987,55.590424,0.21568629,0.23333335,1423561468,47578713075986
2,355.70828,281.66837,355.70828,62.668365,0.19607845,0.23333335,1423561468,47578729587507
1,355.70828,281.66837,355.70828,62.668365,0.19607845,0.23333335,1423561468,47578731693413
0,347.78534,352.54425,347.78534,133.54425,0.15294118,0.23333335,1423561472,47582796701807
1,347.78534,352.54425,347.78534,133.54425,0.15294118,0.23333335,1423561472,47583350951768
0,348.45157,379.8681,348.45157,160.8681,0.19215688,0.23333335,1423561476,47587377657093
1,348.45157,379.8681,348.45157,160.8681,0.19215688,0.23333335,1423561476,47587383822208
0,348.45157,380.53452,348.45157,161.53452,0.19607845,0.23333335,1423561476,47587399448639
1,348.45157,380.53452,348.45157,161.53452,0.19607845,0.23333335,1423561477,47587979030511
0,339.124,384.53314,339.124,165.53314,0.20000002,0.23333335,1423561477,47587983150761
1,339.124,384.53314,339.124,165.53314,0.20000002,0.23333335,1423561477,47588004179298
0,346.45282,351.8778,346.45282,132.8778,0.1764706,0.23333335,1423561481,47592043520057
1,346.45282,351.8778,346.45282,132.8778,0.1764706,0.23333335,1423561482,47592510512274
0,345.1203,287.23358,345.1203,68.23358,0.19607845,0.23333335,1423561482,47592529221262
1,345.1203,287.23358,345.1203,68.23358,0.19607845,0.23333335,1423561482,47592531937575
0,353.78162,378.53522,353.78162,159.53522,0.20392159,0.23333335,1423561486,47596593680288
1,353.78162,378.53522,353.78162,159.53522,0.20392159,0.23333335,1423561486,47597105903697
0,349.7841,220.59006,349.7841,1.5900574,0.20000002,0.23333335,1423561490,47601137919572
1,349.7841,220.59006,349.7841,1.5900574,0.20000002,0.23333335,1423561491,47601485424528
0,357.1129,251.91252,357.1129,32.91252,0.21568629,0.23333335,1423561491,47601536546151
2,357.77914,260.5891,357.77914,41.58911,0.22352943,0.23333335,1423561491,47601659024405
2,357.77914,262.70245,357.77914,43.702454,0.227451,0.23333335,1423561491,47601669767576
2,357.77914,267.80048,357.77914,48.800476,0.227451,0.23333335,1423561491,47601680602308
2,356.36087,272.91522,356.36087,53.915222,0.227451,0.23333335,1423561491,47601697052788
2,355.7804,275.90417,355.7804,56.904175,0.21960786,0.23333335,1423561491,47601707338154
1,355.7804,275.90417,355.7804,56.904175,0.21960786,0.23333335,1423561491,47601708223245
0,349.7841,349.8785,349.7841,130.87851,0.21568629,0.23333335,1423561495,47605823895456
1,349.7841,349.8785,349.7841,130.87851,0.21568629,0.23333335,1423561496,47606478984727
0,354.44788,411.857,354.44788,192.857,0.19215688,0.23333335,1423561500,47610563220954
1,354.44788,411.857,354.44788,192.857,0.19215688,0.23333335,1423561500,47610912862340
0,338.45776,386.53244,338.45776,167.53244,0.21568629,0.23333335,1423561500,47610958764980
2,337.09705,382.4492,337.09705,163.44919,0.20392159,0.23333335,1423561500,47611033845097
2,335.7132,371.90094,335.7132,152.90094,0.20392159,0.23333335,1423561500,47611051638474
1,335.7132,371.90094,335.7132,152.90094,0.20392159,0.23333335,1423561500,47611059695852
0,353.78162,579.79865,353.78162,360.79865,0.19215688,0.23333335,1423561504,47615120614514
1,353.78162,579.79865,353.78162,360.79865,0.19215688,0.23333335,1423561505,47615681670519
0,338.45776,495.82782,338.45776,276.82782,0.18431373,0.23333335,1423561509,47619712740257
1,338.45776,495.82782,338.45776,276.82782,0.18431373,0.23333335,1423561509,47619717867680
0,341.12277,495.16138,341.12277,276.16138,0.20000002,0.23333335,1423561509,47619738804655
1,341.12277,495.16138,341.12277,276.16138,0.20000002,0.23333335,1423561509,47619982570869
0,333.12772,464.50537,333.12772,245.50537,0.21960786,0.23333335,1423561509,47620035981522
2,331.19293,453.5601,331.19293,234.56009,0.227451,0.23333335,1423561509,47620124185397
2,330.46268,446.40024,330.46268,227.40024,0.227451,0.23333335,1423561509,47620140727439
2,330.46268,439.96387,330.46268,220.96387,0.22352943,0.23333335,1423561509,47620157055839
2,330.46268,439.18082,330.46268,220.18082,0.21568629,0.23333335,1423561509,47620162213782
1,330.46268,439.18082,330.46268,220.18082,0.21568629,0.23333335,1423561509,47620163129393
0,329.79642,373.20374,329.79642,154.20374,0.21568629,0.23333335,1423561509,47620205644271
1,329.79642,373.20374,329.79642,154.20374,0.21568629,0.23333335,1423561509,47620247518222
0,351.1166,587.12946,351.1166,368.12946,0.20392159,0.23333335,1423561513,47624284844637
1,351.1166,587.12946,351.1166,368.12946,0.20392159,0.23333335,1423561514,47624851485869
0,343.78778,389.19818,343.78778,170.19818,0.21176472,0.23333335,1423561518,47629032288557
1,343.78778,389.19818,343.78778,170.19818,0.21176472,0.23333335,1423561519,47629808207981
0,346.45282,343.88058,346.45282,124.880585,0.21176472,0.23333335,1423561523,47633869462369
1,346.45282,343.88058,346.45282,124.880585,0.21176472,0.23333335,1423561524,47634763068350
0,361.11044,259.90973,361.11044,40.90973,0.21568629,0.23333335,1423561528,47639206163114
2,359.71756,268.2692,359.71756,49.269196,0.21176472,0.23333335,1423561528,47639288507080
2,358.41632,278.10712,358.41632,59.107117,0.19607845,0.23333335,1423561528,47639305049121
1,358.41632,278.10712,358.41632,59.107117,0.19607845,0.23333335,1423561528,47639308009597
0,348.45157,355.21,348.45157,136.20999,0.1764706,0.23333335,1423561532,47643404759177
1,348.45157,355.21,348.45157,136.20999,0.1764706,0.23333335,1423561533,47644306056295
0,353.11536,409.85767,353.11536,190.85767,0.20392159,0.23333335,1423561538,47648453469691
1,353.11536,409.85767,353.11536,190.85767,0.20392159,0.23333335,1423561538,47648757574681
0,339.79025,391.19748,339.79025,172.19748,0.21176472,0.23333335,1423561538,47648772560184
2,337.49203,383.8179,337.49203,164.8179,0.20784315,0.23333335,1423561538,47648859299082
2,336.012,373.1783,336.012,154.17831,0.20392159,0.23333335,1423561538,47648875871644
2,335.79272,371.20444,335.79272,152.20444,0.19607845,0.23333335,1423561538,47648881853637
1,335.79272,371.20444,335.79272,152.20444,0.19607845,0.23333335,1423561538,47648882738727
0,359.77792,259.90973,359.77792,40.90973,0.21960786,0.23333335,1423561542,47653342009291
2,358.82013,264.99152,358.82013,45.991516,0.21960786,0.23333335,1423561542,47653418645946
2,357.5217,272.78418,357.5217,53.78418,0.21176472,0.23333335,1423561543,47653435432150
2,357.1129,276.57062,357.1129,57.570618,0.19215688,0.23333335,1423561543,47653443794732
1,357.1129,276.57062,357.1129,57.570618,0.19215688,0.23333335,1423561543,47653444771384
0,347.78534,355.8764,347.78534,136.8764,0.21176472,0.23333335,1423561547,47657544145716
1,347.78534,355.8764,347.78534,136.8764,0.21176472,0.23333335,1423561548,47658464090779
0,360.44418,257.24402,360.44418,38.24402,0.21960786,0.23333335,1423561552,47662870927342
2,359.75446,261.3834,359.75446,42.383392,0.21960786,0.23333335,1423561552,47662952294655
2,358.2736,270.27106,358.2736,51.271057,0.21960786,0.23333335,1423561552,47662968928258
2,357.77914,273.23846,357.77914,54.238464,0.21568629,0.23333335,1423561552,47662978267491
1,357.77914,273.23846,357.77914,54.238464,0.21568629,0.23333335,1423561552,47662979122062
0,349.11783,356.54285,349.11783,137.54285,0.19215688,0.23333335,1423561556,47667052645640
1,349.11783,356.54285,349.11783,137.54285,0.19215688,0.23333335,1423561557,47667604484491
0,350.45035,587.12946,350.45035,368.12946,0.16470589,0.23333335,1423561561,47671601279852
1,350.45035,587.12946,350.45035,368.12946,0.16470589,0.23333335,1423561561,47672180831202
0,340.4565,495.16138,340.4565,276.16138,0.18039216,0.23333335,1423561565,47676242421312
1,340.4565,495.16138,340.4565,276.16138,0.18039216,0.23333335,1423561565,47676245442829
0,341.78903,496.49426,341.78903,277.49426,0.20392159,0.23333335,1423561565,47676266074603
1,341.78903,496.49426,341.78903,277.49426,0.20392159,0.23333335,1423561567,47677913075975
0,332.46146,461.83963,332.46146,242.83963,0.21960786,0.23333335,1423561567,47677941856685
1,332.46146,461.83963,332.46146,242.83963,0.21960786,0.23333335,1423561567,47677984005320
0,349.7841,254.57826,349.7841,35.578262,0.21176472,0.23333335,1423561571,47682391757493
2,350.0386,258.77158,350.0386,39.771576,0.22352943,0.23333335,1423561572,47682469004556
2,350.45035,266.56265,350.45035,47.562653,0.227451,0.23333335,1423561572,47682485729720
2,350.45035,274.2872,350.45035,55.2872,0.23137257,0.23333335,1423561572,47682501966559
2,350.45035,276.57062,350.45035,57.570618,0.227451,0.23333335,1423561572,47682511946722
1,350.45035,276.57062,350.45035,57.570618,0.227451,0.23333335,1423561572,47682513106496
0,349.7841,337.88266,349.7841,118.88266,0.21960786,0.23333335,1423561572,47682545763294
1,349.7841,337.88266,349.7841,118.88266,0.21960786,0.23333335,1423561572,47682587942448
