0,776.18756,319.88892,776.18756,100.888916,0.29803923,0.3,1423568587,52161708443538
2,777.5201,325.50735,777.5201,106.507355,0.30588236,0.26666668,1423568587,52161998509156
2,777.9663,328.55878,777.9663,109.55878,0.30588236,0.26666668,1423568587,52162009099725
2,778.18634,331.37265,778.18634,112.37265,0.30588236,0.26666668,1423568587,52162025580726
2,778.18634,333.9421,778.18634,114.94211,0.30588236,0.26666668,1423568587,52162042000686
2,778.18634,336.51486,778.18634,117.51486,0.30588236,0.26666668,1423568587,52162058359606
2,778.18634,339.0869,778.18634,120.086914,0.30588236,0.26666668,1423568587,52162075237371
2,778.18634,340.18854,778.18634,121.18854,0.30588236,0.26666668,1423568587,52162091809933
2,778.18634,342.37402,778.18634,123.37402,0.3019608,0.26666668,1423568587,52162108962383
2,778.18634,343.54736,778.18634,124.54736,0.30588236,0.26666668,1423568587,52162126297954
2,778.18634,344.44125,778.18634,125.44125,0.30588236,0.26666668,1423568587,52162140978253
2,778.18634,345.89673,778.18634,126.89673,0.3019608,0.26666668,1423568587,52162157062489
2,778.18634,347.22037,778.18634,128.22037,0.3019608,0.26666668,1423568587,52162173238287
2,778.18634,348.51254,778.18634,129.51254,0.30588236,0.26666668,1423568587,52162189597206
2,778.18634,349.79123,778.18634,130.79123,0.30588236,0.26666668,1423568587,52162205986647
2,778.18634,351.08237,778.18634,132.08237,0.30588236,0.26666668,1423568587,52162222376086
2,778.18634,352.36972,778.18634,133.36972,0.3019608,0.26666668,1423568587,52162238735006
2,778.18634,352.87747,778.18634,133.87747,0.30588236,0.26666668,1423568587,52162255216007
2,777.515,352.54425,777.515,133.54425,0.30588236,0.26666668,1423568588,52163304567450
2,775.6536,354.4112,775.6536,135.4112,0.30588236,0.26666668,1423568588,52163410808865
2,774.323,355.74213,774.323,136.74213,0.30588236,0.26666668,1423568588,52163426862580
2,773.0386,357.02692,773.0386,138.02692,0.30588236,0.26666668,1423568588,52163443221500
2,772.85626,358.31403,772.85626,139.31403,0.30588236,0.26666668,1423568588,52163459610941
2,772.85626,358.8754,772.85626,139.8754,0.30588236,0.26666668,1423568588,52163477190675
2,772.08527,358.54218,772.08527,139.54218,0.30588236,0.26666668,1423568588,52163526420035
2,770.63824,358.54218,770.63824,139.54218,0.30588236,0.26666668,1423568588,52163542229588
2,769.3363,358.54218,769.3363,139.54218,0.30588236,0.26666668,1423568588,52163558405386
2,766.58685,358.54218,766.58685,139.54218,0.30588236,0.26666668,1423568588,52163574794825
2,762.43335,356.2567,762.43335,137.25671,0.3019608,0.26666668,1423568588,52163591794672
2,759.40625,353.75214,759.40625,134.75214,0.3019608,0.26666668,1423568589,52163607665266
2,756.851,349.85577,756.851,130.85577,0.3019608,0.26666668,1423568589,52163623841065
2,754.2674,345.34598,754.2674,126.34598,0.29803923,0.23333335,1423568589,52163640322067
2,751.113,339.62082,751.113,120.62082,0.29803923,0.26666668,1423568589,52163656742027
2,747.4754,328.33142,747.4754,109.33142,0.2627451,0.23333335,1423568589,52163674840608
2,745.7095,323.2336,745.7095,104.23361,0.27058825,0.23333335,1423568589,52163689276743
2,744.4313,319.6706,744.4313,100.67059,0.2901961,0.23333335,1423568589,52163705635663
2,742.95056,319.22247,742.95056,100.22247,0.29411766,0.23333335,1423568589,52163724466732
2,742.54175,319.22247,742.54175,100.22247,0.29411766,0.26666668,1423568589,52163738475583
2,742.19354,319.22247,742.19354,100.22247,0.2901961,0.23333335,1423568589,52163754742941
2,741.5423,319.88892,741.5423,100.888916,0.26666668,0.23333335,1423568589,52163762708758
1,741.5423,319.88892,741.5423,100.888916,0.26666668,0.23333335,1423568589,52163763502288
0,565.6508,387.8653,565.6508,168.8653,0.3019608,0.26666668,1423568593,52167855338088
2,570.72577,379.91763,570.72577,160.91763,0.30588236,0.26666668,1423568593,52168484668166
2,573.76483,373.6323,573.76483,154.6323,0.30588236,0.26666668,1423568593,52168494312603
2,580.62634,359.4032,580.62634,140.4032,0.3019608,0.26666668,1423568593,52168510946206
2,586.88007,344.61377,586.88007,125.61377,0.3019608,0.26666668,1423568593,52168527274605
2,591.91455,329.71252,591.91455,110.712524,0.29803923,0.26666668,1423568593,52168544213411
2,596.3716,316.31332,596.3716,97.313324,0.29803923,0.26666668,1423568593,52168559900883
2,598.9166,307.3676,598.9166,88.367615,0.29411766,0.26666668,1423568593,52168576229284
2,598.9636,303.89447,598.9636,84.89447,0.2901961,0.26666668,1423568593,52168588101708
1,598.9636,303.89447,598.9636,84.89447,0.2901961,0.26666668,1423568593,52168588895238
0,610.29,359.87503,610.29,140.87503,0.29411766,0.26666668,1423568598,52172725351821
2,613.40643,350.52304,613.40643,131.52304,0.30588236,0.26666668,1423568598,52173093885318
2,614.9735,346.48694,614.9735,127.48694,0.30588236,0.26666668,1423568598,52173102705706
2,617.63873,338.48926,617.63873,119.48926,0.30588236,0.26666668,1423568598,52173119278268
2,620.2012,329.54968,620.2012,110.54968,0.30588236,0.26666668,1423568598,52173135698228
2,622.77295,318.7691,622.77295,99.769104,0.30588236,0.26666668,1423568598,52173152728595
2,625.37244,306.64713,625.37244,87.647125,0.30588236,0.26666668,1423568598,52173168690750
2,627.91907,296.00388,627.91907,77.003876,0.30588236,0.26666668,1423568598,52173185080190
2,629.78503,285.17776,629.78503,66.177765,0.30588236,0.26666668,1423568598,52173202354720
2,632.4119,276.0961,632.4119,57.0961,0.30588236,0.26666668,1423568598,52173217859069
2,634.3142,269.14218,634.3142,50.14218,0.30588236,0.26666668,1423568598,52173234004347
2,636.88855,263.34525,636.88855,44.345245,0.30588236,0.26666668,1423568598,52173250821072
2,638.20337,259.45132,638.20337,40.451324,0.30588236,0.3,1423568598,52173266783226
2,639.49304,256.13556,639.49304,37.13556,0.30588236,0.3,1423568598,52173283203186
2,640.7752,253.57048,640.7752,34.57048,0.30588236,0.3,1423568598,52173299592626
2,641.60394,251.00069,641.60394,32.000687,0.30588236,0.26666668,1423568598,52173315951548
2,641.60394,248.03279,641.60394,29.032791,0.30588236,0.26666668,1423568598,52173334813138
2,641.60394,246.88153,641.60394,27.88153,0.30588236,0.26666668,1423568598,52173348699908
2,641.60394,245.59413,641.60394,26.594131,0.30588236,0.26666668,1423568598,52173365394551
2,639.9383,242.58244,639.9383,23.582443,0.3019608,0.26666668,1423568598,52173381753471
2,637.7782,235.1006,637.7782,16.100601,0.29803923,0.26666668,1423568598,52173398112390
2,636.9402,231.91946,636.9402,12.919464,0.29411766,0.26666668,1423568598,52173406505492
1,636.9402,231.91946,636.9402,12.919464,0.29411766,0.26666668,1423568598,52173407268501
0,725.5521,426.51855,725.5521,207.51855,0.2901961,0.23333335,1423568602,52177538597663
2,731.65265,424.26236,731.65265,205.26236,0.30588236,0.26666668,1423568603,52177872215855
2,736.3816,422.43527,736.3816,203.43527,0.30588236,0.26666668,1423568603,52177894892491
2,738.4899,420.24164,738.4899,201.24164,0.30588236,0.26666668,1423568603,52177908077292
2,741.06464,417.66623,741.06464,198.66623,0.30588236,0.26666668,1423568603,52177924619333
2,743.659,415.07114,743.659,196.07114,0.30588236,0.3,1423568603,52177941466579
2,746.2405,411.47208,746.2405,192.47208,0.30588236,0.26666668,1423568603,52177957337172
2,748.81195,407.61392,748.81195,188.61392,0.30588236,0.26666668,1423568603,52177973726612
2,751.39325,403.7409,751.39325,184.7409,0.30588236,0.26666668,1423568603,52177990512816
2,753.293,399.89075,753.293,180.89075,0.30588236,0.26666668,1423568603,52178006963297
2,754.3688,396.02588,754.3688,177.02588,0.30588236,0.26666668,1423568603,52178023078053
2,755.6492,392.96567,755.6492,173.96567,0.30588236,0.26666668,1423568603,52178039498013
2,756.94836,390.36655,756.94836,171.36655,0.30588236,0.26666668,1423568603,52178055887453
2,757.564,387.8021,757.564,168.8021,0.30588236,0.26666668,1423568603,52178072154812
2,758.19867,386.544,758.19867,167.544,0.30588236,0.26666668,1423568603,52178088422171
2,758.8649,385.2674,758.8649,166.2674,0.30588236,0.26666668,1423568603,52178104811610
2,758.8649,383.96967,758.8649,164.96967,0.30588236,0.26666668,1423568603,52178121201050
2,758.8649,382.02036,758.8649,163.02036,0.30588236,0.26666668,1423568603,52178137590490
2,758.8649,379.12573,758.8649,160.12573,0.30588236,0.26666668,1423568603,52178153979930
2,758.44183,375.68945,758.44183,156.68945,0.3019608,0.26666668,1423568603,52178170766135
2,756.7858,371.71024,756.7858,152.71024,0.3019608,0.26666668,1423568603,52178186728290
2,753.881,366.2278,753.881,147.22781,0.3019608,0.26666668,1423568603,52178203117729
2,750.9744,358.8559,750.9744,139.8559,0.3019608,0.26666668,1423568603,52178219476649
2,747.7311,347.9831,747.7311,128.9831,0.29411766,0.26666668,1423568603,52178236018690
1,747.7311,347.9831,747.7311,128.9831,0.29411766,0.26666668,1423568603,52178237025863
0,618.28503,411.19055,618.28503,192.19055,0.3019608,0.26666668,1423568607,52182446365099
2,619.61755,400.72678,619.61755,181.72678,0.30588236,0.26666668,1423568608,52182794175261
2,620.2838,390.59213,620.2838,171.59213,0.30588236,0.26666668,1423568608,52182810747822
2,621.4796,379.62885,621.4796,160.62885,0.30588236,0.26666668,1423568608,52182827137262
2,622.7689,369.31183,622.7689,150.31183,0.30588236,0.26666668,1423568608,52182843465661
2,623.61505,360.14987,623.61505,141.14987,0.30588236,0.26666668,1423568608,52182859855101
2,624.2813,352.20242,624.2813,133.20242,0.30588236,0.26666668,1423568608,52182876244541
2,624.2813,345.56165,624.2813,126.561646,0.30588236,0.26666668,1423568608,52182892633980
2,624.2813,340.02817,624.2813,121.02817,0.30588236,0.3,1423568608,52182909053941
2,624.2813,334.86514,624.2813,115.86514,0.30588236,0.26666668,1423568608,52182925962229
2,624.2813,331.11093,624.2813,112.11093,0.30588236,0.26666668,1423568608,52182942382189
2,624.2813,328.21603,624.2813,109.216034,0.30588236,0.26666668,1423568608,52182958557986
2,624.2813,325.64133,624.2813,106.64133,0.30588236,0.26666668,1423568608,52182975588353
2,624.2813,322.90717,624.2813,103.907166,0.30588236,0.26666668,1423568608,52182992252476
2,624.2813,319.79364,624.2813,100.79364,0.30588236,0.26666668,1423568608,52183007909427
2,624.2813,315.1168,624.2813,96.11679,0.30588236,0.26666668,1423568608,52183025061876
2,624.2813,310.06262,624.2813,91.06262,0.30588236,0.26666668,1423568608,52183040871429
2,624.2813,303.99487,624.2813,84.99487,0.3019608,0.26666668,1423568608,52183057260870
2,624.2813,293.08118,624.2813,74.08118,0.3019608,0.26666668,1423568608,52183073223024
2,623.1305,280.56915,623.1305,61.569153,0.3019608,0.26666668,1423568608,52183089520903
2,626.2801,264.5748,626.2801,45.5748,0.2901961,0.23333335,1423568608,52183103346631
1,626.2801,264.5748,626.2801,45.5748,0.2901961,0.23333335,1423568608,52183104659007
0,753.53485,364.54007,753.53485,145.54007,0.29411766,0.26666668,1423568612,52187172047990
2,757.34436,369.9226,757.34436,150.9226,0.30588236,0.26666668,1423568612,52187538353499
2,758.9749,372.36905,758.9749,153.36905,0.30588236,0.26666668,1423568612,52187552087666
2,761.85266,375.52588,761.85266,156.52588,0.30588236,0.26666668,1423568612,52187566249119
2,763.4762,378.43024,763.4762,159.43024,0.30588236,0.26666668,1423568612,52187584652903
2,764.60767,379.61447,764.60767,160.61447,0.30588236,0.26666668,1423568612,52187599027998
2,765.8883,380.89545,765.8883,161.89545,0.30588236,0.26666668,1423568613,52187615386919
2,766.1937,382.18304,766.1937,163.18304,0.30588236,0.26666668,1423568613,52187632020521
2,766.1937,383.50012,766.1937,164.50012,0.30588236,0.3,1423568613,52187648379441
2,766.86,384.76462,766.86,165.76462,0.30588236,0.3,1423568613,52187664768880
2,766.86,386.1303,766.86,167.13031,0.30588236,0.3,1423568613,52187681494045
2,766.86,386.62442,766.86,167.62442,0.30588236,0.3,1423568613,52187717172360
2,766.86,387.21448,766.86,168.21448,0.30588236,0.3,1423568613,52188063761709
2,766.86,387.9115,766.86,168.9115,0.30588236,0.3,1423568613,52188173757130
2,766.86,388.58868,766.86,169.58868,0.30588236,0.3,1423568613,52188281341443
2,766.86,389.24002,766.86,170.24002,0.30588236,0.3,1423568613,52188396708450
2,766.86,389.89682,766.86,170.89682,0.30588236,0.3,1423568613,52188562891878
2,766.86,390.5501,766.86,171.55011,0.30588236,0.26666668,1423568614,52188843435140
2,766.86,391.25284,766.86,172.25284,0.30588236,0.26666668,1423568614,52188938689223
2,766.86,391.97098,766.86,172.97098,0.30588236,0.3,1423568614,52188984591862
2,765.2429,390.91287,765.2429,171.91287,0.3019608,0.26666668,1423568614,52189125473902
2,764.57556,390.24533,764.57556,171.24533,0.3019608,0.26666668,1423568614,52189138780784
2,763.25745,386.11353,763.25745,167.11353,0.29803923,0.26666668,1423568614,52189149829159
2,760.8638,380.53455,760.8638,161.53455,0.29803923,0.26666668,1423568614,52189168324504
2,759.9596,375.5842,759.9596,156.5842,0.29803923,0.26666668,1423568614,52189182730120
2,757.18616,371.35132,757.18616,152.35132,0.2901961,0.23333335,1423568614,52189199180600
1,757.18616,371.35132,757.18616,152.35132,0.2901961,0.23333335,1423568614,52189200920261
0,588.3035,367.2058,588.3035,148.20581,0.2901961,0.23333335,1423568618,52193268400807
2,586.7257,358.6483,586.7257,139.64828,0.30588236,0.26666668,1423568619,52193825000835
2,585.5043,352.5394,585.5043,133.5394,0.30588236,0.26666668,1423568619,52193839986338
2,584.18134,345.92297,584.18134,126.92297,0.30588236,0.3,1423568619,52193856619940
2,582.73334,340.2539,582.73334,121.25391,0.30588236,0.3,1423568619,52193875115286
2,582.30725,335.7851,582.30725,116.785095,0.30588236,0.26666668,1423568619,52193889215698
2,582.30725,331.91934,582.30725,112.91934,0.30588236,0.26666668,1423568619,52193905574617
2,582.30725,327.5407,582.30725,108.54071,0.30588236,0.26666668,1423568619,52193924405688
2,582.30725,324.76263,582.30725,105.762634,0.30588236,0.26666668,1423568619,52193938384019
2,582.30725,321.00705,582.30725,102.00705,0.30588236,0.26666668,1423568619,52193954773459
2,581.1725,316.01514,581.1725,97.01514,0.30588236,0.26666668,1423568619,52193973726609
2,579.8838,308.6765,579.8838,89.67651,0.3019608,0.26666668,1423568619,52193988071184
2,578.97595,301.59882,578.97595,82.598816,0.3019608,0.26666668,1423568619,52194004002818
2,577.9641,293.47763,577.9641,74.47763,0.3019608,0.26666668,1423568619,52194020483819
2,576.6795,284.1852,576.6795,65.18521,0.3019608,0.26666668,1423568619,52194036751178
2,576.3109,271.94922,576.3109,52.94922,0.29803923,0.23333335,1423568619,52194053323742
2,577.64343,263.2419,577.64343,44.241913,0.2901961,0.23333335,1423568619,52194061533722
1,577.64343,263.2419,577.64343,44.241913,0.2901961,0.23333335,1423568619,52194062296731
0,743.541,357.2093,743.541,138.20929,0.2901961,0.23333335,1423568623,52198001866391
2,743.541,350.3776,743.541,131.3776,0.3019608,0.26666668,1423568625,52200144274449
2,743.229,343.96503,743.229,124.96503,0.29803923,0.23333335,1423568625,52200164784139
2,742.8748,342.54773,742.8748,123.54773,0.29411766,0.26666668,1423568625,52200172322672
1,742.8748,342.54773,742.8748,123.54773,0.29411766,0.26666668,1423568625,52200173116201
0,758.19867,272.57202,758.19867,53.57202,0.29411766,0.26666668,1423568629,52204094587288
2,761.5312,278.90503,761.5312,59.90503,0.30588236,0.26666668,1423568629,52204409008160
2,763.9414,283.14053,763.9414,64.14053,0.30588236,0.26666668,1423568629,52204425519681
2,765.22833,285.96878,765.22833,66.96878,0.30588236,0.26666668,1423568629,52204441909121
2,766.5142,288.54114,766.5142,69.54114,0.30588236,0.26666668,1423568629,52204458268040
2,767.8143,291.142,767.8143,72.142,0.30588236,0.26666668,1423568629,52204475389969
2,769.18445,292.2244,769.18445,73.224396,0.30588236,0.26666668,1423568629,52204491901490
2,770.3889,293.42917,770.3889,74.42917,0.30588236,0.26666668,1423568629,52204507833124
2,771.6651,296.18002,771.6651,77.18002,0.30588236,0.26666668,1423568629,52204524131003
2,772.9502,298.0845,772.9502,79.0845,0.30588236,0.26666668,1423568629,52204540642524
2,773.57074,299.27768,773.57074,80.27768,0.30588236,0.26666668,1423568629,52204556818321
2,774.1888,300.56274,774.1888,81.562744,0.30588236,0.3,1423568629,52204572994119
2,774.85504,301.85007,774.85504,82.85007,0.30588236,0.3,1423568629,52204589383558
2,776.09454,303.135,776.09454,84.13501,0.30588236,0.3,1423568630,52204605742479
2,776.18756,304.61868,776.18756,85.61868,0.30588236,0.3,1423568630,52204624878752
2,776.18756,305.70724,776.18756,86.707245,0.30588236,0.3,1423568630,52204638521358
2,776.18756,306.89343,776.18756,87.89343,0.30588236,0.3,1423568630,52204654941318
2,776.18756,307.31015,776.18756,88.31015,0.30588236,0.3,1423568630,52204687537077
2,776.18756,307.95242,776.18756,88.95242,0.30588236,0.3,1423568630,52204720865323
2,776.95746,307.89307,776.95746,88.89307,0.30588236,0.3,1423568630,52204736827477
2,776.8538,308.57794,776.8538,89.57794,0.30588236,0.3,1423568630,52205034187465
2,776.8538,309.2638,776.8538,90.263794,0.30588236,0.3,1423568630,52205116867155
2,776.8538,309.93842,776.8538,90.938416,0.30588236,0.3,1423568630,52205236537534
2,776.8538,310.64227,776.8538,91.64227,0.30588236,0.3,1423568630,52205302736222
2,776.8538,311.2506,776.8538,92.25061,0.30588236,0.3,1423568630,52205510579957
2,776.8538,311.9087,776.8538,92.90869,0.30588236,0.3,1423568631,52205824115743
2,776.8538,312.58853,776.8538,93.58853,0.30588236,0.3,1423568631,52206001194943
2,776.8538,310.98904,776.8538,91.989044,0.3019608,0.26666668,1423568631,52206138078814
2,776.51306,309.21066,776.51306,90.21066,0.3019608,0.26666668,1423568631,52206155231263
2,775.2274,306.3447,775.2274,87.344696,0.3019608,0.26666668,1423568631,52206171559662
2,773.9391,301.5626,773.9391,82.56259,0.29803923,0.26666668,1423568631,52206188193265
2,772.85626,299.22943,772.85626,80.22943,0.29411766,0.26666668,1423568631,52206196342204
1,772.85626,299.22943,772.85626,80.22943,0.29411766,0.26666668,1423568631,52206197135734
0,584.9722,343.21414,584.9722,124.21414,0.29411766,0.23333335,1423568635,52210215753161
2,590.67,343.21414,590.67,124.21414,0.3019608,0.26666668,1423568635,52210347723250
2,594.2998,343.21414,594.2998,124.21414,0.3019608,0.26666668,1423568635,52210365821832
2,596.96484,343.21414,596.96484,124.21414,0.3019608,0.26666668,1423568635,52210382028149
2,597.87714,343.21414,597.87714,124.21414,0.3019608,0.26666668,1423568635,52210398509150
2,599.1606,343.21414,599.1606,124.21414,0.3019608,0.26666668,1423568635,52210415203793
2,600.4972,343.21414,600.4972,124.21414,0.3019608,0.26666668,1423568635,52210431715315
2,601.74414,343.21414,601.74414,124.21414,0.3019608,0.26666668,1423568635,52210447799551
2,603.0306,343.21414,603.0306,124.21414,0.3019608,0.26666668,1423568635,52210464646796
2,603.6445,343.21414,603.6445,124.21414,0.30588236,0.26666668,1423568635,52210480639471
2,604.6072,343.21414,604.6072,124.21414,0.30588236,0.26666668,1423568635,52210513326790
2,605.06464,343.21414,605.06464,124.21414,0.30588236,0.26666668,1423568635,52210564326332
2,604.9599,341.78714,604.9599,122.78714,0.30588236,0.26666668,1423568636,52210778457264
2,604.9599,340.31464,604.9599,121.31464,0.30588236,0.26666668,1423568636,52210797318854
2,604.9599,339.3482,604.9599,120.348206,0.30588236,0.26666668,1423568636,52210809893248
2,604.9599,338.07788,604.9599,119.07788,0.30588236,0.26666668,1423568636,52210826252168
2,604.9599,336.5518,604.9599,117.55179,0.30588236,0.26666668,1423568636,52210845052717
2,604.9599,334.35464,604.9599,115.354645,0.30588236,0.3,1423568636,52210859061568
2,604.9599,331.88474,604.9599,112.884735,0.30588236,0.26666668,1423568636,52210875695170
2,604.9599,328.9704,604.9599,109.9704,0.30588236,0.26666668,1423568636,52210892206693
2,604.9599,324.9793,604.9599,105.97931,0.30588236,0.26666668,1423568636,52210908260408
2,604.9599,321.12454,604.9599,102.12454,0.30588236,0.26666668,1423568636,52210925382337
2,604.9599,314.41666,604.9599,95.41666,0.30588236,0.26666668,1423568636,52210941893858
2,605.8054,304.2802,605.8054,85.28021,0.3019608,0.26666668,1423568636,52210957947574
2,605.62616,293.92267,605.62616,74.92267,0.3019608,0.26666668,1423568636,52210975283146
2,605.62616,284.43454,605.62616,65.43454,0.3019608,0.26666668,1423568636,52210990726456
2,604.3109,275.37582,604.3109,56.375824,0.3019608,0.26666668,1423568636,52211007146416
2,601.64154,261.2898,601.64154,42.289795,0.3019608,0.26666668,1423568636,52211023139091
2,599.6299,251.2461,599.6299,32.246094,0.2901961,0.23333335,1423568636,52211034675792
1,599.6299,251.2461,599.6299,32.246094,0.2901961,0.23333335,1423568636,52211035499842
0,768.85876,377.20233,768.85876,158.20233,0.3019608,0.26666668,1423568640,52215015753160
2,766.7224,368.13312,766.7224,149.13312,0.3019608,0.26666668,1423568641,52215791519984
2,765.48303,366.4801,765.48303,147.4801,0.30588236,0.26666668,1423568641,52215796281162
2,759.62256,355.3928,759.62256,136.39279,0.3019608,0.26666668,1423568641,52215815295353
2,755.7673,345.2481,755.7673,126.24811,0.3019608,0.3,1423568641,52215829212644
2,753.10254,333.0549,753.10254,114.0549,0.3019608,0.26666668,1423568641,52215845632604
2,751.70044,317.0317,751.70044,98.03171,0.29803923,0.26666668,1423568641,52215861961003
2,748.1483,306.65048,748.1483,87.65048,0.29411766,0.23333335,1423568641,52215878350443
2,747.5386,305.22736,747.5386,86.227356,0.2901961,0.23333335,1423568641,52215884118793
1,747.5386,305.22736,747.5386,86.227356,0.2901961,0.23333335,1423568641,52215884881802
0,441.72733,447.17804,441.72733,228.17804,0.29803923,0.26666668,1423568645,52219941191890
2,441.72733,439.96442,441.72733,220.96442,0.30588236,0.26666668,1423568645,52220592008309
2,441.72733,436.96304,441.72733,217.96304,0.30588236,0.26666668,1423568645,52220603117724
2,441.72733,433.14005,441.72733,214.14005,0.30588236,0.26666668,1423568646,52220619201960
2,441.72733,430.53052,441.72733,211.53052,0.30588236,0.26666668,1423568646,52220635621921
2,441.72733,427.54587,441.72733,208.54587,0.30588236,0.26666668,1423568646,52220654971836
2,441.72733,426.62735,441.72733,207.62735,0.30588236,0.26666668,1423568646,52220668431321
2,441.72733,425.3412,441.72733,206.34119,0.30588236,0.26666668,1423568646,52220684759721
2,441.72733,424.04413,441.72733,205.04413,0.30588236,0.26666668,1423568646,52220701149161
2,441.72733,422.85315,441.72733,203.85315,0.30588236,0.26666668,1423568646,52220718026927
2,441.72733,421.49307,441.72733,202.49307,0.30588236,0.26666668,1423568646,52220733928041
2,441.72733,420.18457,441.72733,201.18457,0.30588236,0.26666668,1423568646,52220750744766
2,441.72733,418.90097,441.72733,199.90097,0.30588236,0.26666668,1423568646,52220766645879
2,441.72733,417.6123,441.72733,198.6123,0.30588236,0.26666668,1423568646,52220783157401
2,441.72733,416.3243,441.72733,197.32431,0.30588236,0.26666668,1423568646,52220806261323
2,441.72733,415.04114,441.72733,196.04114,0.30588236,0.26666668,1423568646,52220816668770
2,441.72733,413.76636,441.72733,194.76636,0.30588236,0.26666668,1423568646,52220833088730
2,441.72733,412.4704,441.72733,193.4704,0.30588236,0.26666668,1423568646,52220848776201
2,441.72733,411.18054,441.72733,192.18054,0.30588236,0.3,1423568646,52220864890959
2,441.72733,409.86203,441.72733,190.86203,0.30588236,0.3,1423568646,52220881585603
2,441.72733,408.6035,441.72733,189.60349,0.30588236,0.3,1423568646,52220897578278
2,441.72733,407.52515,441.72733,188.52515,0.30588236,0.3,1423568646,52220914395003
2,441.72733,406.94162,441.72733,187.94162,0.30588236,0.3,1423568646,52220930509759
2,441.72733,406.47815,441.72733,187.47815,0.30588236,0.3,1423568646,52221045632603
2,441.72733,405.79507,441.72733,186.79507,0.30588236,0.3,1423568646,52221132402022
2,441.72733,405.11716,441.72733,186.11716,0.30588236,0.3,1423568646,52221198692273
2,441.72733,404.49628,441.72733,185.49628,0.30588236,0.3,1423568646,52221377511137
2,441.72733,403.1878,441.72733,184.1878,0.30588236,0.26666668,1423568646,52221578091023
2,441.38898,402.18845,441.38898,183.18845,0.30588236,0.26666668,1423568646,52221590207611
2,440.09692,400.89606,440.09692,181.89606,0.30588236,0.26666668,1423568647,52221606627571
2,438.82874,399.6275,438.82874,180.6275,0.30588236,0.26666668,1423568647,52221623291694
2,437.7298,396.3037,437.7298,177.30371,0.30588236,0.26666668,1423568647,52221639955817
2,437.7298,387.2245,437.7298,168.22449,0.29803923,0.26666668,1423568647,52221660587589
2,433.94638,379.47925,433.94638,160.47925,0.29411766,0.23333335,1423568647,52221672490534
2,432.39975,375.86948,432.39975,156.86948,0.29411766,0.23333335,1423568647,52221681921329
1,432.39975,375.86948,432.39975,156.86948,0.29411766,0.23333335,1423568647,52221682775899
0,724.88586,342.54773,724.88586,123.54773,0.29411766,0.23333335,1423568651,52225677038066
2,732.811,344.3629,732.811,125.362915,0.3019608,0.26666668,1423568651,52225767469929
2,736.8459,345.64688,736.8459,126.64688,0.3019608,0.26666668,1423568651,52225783828849
2,739.64716,346.26495,739.64716,127.26495,0.3019608,0.26666668,1423568651,52225802171592
2,742.21674,347.55008,742.21674,128.55008,0.3019608,0.26666668,1423568651,52225816577208
2,744.7881,348.83612,744.7881,129.83612,0.3019608,0.26666668,1423568651,52225833119249
2,747.4004,349.21207,747.4004,130.21207,0.3019608,0.26666668,1423568651,52225849661292
2,748.40826,350.7484,748.40826,131.74841,0.30588236,0.26666668,1423568651,52225865989692
2,750.52686,352.86755,750.52686,133.86755,0.30588236,0.26666668,1423568651,52225882409652
2,751.64685,353.98785,751.64685,134.98785,0.30588236,0.26666668,1423568651,52225898615970
2,752.92694,355.26837,752.92694,136.26837,0.30588236,0.26666668,1423568651,52225915707378
2,754.23737,357.9483,754.23737,138.9483,0.30588236,0.26666668,1423568651,52225931547451
2,755.44916,360.37247,755.44916,141.37247,0.30588236,0.26666668,1423568651,52225947875850
2,756.81165,361.81982,756.81165,142.81982,0.30588236,0.26666668,1423568651,52225964784136
2,758.0865,363.095,758.0865,144.095,0.30588236,0.26666668,1423568651,52225980654730
2,758.19867,364.20688,758.19867,145.20688,0.30588236,0.26666668,1423568651,52225997013650
2,759.5312,365.6114,759.5312,146.61139,0.30588236,0.26666668,1423568651,52226013250488
2,760.6039,366.9459,760.6039,147.94589,0.30588236,0.26666668,1423568651,52226029578887
2,761.8631,368.20547,761.8631,149.20547,0.30588236,0.26666668,1423568651,52226046212489
2,763.16547,371.14426,763.16547,152.14426,0.30588236,0.26666668,1423568651,52226062510369
2,763.5287,372.8048,763.5287,153.80481,0.30588236,0.26666668,1423568651,52226079174492
2,764.19495,374.0944,764.19495,155.09439,0.30588236,0.26666668,1423568651,52226095655493
2,764.19495,375.38327,764.19495,156.38327,0.30588236,0.26666668,1423568651,52226111953371
2,764.19495,376.6668,764.19495,157.66681,0.30588236,0.26666668,1423568651,52226128159689
2,764.19495,377.948,764.19495,158.948,0.30588236,0.26666668,1423568651,52226144732251
2,764.19495,379.23584,764.19495,160.23584,0.30588236,0.26666668,1423568651,52226160694407
2,763.5287,376.28366,763.5287,157.28366,0.30588236,0.26666668,1423568651,52226451370433
2,762.0101,374.35046,762.0101,155.35046,0.30588236,0.26666668,1423568651,52226476824423
2,761.64746,373.3213,761.64746,154.32129,0.30588236,0.26666668,1423568651,52226489826102
2,761.52997,372.0717,761.52997,153.07169,0.30588236,0.26666668,1423568651,52226506123980
2,761.0581,370.73242,761.0581,151.73242,0.30588236,0.26666668,1423568651,52226522513421
2,760.19745,369.43964,760.19745,150.43964,0.30588236,0.26666668,1423568651,52226538994422
2,759.19806,368.20547,759.19806,149.20547,0.30588236,0.26666668,1423568651,52226555628025
2,758.8649,366.8726,758.8649,147.87259,0.30588236,0.26666668,1423568651,52226571925903
2,757.86554,366.53937,757.86554,147.53937,0.30588236,0.26666668,1423568651,52226588132221
2,757.4078,365.7483,757.4078,146.74829,0.30588236,0.26666668,1423568652,52226605315191
2,756.533,364.8733,756.533,145.87329,0.30588236,0.26666668,1423568652,52226622040355
2,755.86676,365.2065,755.86676,146.20651,0.30588236,0.26666668,1423568652,52226642763687
2,755.3662,364.54007,755.3662,145.54007,0.30588236,0.26666668,1423568652,52226654086745
2,754.2935,364.54007,754.2935,145.54007,0.30588236,0.26666668,1423568652,52226670598267
2,753.2017,364.54007,753.2017,145.54007,0.30588236,0.26666668,1423568652,52226688452685
2,751.86926,364.54007,751.86926,145.54007,0.30588236,0.26666668,1423568652,52226736552791
2,751.3792,364.54007,751.3792,145.54007,0.30588236,0.26666668,1423568652,52226771956424
2,750.7652,363.76892,750.7652,144.76892,0.30588236,0.26666668,1423568652,52226822528681
2,748.7614,363.2072,748.7614,144.20721,0.30588236,0.26666668,1423568652,52226916500907
2,747.20544,363.2072,747.20544,144.20721,0.30588236,0.26666668,1423568652,52226984805500
2,745.8729,363.2072,745.8729,144.20721,0.30588236,0.26666668,1423568652,52227034523187
2,745.49164,363.2072,745.49164,144.20721,0.30588236,0.26666668,1423568652,52227064494192
2,744.63184,363.2072,744.63184,144.20721,0.30588236,0.26666668,1423568652,52227081524561
2,744.08325,363.2072,744.08325,144.20721,0.30588236,0.26666668,1423568652,52227132310461
2,743.2673,363.2072,743.2673,144.20721,0.30588236,0.26666668,1423568652,52227149829154
2,742.85895,363.2072,742.85895,144.20721,0.30588236,0.26666668,1423568652,52227179617037
2,742.09937,363.2072,742.09937,144.20721,0.30588236,0.26666668,1423568652,52227229121081
2,741.4625,363.2072,741.4625,144.20721,0.30588236,0.26666668,1423568652,52227297883479
2,740.87604,362.20755,740.87604,143.20755,0.30588236,0.26666668,1423568652,52227327976567
2,739.2104,362.54077,739.2104,143.54077,0.30588236,0.26666668,1423568652,52227383310001
2,738.7346,362.54077,738.7346,143.54077,0.30588236,0.26666668,1423568652,52227393870051
2,738.094,362.54077,738.094,143.54077,0.30588236,0.26666668,1423568652,52227410686777
2,737.47485,362.54077,737.47485,143.54077,0.30588236,0.26666668,1423568652,52227494556759
2,736.77454,362.54077,736.77454,143.54077,0.30588236,0.26666668,1423568652,52227542382183
2,736.103,362.54077,736.103,143.54077,0.30588236,0.26666668,1423568652,52227574733777
2,734.4535,360.7816,734.4535,141.78159,0.30588236,0.26666668,1423568653,52227607695779
2,733.17346,359.50116,733.17346,140.50116,0.30588236,0.26666668,1423568653,52227624054699
2,730.87415,357.2012,730.87415,138.2012,0.30588236,0.26666668,1423568653,52227640474660
2,728.01935,353.67923,728.01935,134.67923,0.3019608,0.26666668,1423568653,52227656833579
2,724.15576,348.90475,724.15576,129.90475,0.3019608,0.26666668,1423568653,52227673345100
2,720.314,342.25665,720.314,123.25665,0.3019608,0.26666668,1423568653,52227689795581
2,709.57947,319.48535,709.57947,100.48535,0.29803923,0.26666668,1423568653,52227706185021
2,688.967,286.47583,688.967,67.47583,0.29803923,0.23333335,1423568653,52227725077133
2,681.5793,277.23706,681.5793,58.23706,0.29411766,0.23333335,1423568653,52227733012429
1,681.5793,277.23706,681.5793,58.23706,0.29411766,0.23333335,1423568653,52227733805959
0,678.91425,351.21136,678.91425,132.21136,0.18039216,0.23333335,1423568657,52231936094987
1,678.91425,351.21136,678.91425,132.21136,0.18039216,0.23333335,1423568657,52231941313971
0,678.248,357.87573,678.248,138.87573,0.18823531,0.23333335,1423568657,52232066233853
261,678.248,357.87573,678.248,138.87573,0.18823531,0.23333335,1423568657,52232211388745
262,678.248,357.87573,678.248,138.87573,0.18823531,0.23333335,1423568657,52232222925446
2,678.248,357.87573,678.248,138.87573,0.18823531,0.23333335,1423568657,52232273711345
2,678.248,357.87573,678.248,138.87573,0.18823531,0.23333335,1423568657,52232592038828
1,678.248,357.87573,678.248,138.87573,0.18823531,0.23333335,1423568658,52232620850059
0,834.81805,290.56577,834.81805,71.565765,0.21176472,0.26666668,1423568661,52236600920256
2,831.78455,302.85947,831.78455,83.85947,0.2509804,0.23333335,1423568662,52236896052256
2,832.7506,303.82578,832.7506,84.825775,0.2901961,0.3,1423568662,52236908321446
2,834.65546,305.14603,834.65546,86.14603,0.29411766,0.3,1423568662,52236923398510
2,836.0336,306.4432,836.0336,87.44321,0.29411766,0.3,1423568662,52236939635348
2,837.30865,307.71866,837.30865,88.71866,0.29411766,0.3,1423568662,52236956055308
2,838.8088,309.21918,838.8088,90.21918,0.29411766,0.26666668,1423568662,52236975008459
2,839.89453,310.3052,839.89453,91.30521,0.29411766,0.26666668,1423568662,52236988895229
2,841.1793,311.59033,841.1793,92.59033,0.29411766,0.26666668,1423568662,52237005223629
2,842.4684,312.8798,842.4684,93.87979,0.29411766,0.26666668,1423568662,52237021765671
2,843.7769,314.1886,843.7769,95.1886,0.29411766,0.26666668,1423568662,52237038124591
2,844.47876,313.891,844.47876,94.89099,0.29411766,0.26666668,1423568662,52237055032877
2,844.1456,314.8415,844.1456,95.84149,0.29411766,0.26666668,1423568662,52237073100937
2,844.1456,312.88443,844.1456,93.88443,0.2901961,0.26666668,1423568663,52238575130541
2,843.848,311.594,843.848,92.593994,0.2901961,0.26666668,1423568663,52238590940094
2,842.5625,309.39102,842.5625,90.39102,0.2901961,0.26666668,1423568664,52238607329533
2,841.27716,306.8197,841.27716,87.8197,0.2392157,0.26666668,1423568664,52238623596892
2,839.9933,302.7635,839.9933,83.76349,0.20392159,0.26666668,1423568664,52238639986331
1,839.9933,302.7635,839.9933,83.76349,0.20392159,0.26666668,1423568664,52238641695473
0,715.5583,311.22525,715.5583,92.22525,0.20000002,0.23333335,1423568668,52242818194785
2,708.94025,295.36432,708.94025,76.36432,0.2901961,0.26666668,1423568668,52243532615664
2,708.2295,290.56577,708.2295,71.565765,0.26666668,0.26666668,1423568668,52243546532953
1,708.2295,290.56577,708.2295,71.565765,0.26666668,0.26666668,1423568668,52243556818319
0,519.6792,375.20303,519.6792,156.20303,0.227451,0.23333335,1423568673,52247608153583
1,519.6792,375.20303,519.6792,156.20303,0.227451,0.23333335,1423568674,52249409282836
0,661.5916,300.5623,661.5916,81.56229,0.20784315,0.23333335,1423568678,52253375466265
2,657.1481,289.0015,657.1481,70.001495,0.2392157,0.23333335,1423568679,52254307680517
2,655.92847,283.90143,655.92847,64.90143,0.21960786,0.23333335,1423568679,52254318301607
2,655.59534,281.9021,655.59534,62.9021,0.21176472,0.23333335,1423568679,52254324130998
1,655.59534,281.9021,655.59534,62.9021,0.21176472,0.23333335,1423568679,52254324924527
0,624.2813,401.86044,624.2813,182.86044,0.29411766,0.3,1423568683,52258282409648
2,621.64954,395.92914,621.64954,176.92914,0.3019608,0.26666668,1423568684,52259088147479
2,619.3401,389.4209,619.3401,170.4209,0.29803923,0.26666668,1423568684,52259108504567
2,617.1289,384.21954,617.1289,165.21954,0.29803923,0.26666668,1423568684,52259125382333
2,615.97845,378.63654,615.97845,159.63654,0.29803923,0.26666668,1423568684,52259142382180
2,614.7997,373.09985,614.7997,154.09985,0.29803923,0.26666668,1423568684,52259157856008
2,613.4942,365.77716,613.4942,146.77716,0.29803923,0.26666668,1423568684,52259175344181
2,612.217,358.11188,612.217,139.11188,0.29803923,0.26666668,1423568684,52259191306336
2,611.6225,349.1592,611.6225,130.15921,0.29803923,0.3,1423568684,52259207024328
2,611.6225,341.3697,611.6225,122.36969,0.29803923,0.26666668,1423568684,52259223230645
2,612.217,333.05322,612.217,114.05322,0.29411766,0.26666668,1423568684,52259239620085
2,612.2887,327.88614,612.2887,108.88614,0.29411766,0.26666668,1423568684,52259252041877
1,612.2887,327.88614,612.2887,108.88614,0.29411766,0.26666668,1423568684,52259252896448
0,774.85504,388.53174,774.85504,169.53174,0.29411766,0.26666668,1423568688,52263123001741
2,769.39386,381.70337,769.39386,162.70337,0.29803923,0.26666668,1423568689,52263921506245
2,767.1152,377.8499,767.1152,158.84991,0.29803923,0.26666668,1423568689,52263930845479
2,763.1883,372.7498,763.1883,153.74979,0.29803923,0.26666668,1423568689,52263946960235
2,758.63635,367.6436,758.63635,148.64359,0.29411766,0.23333335,1423568689,52263963441236
2,754.13513,359.74298,754.13513,140.74298,0.29411766,0.23333335,1423568689,52263979678074
2,750.28345,351.39767,750.28345,132.39767,0.29411766,0.23333335,1423568689,52263996036993
2,747.0147,341.11813,747.0147,122.11813,0.29411766,0.23333335,1423568689,52264012426433
2,744.987,330.90665,744.987,111.90665,0.29411766,0.23333335,1423568689,52264028785352
2,743.541,323.8875,743.541,104.88751,0.2627451,0.23333335,1423568689,52264041787032
1,743.541,323.8875,743.541,104.88751,0.2627451,0.23333335,1423568689,52264042855245
0,739.5435,339.21555,739.5435,120.215546,0.2901961,0.23333335,1423568693,52267928251246
2,738.19324,332.46225,738.19324,113.46225,0.29411766,0.23333335,1423568694,52268787125045
2,736.88995,327.2657,736.88995,108.265686,0.29411766,0.23333335,1423568694,52268803575525
2,736.8785,320.1732,736.8785,101.17319,0.29411766,0.23333335,1423568694,52268819934445
2,736.8785,313.73596,736.8785,94.73596,0.2901961,0.23333335,1423568694,52268836293364
2,736.8785,309.8924,736.8785,90.892395,0.24705884,0.23333335,1423568694,52268849142441
1,736.8785,309.8924,736.8785,90.892395,0.24705884,0.23333335,1423568694,52268850454817
0,768.85876,354.54355,768.85876,135.54355,0.29411766,0.26666668,1423568698,52272749279783
2,762.15796,347.841,762.15796,128.841,0.29803923,0.23333335,1423568698,52273535179369
2,759.9299,345.6122,759.9299,126.61221,0.29803923,0.23333335,1423568698,52273544915368
2,757.85266,343.5345,757.85266,124.534485,0.29803923,0.23333335,1423568698,52273558069648
2,755.3013,340.98242,755.3013,121.98242,0.29803923,0.23333335,1423568698,52273574489609
2,753.74194,339.4227,753.74194,120.4227,0.29803923,0.23333335,1423568698,52273591519977
2,752.1418,338.18558,752.1418,119.18558,0.29803923,0.23333335,1423568699,52273607207449
2,750.25214,336.9073,750.25214,117.90729,0.3019608,0.26666668,1423568699,52273623535848
2,748.59973,335.61194,748.59973,116.61194,0.3019608,0.26666668,1423568699,52273640199971
2,747.32086,334.3327,747.32086,115.3327,0.29803923,0.26666668,1423568699,52273656772533
2,745.9047,332.9162,745.9047,113.9162,0.29803923,0.26666668,1423568699,52273674626951
2,744.7482,331.75943,744.7482,112.75943,0.29803923,0.26666668,1423568699,52273689276729
2,743.40875,330.41962,743.40875,111.41962,0.29803923,0.26666668,1423568699,52273706642821
2,741.97156,330.55188,741.97156,111.55188,0.29803923,0.26666668,1423568699,52273724619321
2,740.8992,330.55188,740.8992,111.55188,0.29803923,0.26666668,1423568699,52273738292448
2,739.598,329.93994,739.598,110.93994,0.29803923,0.26666668,1423568699,52273755170213
2,738.907,329.88544,738.907,110.88544,0.29803923,0.26666668,1423568699,52273771559653
2,738.5632,329.88544,738.5632,110.88544,0.29803923,0.26666668,1423568699,52273791947262
2,738.13464,329.88544,738.13464,110.88544,0.29803923,0.26666668,1423568699,52273855490678
2,737.54474,329.16885,737.54474,110.16885,0.3019608,0.26666668,1423568699,52273902461531
2,736.83997,329.219,736.83997,110.218994,0.3019608,0.26666668,1423568699,52273935454053
2,736.16144,329.219,736.16144,110.218994,0.29803923,0.26666668,1423568699,52273988315338
2,736.2122,328.54395,736.2122,109.543945,0.29803923,0.26666668,1423568699,52274001591700
2,735.4747,328.55258,735.4747,109.55258,0.29803923,0.26666668,1423568699,52274086041570
2,734.3887,327.39496,734.3887,108.39496,0.29803923,0.26666668,1423568699,52274132768260
2,733.89185,326.898,733.89185,107.89801,0.29803923,0.26666668,1423568699,52274151507770
2,733.5257,327.2197,733.5257,108.219696,0.29803923,0.26666668,1423568699,52274231806869
2,732.83,327.2197,732.83,108.219696,0.29803923,0.26666668,1423568699,52274343877676
2,732.1304,327.2197,732.1304,108.219696,0.29803923,0.26666668,1423568699,52274396159073
2,731.5181,326.52295,731.5181,107.52295,0.3019608,0.26666668,1423568699,52274575191577
2,730.807,326.55328,730.807,107.55328,0.3019608,0.26666668,1423568700,52274626954129
2,730.1262,326.55328,730.1262,107.55328,0.3019608,0.26666668,1423568700,52274692756052
2,730.21594,325.0443,730.21594,106.04431,0.29803923,0.26666668,1423568700,52274759046301
2,730.21594,323.7509,730.21594,104.750885,0.29803923,0.23333335,1423568700,52274775985108
2,730.21594,322.42188,730.21594,103.421875,0.29803923,0.23333335,1423568700,52274792649231
2,730.21594,320.45694,730.21594,101.45694,0.29803923,0.23333335,1423568700,52274808855549
2,730.8827,316.55475,730.8827,97.55475,0.29411766,0.23333335,1423568700,52274824024174
2,731.501,310.79636,731.501,91.79636,0.29411766,0.23333335,1423568700,52274840474654
2,732.7791,305.07047,732.7791,86.070465,0.29411766,0.23333335,1423568700,52274856772533
2,733.54724,298.60403,733.54724,79.604034,0.2901961,0.23333335,1423568700,52274873131452
2,733.54724,294.5644,733.54724,75.56439,0.2901961,0.23333335,1423568700,52274886987702
1,733.54724,294.5644,733.54724,75.56439,0.2901961,0.23333335,1423568700,52274887842272
0,667.58795,295.2308,667.58795,76.230804,0.29411766,0.23333335,1423568704,52278788559500
2,666.25543,300.44177,666.25543,81.44177,0.29803923,0.23333335,1423568704,52278907070107
2,665.84186,302.72253,665.84186,83.722534,0.29803923,0.23333335,1423568704,52278918942531
2,664.9229,305.06183,664.9229,86.06183,0.29803923,0.23333335,1423568704,52278935667695
2,664.9229,306.35452,664.9229,87.35452,0.29803923,0.23333335,1423568704,52278951935053
2,664.9229,307.6538,664.9229,88.65381,0.29803923,0.23333335,1423568704,52278968355013
2,663.91437,308.90186,663.91437,89.901855,0.29803923,0.23333335,1423568704,52278984744453
2,662.5296,310.28702,662.5296,91.28702,0.29803923,0.23333335,1423568704,52279001896903
2,661.92474,310.89206,661.92474,91.89206,0.29803923,0.23333335,1423568704,52279017584374
2,661.5474,310.55884,661.5474,91.55884,0.29803923,0.23333335,1423568704,52279068858599
2,660.1164,310.55884,660.1164,91.55884,0.29803923,0.23333335,1423568704,52279084210347
2,658.847,311.97128,658.847,92.97128,0.29803923,0.26666668,1423568704,52279100630308
2,657.5625,312.58972,657.5625,93.58972,0.29803923,0.26666668,1423568704,52279116165177
2,656.2564,313.22455,656.2564,94.22455,0.29803923,0.26666668,1423568704,52279133897513
2,654.9931,313.22455,654.9931,94.22455,0.29803923,0.26666668,1423568704,52279148883016
2,653.704,313.22455,653.704,94.22455,0.29803923,0.26666668,1423568704,52279165180895
2,652.4002,313.22455,652.4002,94.22455,0.3019608,0.26666668,1423568704,52279181783978
2,651.23,313.22455,651.23,94.22455,0.3019608,0.26666668,1423568704,52279197990295
2,649.8631,313.22455,649.8631,94.22455,0.3019608,0.26666668,1423568704,52279214349214
2,649.08276,313.22455,649.08276,94.22455,0.3019608,0.26666668,1423568704,52279230799695
2,648.6153,313.22455,648.6153,94.22455,0.3019608,0.26666668,1423568704,52279248684633
2,648.1113,313.22455,648.1113,94.22455,0.3019608,0.26666668,1423568704,52279263761699
2,647.1526,313.22455,647.1526,94.22455,0.3019608,0.26666668,1423568704,52279280731025
2,646.6118,313.22455,646.6118,94.22455,0.3019608,0.26666668,1423568704,52279296204854
2,646.15564,313.22455,646.15564,94.22455,0.3019608,0.26666668,1423568704,52279315035923
2,645.39233,313.22455,645.39233,94.22455,0.3019608,0.26666668,1423568704,52279345739418
2,644.9263,313.89993,644.9263,94.89993,0.3019608,0.26666668,1423568704,52279362159378
2,644.0691,313.891,644.0691,94.89099,0.3019608,0.26666668,1423568704,52279394968780
2,644.269,314.57816,644.269,95.578156,0.3019608,0.26666668,1423568704,52279562525624
2,644.269,312.73035,644.269,93.73035,0.29803923,0.23333335,1423568705,52279741588647
2,644.6257,310.8214,644.6257,91.82141,0.29803923,0.23333335,1423568705,52279758161209
2,645.993,306.71826,645.993,87.71826,0.29411766,0.23333335,1423568705,52279774306486
2,647.30115,301.39188,647.30115,82.39188,0.29411766,0.23333335,1423568705,52279790726447
2,647.6003,295.89722,647.6003,76.89722,0.2901961,0.23333335,1423568705,52279808489303
2,647.6003,294.5644,647.6003,75.56439,0.2901961,0.23333335,1423568705,52279815081704
1,647.6003,294.5644,647.6003,75.56439,0.2901961,0.23333335,1423568705,52279815875233
0,611.6225,289.2329,611.6225,70.23291,0.29411766,0.26666668,1423568709,52283743023105
2,605.6603,278.64957,605.6603,59.649567,0.29411766,0.23333335,1423568710,52284633546530
2,603.5811,271.76672,603.5811,52.766724,0.29411766,0.23333335,1423568710,52284646365086
2,601.02716,262.5987,601.02716,43.598694,0.29411766,0.26666668,1423568710,52284662724006
2,600.29614,258.57687,600.29614,39.576874,0.25882354,0.23333335,1423568710,52284670628782
1,600.29614,258.57687,600.29614,39.576874,0.25882354,0.23333335,1423568710,52284671513873
0,574.9784,345.21344,574.9784,126.21344,0.2901961,0.23333335,1423568714,52288612945278
2,570.7916,337.5041,570.7916,118.50409,0.29803923,0.26666668,1423568714,52289365577660
2,569.6484,335.21692,569.6484,116.21692,0.29803923,0.26666668,1423568714,52289371895377
2,568.6797,331.64368,568.6797,112.64368,0.29803923,0.26666668,1423568714,52289388193256
2,567.3739,327.72528,567.3739,108.72528,0.29803923,0.23333335,1423568714,52289405223623
2,567.6496,325.2477,567.6496,106.24771,0.29803923,0.23333335,1423568714,52289421948787
2,567.6496,322.5547,567.6496,103.55469,0.29803923,0.23333335,1423568714,52289441725988
2,567.6496,320.23694,567.6496,101.23694,0.29803923,0.23333335,1423568714,52289454178300
2,568.24097,316.26483,568.24097,97.26483,0.29803923,0.23333335,1423568714,52289471025545
2,567.6374,311.18866,567.6374,92.18866,0.29803923,0.26666668,1423568714,52289486987700
2,566.30945,307.20386,566.30945,88.20386,0.29803923,0.26666668,1423568714,52289503194017
2,567.5926,300.84744,567.5926,81.84744,0.29411766,0.23333335,1423568714,52289519766579
2,568.8818,294.39972,568.8818,75.39972,0.29411766,0.23333335,1423568714,52289536003417
2,569.7231,287.60104,569.7231,68.60104,0.28235295,0.23333335,1423568714,52289555200732
1,569.7231,287.60104,569.7231,68.60104,0.28235295,0.23333335,1423568714,52289557215077
0,724.21967,270.5727,724.21967,51.572693,0.29411766,0.23333335,1423568718,52293441634425
2,715.7658,268.64258,715.7658,49.64258,0.29411766,0.26666668,1423568719,52294357672882
2,712.3309,266.01147,712.3309,47.011475,0.29411766,0.26666668,1423568719,52294377083838
1,712.3309,266.01147,712.3309,47.011475,0.29411766,0.26666668,1423568719,52294379098183
0,718.2233,259.24332,718.2233,40.243317,0.2901961,0.23333335,1423568723,52298271605432
2,712.7969,267.05197,712.7969,48.05197,0.29803923,0.26666668,1423568724,52298769789469
2,709.91846,271.19244,709.91846,52.192444,0.29803923,0.26666668,1423568724,52298786728277
2,708.66034,272.80753,708.66034,53.807526,0.29803923,0.26666668,1423568724,52298802781992
2,707.3521,274.1161,707.3521,55.11609,0.29803923,0.26666668,1423568724,52298819171432
2,706.0685,275.40005,706.0685,56.400055,0.29803923,0.26666668,1423568724,52298835316709
2,704.778,276.69092,704.778,57.690918,0.29803923,0.26666668,1423568724,52298851736669
2,704.89825,277.98123,704.89825,58.98123,0.29803923,0.26666668,1423568724,52298868034548
2,704.17426,279.29413,704.17426,60.29413,0.29803923,0.26666668,1423568724,52298884759711
2,703.5513,279.23636,703.5513,60.23636,0.29803923,0.26666668,1423568724,52299260190813
2,702.7431,279.23636,702.7431,60.23636,0.29803923,0.26666668,1423568724,52299296754218
2,702.1217,279.23636,702.1217,60.23636,0.29803923,0.26666668,1423568724,52299351141521
2,701.4825,279.23636,701.4825,60.23636,0.29803923,0.26666668,1423568724,52299414135571
2,700.86847,279.23636,700.86847,60.23636,0.29803923,0.26666668,1423568724,52299428388585
2,700.22406,279.23636,700.22406,60.23636,0.29803923,0.26666668,1423568725,52299948821973
2,700.23444,277.85828,700.23444,58.858276,0.29803923,0.26666668,1423568725,52300361884692
2,700.23444,277.13925,700.23444,58.13925,0.29411766,0.26666668,1423568725,52300369850509
2,700.23444,275.8412,700.23444,56.841187,0.29411766,0.26666668,1423568725,52300386423071
2,700.23444,272.86826,700.23444,53.868256,0.29411766,0.26666668,1423568725,52300404918417
1,700.23444,272.86826,700.23444,53.868256,0.29411766,0.26666668,1423568725,52300407237965
0,717.55707,233.91876,717.55707,14.918762,0.29411766,0.23333335,1423568729,52304295411322
2,716.8908,229.92017,716.8908,10.920166,0.22352943,0.23333335,1423568730,52305243313046
1,716.8908,229.92017,716.8908,10.920166,0.22352943,0.23333335,1423568730,52305247891102
0,460.38248,423.18637,460.38248,204.18637,0.29411766,0.26666668,1423568734,52309157611838
2,459.59094,416.68716,459.59094,197.68716,0.29803923,0.26666668,1423568735,52310188467937
2,459.71625,414.5549,459.71625,195.5549,0.3019608,0.26666668,1423568735,52310197898732
2,459.71625,411.5168,459.71625,192.51682,0.29803923,0.26666668,1423568735,52310213708285
2,459.71625,408.9467,459.71625,189.94669,0.3019608,0.26666668,1423568735,52310230769173
2,459.71625,407.7812,459.71625,188.78119,0.3019608,0.26666668,1423568735,52310246517685
2,459.71625,406.49637,459.71625,187.49637,0.3019608,0.26666668,1423568735,52310262937645
2,459.71625,405.20895,459.71625,186.20895,0.29803923,0.26666668,1423568735,52310279021881
2,459.71625,403.92596,459.71625,184.92596,0.3019608,0.26666668,1423568735,52310295380800
2,459.71625,402.62912,459.71625,183.62912,0.3019608,0.26666668,1423568735,52310311892322
2,459.71625,401.35178,459.71625,182.35178,0.3019608,0.26666668,1423568735,52310328098639
2,459.71625,400.6519,459.71625,181.65189,0.3019608,0.26666668,1423568735,52310344457558
2,459.71625,400.22537,459.71625,181.22537,0.3019608,0.26666668,1423568735,52310361793130
2,459.71625,399.79663,459.71625,180.79663,0.3019608,0.26666668,1423568735,52310446395602
2,459.71625,399.1626,459.71625,180.1626,0.29803923,0.26666668,1423568736,52310606627558
2,459.71625,397.57776,459.71625,178.57776,0.29803923,0.26666668,1423568736,52310937529434
2,459.71625,396.11053,459.71625,177.11053,0.29803923,0.26666668,1423568736,52310954651363
2,459.71625,394.8131,459.71625,175.81311,0.29803923,0.26666668,1423568736,52310971162884
2,459.71625,393.52954,459.71625,174.52954,0.29803923,0.26666668,1423568736,52310987521803
2,459.71625,391.97983,459.71625,172.97983,0.29803923,0.26666668,1423568736,52311004033325
2,459.71625,388.5228,459.71625,169.5228,0.29803923,0.26666668,1423568736,52311020789010
2,459.71625,384.35257,459.71625,165.35257,0.29411766,0.26666668,1423568736,52311037910939
2,460.6792,378.68085,460.6792,159.68085,0.29411766,0.26666668,1423568736,52311054208817
2,461.04874,373.36127,461.04874,154.36127,0.29411766,0.26666668,1423568736,52311069438483
2,461.715,371.20444,461.715,152.20444,0.2901961,0.26666668,1423568736,52311079510206
1,461.715,371.20444,461.715,152.20444,0.2901961,0.26666668,1423568736,52311080914143
0,566.3171,278.56995,566.3171,59.569946,0.29411766,0.23333335,1423568740,52314988620538
2,566.5312,270.83475,566.5312,51.834747,0.29803923,0.26666668,1423568741,52315851187302
2,567.28394,267.06998,567.28394,48.069977,0.29803923,0.23333335,1423568741,52315858206987
2,567.89685,262.25253,567.89685,43.252533,0.29803923,0.26666668,1423568741,52315875115273
2,567.6496,256.6908,567.6496,37.690796,0.29803923,0.23333335,1423568741,52315892145641
2,569.11584,250.57736,569.11584,31.577362,0.29411766,0.23333335,1423568741,52315907833112
2,571.096,241.11002,571.096,22.110016,0.29411766,0.23333335,1423568741,52315924588796
2,572.3918,234.19318,572.3918,15.193176,0.2901961,0.23333335,1423568741,52315941191879
2,573.67505,227.07974,573.67505,8.079742,0.2901961,0.23333335,1423568741,52315956909870
2,574.3122,223.2558,574.3122,4.2557983,0.28627452,0.23333335,1423568741,52315968202408
1,574.3122,223.2558,574.3122,4.2557983,0.28627452,0.23333335,1423568741,52315968995938
0,418.4084,479.83337,418.4084,260.83337,0.29411766,0.26666668,1423568745,52320051400942
2,420.076,472.4948,420.076,253.49481,0.29803923,0.23333335,1423568746,52320651034698
2,420.40717,468.17078,420.40717,249.17078,0.29803923,0.23333335,1423568746,52320667363097
2,420.40717,465.4283,420.40717,246.42831,0.29803923,0.23333335,1423568746,52320682959007
2,420.40717,462.7886,420.40717,243.7886,0.29803923,0.23333335,1423568746,52320699134805
2,420.40717,461.0323,420.40717,242.03229,0.29803923,0.23333335,1423568746,52320715402163
2,420.40717,459.54016,420.40717,240.54016,0.29803923,0.23333335,1423568746,52320734385834
2,420.40717,458.46716,420.40717,239.46716,0.29803923,0.23333335,1423568746,52320748181042
2,420.40717,457.16455,420.40717,238.16455,0.29803923,0.23333335,1423568746,52320764387360
2,420.40717,455.80777,420.40717,236.80777,0.29803923,0.23333335,1423568746,52320781692412
2,420.40717,454.5803,420.40717,235.58029,0.29803923,0.23333335,1423568746,52320797349363
2,420.40717,453.29297,420.40717,234.29297,0.29803923,0.23333335,1423568746,52320813738802
2,420.40717,452.0056,420.40717,233.00562,0.29803923,0.23333335,1423568746,52320830219803
2,420.40717,450.84344,420.40717,231.84344,0.29803923,0.23333335,1423568746,52320846639763
2,420.40717,449.51056,420.40717,230.51056,0.29803923,0.23333335,1423568746,52320864799385
2,420.40717,448.81253,420.40717,229.81253,0.29803923,0.23333335,1423568746,52320879235522
2,420.40717,447.5252,420.40717,228.5252,0.29803923,0.23333335,1423568746,52320895838605
2,420.40717,446.17838,420.40717,227.17838,0.29803923,0.26666668,1423568746,52320912258565
2,420.40717,444.94565,420.40717,225.94565,0.29803923,0.26666668,1423568746,52320928648005
2,420.40717,444.42236,420.40717,225.42236,0.29803923,0.26666668,1423568746,52320945434209
2,420.40717,442.99002,420.40717,223.99002,0.29803923,0.26666668,1423568746,52320961793129
2,420.40717,441.756,420.40717,222.75601,0.29803923,0.26666668,1423568746,52320978121528
2,420.40717,440.46545,420.40717,221.46545,0.29803923,0.26666668,1423568746,52320994816171
2,420.40717,438.49963,420.40717,219.49963,0.29803923,0.26666668,1423568746,52321010686766
2,420.40717,435.93225,420.40717,216.93225,0.29803923,0.26666668,1423568746,52321027167766
2,420.40717,433.9232,420.40717,214.92319,0.29803923,0.26666668,1423568746,52321043404604
2,420.9552,431.4201,420.9552,212.4201,0.29803923,0.26666668,1423568746,52321059794044
2,421.7397,428.83932,421.7397,209.83932,0.29803923,0.23333335,1423568746,52321076152963
2,422.40594,426.7274,422.40594,207.72739,0.29803923,0.23333335,1423568746,52321092511884
2,422.40594,425.44025,422.40594,206.44025,0.29803923,0.23333335,1423568746,52321108901324
2,422.40594,424.18604,422.40594,205.18604,0.29803923,0.23333335,1423568746,52321125534926
2,422.40594,422.89725,422.40594,203.89725,0.29803923,0.23333335,1423568746,52321141741244
2,422.40594,421.5203,422.40594,202.5203,0.29803923,0.23333335,1423568746,52321163105504
2,422.40594,420.1874,422.40594,201.18741,0.29803923,0.23333335,1423568746,52321174855847
2,422.40594,419.0253,422.40594,200.0253,0.29803923,0.23333335,1423568746,52321191855697
2,422.40594,417.70584,422.40594,198.70584,0.29803923,0.23333335,1423568746,52321207634729
2,422.40594,416.8553,422.40594,197.85529,0.29803923,0.23333335,1423568746,52321225519667
2,422.40594,415.78043,422.40594,196.78043,0.29803923,0.23333335,1423568746,52321240199966
2,422.40594,414.18948,422.40594,195.18948,0.29803923,0.23333335,1423568747,52321702095281
2,422.40594,413.78476,422.40594,194.78476,0.29803923,0.23333335,1423568747,52321735148844
2,422.40594,412.1902,422.40594,193.19019,0.29411766,0.23333335,1423568747,52321752362333
2,422.40594,410.9763,422.40594,191.97629,0.29411766,0.26666668,1423568747,52321768141366
2,423.88934,409.7067,423.88934,190.7067,0.29411766,0.23333335,1423568747,52321784591847
2,425.20523,404.5211,425.20523,185.52109,0.28627452,0.23333335,1423568747,52321801225450
1,425.20523,404.5211,425.20523,185.52109,0.28627452,0.23333335,1423568747,52321802537826
0,598.9636,302.56158,598.9636,83.561584,0.29803923,0.26666668,1423568751,52325743572466
2,602.4256,295.5704,602.4256,76.570404,0.3019608,0.26666668,1423568751,52326565943898
2,604.2131,290.43402,604.2131,71.43402,0.3019608,0.26666668,1423568751,52326575588336
2,606.55023,283.27832,606.55023,64.27832,0.3019608,0.26666668,1423568751,52326592313500
2,607.8293,276.88147,607.8293,57.88147,0.3019608,0.26666668,1423568752,52326608611378
2,609.11786,271.26376,609.11786,52.263763,0.3019608,0.26666668,1423568752,52326625000820
2,610.41034,264.63937,610.41034,45.639374,0.29803923,0.3,1423568752,52326641390260
2,611.6948,255.40465,611.6948,36.404648,0.29803923,0.26666668,1423568752,52326657749179
2,612.9817,245.7007,612.9817,26.700699,0.29803923,0.26666668,1423568752,52326674016537
2,614.2712,234.06573,614.2712,15.065735,0.29803923,0.26666668,1423568752,52326690894303
2,615.5558,223.10341,615.5558,4.103409,0.29411766,0.26666668,1423568752,52326706734376
2,615.62,222.58937,615.62,3.5893707,0.29411766,0.26666668,1423568752,52326711037749
1,615.62,222.58937,615.62,3.5893707,0.29411766,0.26666668,1423568752,52326711800758
0,471.04257,371.87085,471.04257,152.87085,0.29411766,0.26666668,1423568756,52330609313348
2,468.85693,362.752,468.85693,143.75201,0.29803923,0.26666668,1423568757,52332527732392
2,468.37756,356.9626,468.37756,137.96259,0.29803923,0.26666668,1423568757,52332538902849
2,469.1751,344.6881,469.1751,125.68811,0.29411766,0.3,1423568757,52332555475411
2,472.34274,329.0314,472.34274,110.0314,0.28627452,0.23333335,1423568757,52332572047973
2,474.66907,318.78348,474.66907,99.78348,0.27450982,0.23333335,1423568757,52332588345851
2,475.95612,312.8917,475.95612,93.89169,0.2627451,0.23333335,1423568758,52332605193097
2,476.37262,309.44406,476.37262,90.44406,0.28235295,0.23333335,1423568758,52332622070862
2,476.37262,306.874,476.37262,87.87399,0.27450982,0.23333335,1423568758,52332637819374
2,476.37262,305.77145,476.37262,86.771454,0.28235295,0.23333335,1423568758,52332654208814
2,476.37262,304.48132,476.37262,85.48132,0.2784314,0.23333335,1423568758,52332670720336
2,476.37262,303.2253,476.37262,84.22531,0.28627452,0.23333335,1423568758,52332686743532
2,476.37262,301.909,476.37262,82.909,0.28627452,0.23333335,1423568758,52332703071931
2,476.37262,300.62613,476.37262,81.62613,0.28627452,0.26666668,1423568758,52332719491891
2,476.37262,299.33643,476.37262,80.336426,0.28627452,0.23333335,1423568758,52332735820290
2,476.37262,298.8962,476.37262,79.89621,0.28235295,0.23333335,1423568758,52332752301292
2,476.37262,298.48843,476.37262,79.488434,0.2784314,0.23333335,1423568758,52332820880569
1,476.37262,298.48843,476.37262,79.488434,0.2784314,0.23333335,1423568758,52332859214156
0,801.50525,219.92363,801.50525,0.92362976,0.2901961,0.23333335,1423568761,52336376931231
2,795.777,219.92363,795.777,0.92362976,0.3019608,0.26666668,1423568762,52336908077273
2,793.79974,219.92363,793.79974,0.92362976,0.3019608,0.26666668,1423568762,52336915615805
2,790.72925,219.92363,790.72925,0.92362976,0.3019608,0.26666668,1423568762,52336934538435
2,788.99457,219.92363,788.99457,0.92362976,0.3019608,0.26666668,1423568762,52336948669367
2,787.70825,219.4516,787.70825,0.45159912,0.3019608,0.26666668,1423568762,52336965028287
2,786.4039,218.59076,786.4039,-0.40924072,0.3019608,0.26666668,1423568762,52336981753451
2,785.1384,218.59076,785.1384,-0.40924072,0.3019608,0.26666668,1423568762,52336997807166
2,783.8538,218.59076,783.8538,-0.40924072,0.3019608,0.26666668,1423568762,52337014166086
2,782.5447,218.59076,782.5447,-0.40924072,0.3019608,0.26666668,1423568762,52337030616566
2,782.18384,217.02098,782.18384,-1.9790192,0.3019608,0.26666668,1423568762,52337046944965
2,781.4199,217.25789,781.4199,-1.7421112,0.3019608,0.26666668,1423568762,52337063548050
2,780.8513,216.44473,780.8513,-2.5552673,0.3019608,0.26666668,1423568762,52337079845928
2,780.0844,215.92502,780.0844,-3.0749817,0.3019608,0.26666668,1423568762,52337096052246
2,779.51886,214.60658,779.51886,-4.3934174,0.3019608,0.26666668,1423568762,52337128800605
2,779.51886,214.25894,779.51886,-4.7410583,0.3019608,0.26666668,1423568762,52337151812965
2,778.729,213.80211,778.729,-5.197891,0.3019608,0.26666668,1423568762,52337164448399
2,778.8526,212.71237,778.8526,-6.287628,0.3019608,0.26666668,1423568762,52337178243607
2,777.8532,211.5932,777.8532,-7.4067993,0.3019608,0.26666668,1423568762,52337194633047
2,778.18634,210.75368,778.18634,-8.246323,0.3019608,0.26666668,1423568762,52337211541334
2,778.18634,209.51431,778.18634,-9.485687,0.29803923,0.26666668,1423568762,52337227320366
2,777.82697,208.23477,777.82697,-10.765228,0.29803923,0.26666668,1423568762,52337243679286
2,776.5334,205.95387,776.5334,-13.046127,0.29803923,0.26666668,1423568762,52337260190807
2,775.24664,202.43852,775.24664,-16.561478,0.29803923,0.26666668,1423568762,52337276549726
2,773.9574,194.54318,773.9574,-24.456818,0.29803923,0.26666668,1423568762,52337293305412
2,771.8499,182.23532,771.8499,-36.76468,0.29411766,0.26666668,1423568762,52337309389648
2,771.52374,167.15846,771.52374,-51.841537,0.29411766,0.26666668,1423568762,52337325809608
2,771.52374,153.14813,771.52374,-65.85187,0.29411766,0.26666668,1423568762,52337345037442
2,771.52374,146.53195,771.52374,-72.46805,0.2901961,0.26666668,1423568762,52337358405365
2,771.52374,139.30664,771.52374,-79.69336,0.2901961,0.26666668,1423568762,52337374672724
2,772.2098,133.87427,772.2098,-85.12573,0.227451,0.26666668,1423568762,52337391977775
1,772.2098,133.87427,772.2098,-85.12573,0.227451,0.26666668,1423568762,52337395335016
0,545.6632,297.2301,545.6632,78.2301,0.29411766,0.26666668,1423568797,52371854941305
2,542.2356,286.94455,542.2356,67.94455,0.29411766,0.26666668,1423568799,52373816455110
2,540.73145,283.36545,540.73145,64.36545,0.29411766,0.26666668,1423568799,52373834492649
2,540.9994,280.74393,540.9994,61.743927,0.29411766,0.26666668,1423568799,52373850943130
2,540.9994,279.73694,540.9994,60.73694,0.29411766,0.26666668,1423568799,52373866996845
2,540.9994,278.45007,540.9994,59.450073,0.29411766,0.26666668,1423568799,52373883477846
2,540.9994,277.16226,540.9994,58.162262,0.29411766,0.26666668,1423568799,52373899836767
2,540.9994,275.8751,540.9994,56.87509,0.29411766,0.26666668,1423568799,52373916073606
2,540.9994,274.4156,540.9994,55.41559,0.29411766,0.26666668,1423568799,52373934629992
2,540.9994,273.7443,540.9994,54.744293,0.29411766,0.26666668,1423568799,52373965241925
2,540.32056,274.5839,540.32056,55.583893,0.29411766,0.26666668,1423568799,52374391336843
2,539.5635,275.3412,539.5635,56.341187,0.29411766,0.26666668,1423568799,52374411571849
2,538.7912,276.11362,538.7912,57.113617,0.29411766,0.26666668,1423568799,52374444045526
2,538.2815,276.6235,538.2815,57.623505,0.2901961,0.26666668,1423568799,52374460801210
2,536.89154,277.3474,536.89154,58.347412,0.2901961,0.26666668,1423568799,52374477129609
2,535.6021,278.63724,535.6021,59.637238,0.27058825,0.26666668,1423568799,52374493549569
2,534.3101,278.56995,534.3101,59.569946,0.25882354,0.26666668,1423568799,52374509694846
2,533.0207,279.22,533.0207,60.22,0.23529413,0.26666668,1423568799,52374526084288
2,533.00433,279.23636,533.00433,60.23636,0.20392159,0.26666668,1423568799,52374529533090
1,533.00433,279.23636,533.00433,60.23636,0.20392159,0.26666668,1423568799,52374530387660
0,539.6669,253.24539,539.6669,34.24539,0.29411766,0.26666668,1423568809,52383716195685
2,539.0006,244.57161,539.0006,25.57161,0.29411766,0.26666668,1423568811,52385615936263
2,539.0006,234.28555,539.0006,15.285553,0.29411766,0.26666668,1423568811,52385646883920
2,539.0006,229.76306,539.0006,10.763062,0.29411766,0.26666668,1423568811,52385663273360
2,539.0006,226.35213,539.0006,7.352127,0.29411766,0.26666668,1423568811,52385679662799
2,539.0006,223.77461,539.0006,4.7746124,0.29411766,0.26666668,1423568811,52385698249706
2,539.0006,222.22585,539.0006,3.2258453,0.29411766,0.26666668,1423568811,52385712472199
2,539.0006,220.92885,539.0006,1.9288483,0.29411766,0.26666668,1423568811,52385728831118
2,539.0006,219.64369,539.0006,0.643692,0.29411766,0.26666668,1423568811,52385745220558
2,537.5392,221.38542,537.5392,2.3854218,0.29411766,0.26666668,1423568811,52385811083523
1,537.5392,221.38542,537.5392,2.3854218,0.29411766,0.26666668,1423568811,52385812762143
0,622.28253,427.85144,622.28253,208.85144,0.29411766,0.26666668,1423568825,52400301790067
2,623.8201,421.03302,623.8201,202.03302,0.30588236,0.3,1423568826,52401084881781
2,624.9956,417.71082,624.9956,198.71082,0.30588236,0.26666668,1423568826,52401098921152
2,625.61383,413.81195,625.61383,194.81195,0.30588236,0.26666668,1423568826,52401115554755
2,625.61383,409.95657,625.61383,190.95657,0.30588236,0.26666668,1423568826,52401131883154
2,625.61383,406.09586,625.61383,187.09586,0.30588236,0.26666668,1423568826,52401148303114
2,625.61383,402.77792,625.61383,183.77792,0.30588236,0.26666668,1423568826,52401164662036
2,625.61383,399.03943,625.61383,180.03943,0.30588236,0.26666668,1423568826,52401181051475
2,625.61383,394.74368,625.61383,175.74368,0.3019608,0.26666668,1423568826,52401197410395
2,625.61383,387.4454,625.61383,168.4454,0.3019608,0.26666668,1423568826,52401213799834
2,625.9656,378.38635,625.9656,159.38635,0.3019608,0.26666668,1423568826,52401230189274
2,626.2801,368.08997,626.2801,149.08997,0.3019608,0.26666668,1423568826,52401246548194
2,626.2801,357.78125,626.2801,138.78125,0.3019608,0.26666668,1423568826,52401263090235
2,627.828,346.60666,627.828,127.60666,0.29803923,0.26666668,1423568826,52401279693318
2,628.44714,333.53387,628.44714,114.533875,0.29803923,0.26666668,1423568826,52401295838594
2,628.9451,323.69516,628.9451,104.69516,0.29803923,0.26666668,1423568826,52401312228035
2,628.9451,316.1709,628.9451,97.1709,0.29803923,0.26666668,1423568826,52401328617476
2,628.9451,310.44226,628.9451,91.44226,0.29803923,0.26666668,1423568826,52401344793273
2,628.9451,306.60196,628.9451,87.60196,0.29803923,0.26666668,1423568826,52401361182713
2,628.9451,304.023,628.9451,85.02301,0.29803923,0.26666668,1423568826,52401377541632
2,628.9451,302.671,628.9451,83.67099,0.29803923,0.26666668,1423568826,52401393900551
2,628.9451,301.3865,628.9451,82.386505,0.29803923,0.26666668,1423568826,52401410351032
2,628.9451,300.8955,628.9451,81.89551,0.29803923,0.26666668,1423568826,52401426679431
2,630.6255,299.5479,630.6255,80.54791,0.2901961,0.23333335,1423568826,52401476091914
2,630.94385,299.22943,630.94385,80.22943,0.24313727,0.23333335,1423568826,52401483203161
1,630.94385,299.22943,630.94385,80.22943,0.24313727,0.23333335,1423568826,52401483966170
0,758.19867,358.54218,758.19867,139.54218,0.29803923,0.26666668,1423568830,52405138200871
2,751.51,353.18457,751.51,134.18457,0.3019608,0.26666668,1423568832,52407248470976
2,750.49194,351.78815,750.49194,132.78815,0.29803923,0.26666668,1423568832,52407253171113
2,747.82513,346.45322,747.82513,127.45322,0.29803923,0.23333335,1423568832,52407269285870
2,745.24756,340.4841,745.24756,121.4841,0.29803923,0.23333335,1423568832,52407286072074
2,742.644,332.5249,742.644,113.5249,0.29803923,0.23333335,1423568832,52407302492034
2,741.4933,319.3989,741.4933,100.398895,0.29411766,0.23333335,1423568832,52407318698353
2,739.4949,306.31702,739.4949,87.31702,0.29411766,0.23333335,1423568832,52407334843632
2,738.20575,297.19858,738.20575,78.19858,0.2901961,0.23333335,1423568832,52407351568795
2,737.54474,291.00104,737.54474,72.00104,0.2901961,0.23333335,1423568832,52407367897194
2,737.54474,286.85962,737.54474,67.85962,0.2901961,0.23333335,1423568832,52407384134032
2,737.54474,284.19775,737.54474,65.197754,0.29411766,0.23333335,1423568832,52407400615033
2,737.54474,282.90176,737.54474,63.901764,0.29411766,0.23333335,1423568832,52407416912912
2,737.54474,281.48138,737.54474,62.481384,0.29411766,0.23333335,1423568832,52407433302351
2,737.54474,280.1852,737.54474,61.18521,0.29411766,0.23333335,1423568832,52407449691791
2,737.54474,278.90314,737.54474,59.903137,0.29411766,0.23333335,1423568832,52407466539037
2,737.54474,277.62717,737.54474,58.627167,0.29411766,0.23333335,1423568832,52407482653793
2,737.54474,276.2374,737.54474,57.237396,0.2901961,0.23333335,1423568832,52407503102442
2,737.54474,275.61404,737.54474,56.614044,0.2901961,0.23333335,1423568832,52407515493713
1,737.54474,275.61404,737.54474,56.614044,0.2901961,0.23333335,1423568832,52407533042927
0,736.2122,249.24678,736.2122,30.24678,0.29803923,0.23333335,1423568836,52411231715292
2,739.78235,255.056,739.78235,36.056,0.3019608,0.26666668,1423568836,52411601408562
2,741.5364,258.565,741.5364,39.565002,0.3019608,0.26666668,1423568837,52411612273814
2,743.1844,264.48068,743.1844,45.480682,0.3019608,0.26666668,1423568837,52411628876897
2,744.493,269.71652,744.493,50.716522,0.3019608,0.26666668,1423568837,52411645998825
2,745.8246,273.42667,745.8246,54.426666,0.3019608,0.26666668,1423568837,52411662205143
2,747.0632,277.14337,747.0632,58.14337,0.3019608,0.26666668,1423568837,52411678350420
2,748.3438,280.18085,748.3438,61.180847,0.3019608,0.26666668,1423568837,52411695411309
2,749.68896,282.8719,749.68896,63.871887,0.3019608,0.26666668,1423568837,52411711770229
2,750.92163,285.3378,750.92163,66.3378,0.3019608,0.26666668,1423568837,52411727823945
2,751.5509,287.92957,751.5509,68.929565,0.3019608,0.26666668,1423568837,52411743816620
2,751.53613,290.50436,751.53613,71.504364,0.3019608,0.26666668,1423568837,52411760267100
2,751.53613,292.49094,751.53613,73.49094,0.3019608,0.26666668,1423568837,52411776626019
2,751.53613,293.77615,751.53613,74.77615,0.3019608,0.26666668,1423568837,52411792984939
2,751.53613,295.05228,751.53613,76.05228,0.3019608,0.26666668,1423568837,52411809374379
2,751.53613,296.3541,751.53613,77.354095,0.3019608,0.26666668,1423568837,52411825763818
2,751.53613,297.84406,751.53613,78.844055,0.3019608,0.26666668,1423568837,52411844716969
2,751.53613,298.9265,751.53613,79.92651,0.3019608,0.26666668,1423568837,52411858512178
2,751.53613,300.2139,751.53613,81.2139,0.3019608,0.26666668,1423568837,52411875176302
2,751.53613,301.56195,751.53613,82.56195,0.3019608,0.26666668,1423568837,52411891687824
2,751.53613,302.2284,751.53613,83.22839,0.3019608,0.26666668,1423568837,52411908626630
2,753.16705,297.29938,753.16705,78.29938,0.29803923,0.26666668,1423568838,52413333653335
2,754.0583,293.80298,754.0583,74.80298,0.29411766,0.26666668,1423568838,52413345006913
2,754.2011,288.34732,754.2011,69.34732,0.29411766,0.26666668,1423568838,52413362525607
2,753.7565,284.34485,753.7565,65.34485,0.29411766,0.26666668,1423568838,52413377999435
2,752.46655,281.76413,752.46655,62.76413,0.24313727,0.23333335,1423568838,52413394419395
2,752.2024,279.0677,752.2024,60.067688,0.2901961,0.23333335,1423568838,52413411541324
2,752.51105,276.31076,752.51105,57.31076,0.2901961,0.23333335,1423568838,52413427137235
2,753.7941,273.3862,753.7941,54.3862,0.29411766,0.26666668,1423568838,52413443679278
2,755.0907,271.68216,755.0907,52.68216,0.29411766,0.26666668,1423568838,52413460404442
2,755.5336,270.4038,755.5336,51.40381,0.29411766,0.26666668,1423568838,52413476549718
2,755.5336,269.10452,755.5336,50.104523,0.2901961,0.23333335,1423568838,52413492847597
2,754.7911,267.8307,754.7911,48.83069,0.2901961,0.23333335,1423568838,52413509298077
2,754.2011,267.20184,754.2011,48.201843,0.28235295,0.23333335,1423568838,52413525412834
2,754.2011,266.24088,754.2011,47.240875,0.25490198,0.23333335,1423568838,52413542199038
2,752.9692,265.90765,752.9692,46.907654,0.2392157,0.23333335,1423568838,52413574550634
2,752.3505,265.2412,752.3505,46.24121,0.24313727,0.23333335,1423568838,52413590909553
2,752.2024,265.2412,752.2024,46.24121,0.23529413,0.23333335,1423568838,52413596006455
1,752.2024,265.2412,752.2024,46.24121,0.23529413,0.23333335,1423568838,52413596738944
0,754.8674,329.219,754.8674,110.218994,0.3019608,0.26666668,1423568842,52417413372547
2,754.2011,323.04944,754.2011,104.04944,0.3019608,0.26666668,1423568843,52417843892921
2,754.2011,320.44162,754.2011,101.44162,0.3019608,0.26666668,1423568843,52417856467314
2,754.2011,316.60922,754.2011,97.60922,0.3019608,0.26666668,1423568843,52417870750849
2,754.2011,314.27368,754.2011,95.27368,0.3019608,0.26666668,1423568843,52417887079248
2,754.2011,311.6942,754.2011,92.694214,0.3019608,0.26666668,1423568843,52417903499208
2,754.2011,309.12473,754.2011,90.124725,0.3019608,0.26666668,1423568843,52417919888648
2,754.2011,306.63138,754.2011,87.63138,0.3019608,0.26666668,1423568843,52417936064445
2,754.2011,303.97476,754.2011,84.97476,0.3019608,0.26666668,1423568843,52417952453885
2,754.2011,302.6471,754.2011,83.647095,0.3019608,0.26666668,1423568843,52417968843325
2,754.2011,300.70914,754.2011,81.70914,0.3019608,0.26666668,1423568843,52417985202244
2,754.2011,298.51892,754.2011,79.51892,0.3019608,0.26666668,1423568843,52418004155395
2,754.2011,295.8983,754.2011,76.898285,0.3019608,0.26666668,1423568843,52418017981124
2,753.8076,292.05075,753.8076,73.05075,0.29803923,0.26666668,1423568843,52418034370563
2,752.4583,286.51443,752.4583,67.514435,0.29803923,0.26666668,1423568843,52418051523013
2,751.21576,280.2997,751.21576,61.299713,0.29803923,0.26666668,1423568843,52418067851411
2,748.8711,272.57202,748.8711,53.57202,0.29803923,0.23333335,1423568843,52418084301892
2,748.8711,263.03113,748.8711,44.031128,0.29803923,0.26666668,1423568843,52418100569250
2,748.8711,248.50288,748.8711,29.502884,0.29411766,0.26666668,1423568843,52418116561925
2,747.4015,235.21307,747.4015,16.213074,0.29411766,0.23333335,1423568843,52418132920846
2,744.7006,223.14403,744.7006,4.1440277,0.2392157,0.23333335,1423568843,52418149920694
1,744.7006,223.14403,744.7006,4.1440277,0.2392157,0.23333335,1423568843,52418156085809
0,462.38126,495.82782,462.38126,276.82782,0.29411766,0.26666668,1423568847,52422088330580
2,462.38126,488.91177,462.38126,269.91177,0.3019608,0.26666668,1423568848,52422770369342
2,462.38126,485.38712,462.38126,266.38712,0.3019608,0.26666668,1423568848,52422785446406
2,462.38126,482.54617,462.38126,263.54617,0.3019608,0.26666668,1423568848,52422804552159
2,462.38126,480.42493,462.38126,261.42493,0.3019608,0.26666668,1423568848,52422818194765
2,462.38126,478.49045,462.38126,259.49045,0.3019608,0.26666668,1423568848,52422834401082
2,462.38126,477.13843,462.38126,258.13843,0.3019608,0.26666668,1423568848,52422851645093
2,462.38126,475.9084,462.38126,256.9084,0.3019608,0.26666668,1423568848,52422867241004
2,462.38126,474.6237,462.38126,255.62369,0.3019608,0.26666668,1423568848,52422883630443
2,462.38126,473.34113,462.38126,254.34113,0.3019608,0.26666668,1423568848,52422900080924
2,462.38126,472.16937,462.38126,253.16937,0.3019608,0.26666668,1423568848,52422916714527
2,462.38126,470.783,462.38126,251.78299,0.3019608,0.26666668,1423568848,52422932737722
2,462.38126,469.48288,462.38126,250.48288,0.3019608,0.26666668,1423568848,52422949096642
2,462.38126,468.199,462.38126,249.199,0.3019608,0.26666668,1423568848,52422965608163
2,462.38126,466.85217,462.38126,247.85217,0.3019608,0.26666668,1423568848,52422982180725
2,462.38126,465.505,462.38126,246.505,0.3019608,0.26666668,1423568848,52423002843017
2,462.38126,464.17676,462.38126,245.17676,0.3019608,0.26666668,1423568848,52423015051166
2,462.38126,463.2044,462.38126,244.2044,0.3019608,0.26666668,1423568848,52423031623729
2,462.38126,461.7694,462.38126,242.76941,0.3019608,0.26666668,1423568848,52423047799527
2,462.38126,460.46808,462.38126,241.46808,0.3019608,0.26666668,1423568848,52423063853243
2,462.38126,459.18298,462.38126,240.18298,0.3019608,0.26666668,1423568848,52423080303723
2,462.38126,457.9167,462.38126,238.91669,0.3019608,0.26666668,1423568848,52423096632122
2,462.38126,456.6104,462.38126,237.61041,0.3019608,0.26666668,1423568848,52423112991042
2,462.38126,455.3264,462.38126,236.32639,0.3019608,0.26666668,1423568848,52423129349961
2,462.38126,454.0867,462.38126,235.0867,0.3019608,0.26666668,1423568848,52423145708880
2,462.38126,452.7584,462.38126,233.75839,0.3019608,0.26666668,1423568848,52423162067801
2,462.38126,451.4748,462.38126,232.4748,0.3019608,0.26666668,1423568848,52423178396200
2,462.38126,450.84344,462.38126,231.84344,0.3019608,0.26666668,1423568848,52423195945413
2,462.38126,450.23727,462.38126,231.23727,0.3019608,0.26666668,1423568848,52423211419242
2,462.38126,449.8259,462.38126,230.8259,0.3019608,0.26666668,1423568848,52423260709644
2,462.38126,449.12595,462.38126,230.12595,0.3019608,0.26666668,1423568848,52423371620677
2,462.38126,448.41757,462.38126,229.41757,0.3019608,0.26666668,1423568848,52423427747641
2,462.38126,447.82037,462.38126,228.82037,0.3019608,0.26666668,1423568849,52423648867738
2,462.38126,446.2245,462.38126,227.22449,0.3019608,0.26666668,1423568849,52423866355912
2,462.38126,444.49744,462.38126,225.49744,0.3019608,0.26666668,1423568849,52423886377277
2,462.38126,443.21478,462.38126,224.21478,0.3019608,0.26666668,1423568849,52423902766717
2,462.38126,441.93176,462.38126,222.93176,0.3019608,0.26666668,1423568849,52423919095116
2,462.38126,439.4652,462.38126,220.46521,0.29803923,0.26666668,1423568849,52423935454035
2,462.38126,435.13007,462.38126,216.13007,0.29803923,0.26666668,1423568849,52423954315625
2,462.38126,430.74078,462.38126,211.74078,0.29803923,0.26666668,1423568849,52423968263436
2,462.38126,425.28378,462.38126,206.28378,0.29803923,0.26666668,1423568849,52423984561315
2,462.38126,417.04868,462.38126,198.04868,0.29411766,0.26666668,1423568849,52424001591683
2,461.715,408.04248,461.715,189.04248,0.29411766,0.26666668,1423568849,52424017309674
2,461.715,400.30447,461.715,181.30447,0.29411766,0.26666668,1423568849,52424034187440
2,461.715,395.64877,461.715,176.64877,0.29411766,0.26666668,1423568849,52424050668441
2,461.715,392.86496,461.715,173.86496,0.29411766,0.26666668,1423568849,52424066661116
2,460.38248,391.86392,460.38248,172.86392,0.27450982,0.26666668,1423568849,52424075939309
1,460.38248,391.86392,460.38248,172.86392,0.27450982,0.26666668,1423568849,52424076977002
0,762.19617,265.2412,762.19617,46.24121,0.29411766,0.26666668,1423568853,52427884423973
2,755.62476,266.988,755.62476,47.988007,0.3019608,0.26666668,1423568853,52428332859803
2,753.277,268.03595,753.277,49.03595,0.3019608,0.26666668,1423568853,52428345800441
2,750.2292,269.56027,750.2292,50.560272,0.3019608,0.26666668,1423568853,52428365150357
2,748.8637,269.23984,748.8637,50.239838,0.3019608,0.26666668,1423568853,52428378304638
2,747.55695,269.23984,747.55695,50.239838,0.3019608,0.26666668,1423568853,52428394694078
2,746.19604,269.23984,746.19604,50.239838,0.3019608,0.26666668,1423568853,52428411877047
2,744.9734,269.23984,744.9734,50.239838,0.3019608,0.26666668,1423568853,52428427411916
2,743.6886,269.23984,743.6886,50.239838,0.3019608,0.26666668,1423568853,52428443831876
2,742.3992,269.23984,742.3992,50.239838,0.3019608,0.26666668,1423568853,52428460709643
2,741.8754,269.23984,741.8754,50.239838,0.3019608,0.26666668,1423568853,52428476885441
2,740.5078,269.23984,740.5078,50.239838,0.3019608,0.26666668,1423568853,52428492878116
2,739.87665,269.23984,739.87665,50.239838,0.3019608,0.26666668,1423568853,52428509755882
2,739.2605,269.23984,739.2605,50.239838,0.3019608,0.26666668,1423568853,52428525931679
2,737.87787,269.23984,737.87787,50.239838,0.3019608,0.26666668,1423568853,52428544335463
2,737.3325,269.23984,737.3325,50.239838,0.3019608,0.26666668,1423568853,52428575099998
2,736.3617,269.23984,736.3617,50.239838,0.3019608,0.26666668,1423568854,52428641451289
2,735.8791,269.23984,735.8791,50.239838,0.3019608,0.26666668,1423568854,52428660953806
2,735.40955,269.23984,735.40955,50.239838,0.3019608,0.26666668,1423568854,52428692359269
2,734.8429,269.23984,734.8429,50.239838,0.3019608,0.26666668,1423568854,52428838918097
2,734.15027,269.23984,734.15027,50.239838,0.3019608,0.26666668,1423568854,52428921872470
2,733.478,269.23984,733.478,50.239838,0.3019608,0.26666668,1423568854,52429007115869
2,733.94824,267.10468,733.94824,48.104675,0.3019608,0.26666668,1423568855,52429970674546
2,734.6572,265.68625,734.6572,46.68625,0.29803923,0.23333335,1423568855,52429978121517
2,735.9179,261.7536,735.9179,42.7536,0.29803923,0.23333335,1423568855,52429994816160
2,737.28156,254.82483,737.28156,35.82483,0.29411766,0.23333335,1423568855,52430011602365
2,738.53735,245.30214,738.53735,26.30214,0.29411766,0.23333335,1423568855,52430027564519
2,739.8627,236.66821,739.8627,17.668213,0.2901961,0.23333335,1423568855,52430044930611
2,740.2098,229.72084,740.2098,10.72084,0.23137257,0.23333335,1423568855,52430060648602
1,740.2098,229.72084,740.2098,10.72084,0.23137257,0.23333335,1423568855,52430061655775
0,512.3504,299.89587,512.3504,80.895874,0.29803923,0.26666668,1423568859,52434021948770
1,512.3504,299.89587,512.3504,80.895874,0.29803923,0.26666668,1423568861,52435877312724
0,517.6805,269.90628,517.6805,50.90628,0.2901961,0.23333335,1423568871,52446511892306
2,523.7861,265.39047,523.7861,46.390472,0.3019608,0.26666668,1423568872,52446854422444
2,527.5324,262.89224,527.5324,43.892242,0.3019608,0.26666668,1423568872,52446876030867
2,531.37225,261.12033,531.37225,42.12033,0.3019608,0.26666668,1423568872,52446885583744
2,534.2679,260.57617,534.2679,41.57617,0.3019608,0.26666668,1423568872,52446904842098
2,536.3566,260.57617,536.3566,41.57617,0.3019608,0.26666668,1423568872,52446918179502
2,538.9776,260.57617,538.9776,41.57617,0.29803923,0.26666668,1423568872,52446934721545
2,541.66565,260.57617,541.66565,41.57617,0.2901961,0.23333335,1423568872,52446946258245
1,541.66565,260.57617,541.66565,41.57617,0.2901961,0.23333335,1423568872,52446947143336
