0,272.49847,263.2419,272.49847,44.241913,0.21960786,0.23333335,1423563396,48416240320332
2,271.8322,271.25363,271.8322,52.25363,0.2901961,0.23333335,1423563397,48416657442261
2,271.8322,273.22202,271.8322,54.222015,0.2901961,0.23333335,1423563397,48416674320029
2,271.8322,276.00256,271.8322,57.002563,0.2901961,0.23333335,1423563397,48416686345055
2,271.8322,277.59824,271.8322,58.598236,0.2901961,0.23333335,1423563397,48416702856577
2,271.8322,278.89526,271.8322,59.895264,0.2901961,0.23333335,1423563397,48416719429138
2,271.8322,280.18277,271.8322,61.18277,0.2901961,0.23333335,1423563397,48416736154302
2,271.8322,281.5342,271.8322,62.53421,0.2901961,0.23333335,1423563397,48416752757385
2,271.8322,282.77594,271.8322,63.77594,0.2901961,0.23333335,1423563397,48416775739225
2,271.8322,284.06073,271.8322,65.06073,0.2901961,0.23333335,1423563397,48416786116151
2,271.8322,285.35657,271.8322,66.35657,0.2901961,0.23333335,1423563397,48416802536111
2,271.8322,286.64404,271.8322,67.64404,0.2901961,0.23333335,1423563397,48416818284623
2,271.8322,287.24933,271.8322,68.24933,0.2901961,0.23333335,1423563397,48416834765624
2,271.8322,288.55496,271.8322,69.55496,0.29411766,0.23333335,1423563397,48416851246626
2,270.55176,289.84726,270.55176,70.84726,0.29411766,0.23333335,1423563397,48416867575025
2,270.4997,291.15808,270.4997,72.15808,0.29411766,0.23333335,1423563397,48416884727474
2,270.4997,292.4252,270.4997,73.4252,0.29411766,0.23333335,1423563397,48416900537027
2,270.4997,293.72406,270.4997,74.72406,0.29411766,0.23333335,1423563397,48416917109589
2,270.4997,295.01236,270.4997,76.01236,0.29411766,0.23333335,1423563397,48416933499028
2,270.4997,296.23047,270.4997,77.23047,0.29411766,0.23333335,1423563397,48416949949510
2,270.4997,297.55157,270.4997,78.551575,0.29411766,0.23333335,1423563397,48416982850472
2,270.4997,298.10526,270.4997,79.105255,0.29411766,0.23333335,1423563397,48417020207407
2,269.51932,297.89655,269.51932,78.896545,0.29411766,0.23333335,1423563397,48417032415556
2,269.83344,299.36893,269.83344,80.36893,0.29411766,0.23333335,1423563397,48417048560833
2,269.83344,300.10358,269.83344,81.10358,0.29411766,0.23333335,1423563397,48417081461795
2,269.83344,301.2435,269.83344,82.2435,0.29411766,0.23333335,1423563397,48417098064877
2,269.16718,302.89478,269.16718,83.894775,0.29411766,0.23333335,1423563397,48417131087919
2,269.16718,303.77573,269.16718,84.77573,0.29411766,0.23333335,1423563397,48417147416318
2,269.16718,305.063,269.16718,86.06299,0.29411766,0.23333335,1423563397,48417163866800
2,268.71063,305.89377,268.71063,86.89377,0.29411766,0.26666668,1423563397,48417180347801
2,268.50095,306.973,268.50095,87.97299,0.29411766,0.26666668,1423563397,48417196737240
2,268.13168,308.26242,268.13168,89.26242,0.29411766,0.26666668,1423563397,48417213187721
2,267.51184,309.22595,267.51184,90.22595,0.29411766,0.26666668,1423563397,48417229638201
2,266.8353,309.22595,266.8353,90.22595,0.29411766,0.23333335,1423563397,48417246088682
2,266.50217,310.79422,266.50217,91.79422,0.29411766,0.23333335,1423563397,48417262447603
2,266.50217,311.32462,266.50217,92.324615,0.29411766,0.23333335,1423563397,48417279142247
2,266.50217,312.2249,266.50217,93.224915,0.29411766,0.23333335,1423563397,48417295562207
2,266.50217,312.5949,266.50217,93.59491,0.29411766,0.23333335,1423563397,48417311982167
2,266.50217,313.25702,266.50217,94.25702,0.29411766,0.23333335,1423563397,48417328432647
2,265.82492,313.90198,265.82492,94.90198,0.29411766,0.23333335,1423563397,48417344883128
2,265.8359,315.20062,265.8359,96.20062,0.29411766,0.23333335,1423563397,48417361364129
2,265.8359,316.22354,265.8359,97.22354,0.29411766,0.23333335,1423563397,48417377814609
2,265.8359,316.82,265.8359,97.82001,0.29411766,0.23333335,1423563397,48417394234570
2,265.16965,317.06357,265.16965,98.06357,0.29411766,0.23333335,1423563398,48417411020775
2,265.16965,317.78815,265.16965,98.78815,0.29411766,0.23333335,1423563398,48417427135531
2,265.16965,318.20325,265.16965,99.20325,0.29411766,0.23333335,1423563398,48417443616532
2,264.5034,319.5633,264.5034,100.56329,0.29411766,0.23333335,1423563398,48417476578535
2,264.5034,320.8566,264.5034,101.8566,0.29411766,0.23333335,1423563398,48417493059536
2,264.5034,321.2726,264.5034,102.27261,0.29411766,0.23333335,1423563398,48417526265700
2,263.83716,323.5672,263.83716,104.5672,0.2901961,0.23333335,1423563398,48417542563579
2,263.1709,325.48016,263.1709,106.48016,0.2901961,0.23333335,1423563398,48417558983539
2,262.4227,326.63525,262.4227,107.635254,0.2901961,0.23333335,1423563398,48417576441194
2,262.50464,328.5914,262.50464,109.5914,0.2901961,0.23333335,1423563398,48417591884502
2,261.18118,331.2002,261.18118,112.200195,0.2901961,0.23333335,1423563398,48417608365503
2,261.17212,333.16754,261.17212,114.16754,0.2901961,0.23333335,1423563398,48417624907545
2,260.50586,334.4533,260.50586,115.45331,0.2901961,0.23333335,1423563398,48417641144382
2,259.3191,336.9247,259.3191,117.92471,0.2901961,0.23333335,1423563398,48417657655904
2,259.17337,338.84387,259.17337,119.84387,0.2901961,0.23333335,1423563398,48417674228466
2,258.7383,341.4188,258.7383,122.41879,0.2901961,0.23333335,1423563398,48417690556866
2,257.45114,344.38354,257.45114,125.383545,0.2901961,0.23333335,1423563398,48417706976826
2,256.16037,348.25696,256.16037,129.25696,0.2901961,0.23333335,1423563398,48417723549388
2,254.8758,352.77814,254.8758,133.77814,0.2901961,0.23333335,1423563398,48417739847266
2,253.58789,356.64288,253.58789,137.64288,0.2901961,0.23333335,1423563398,48417756450349
2,252.30022,360.50696,252.30022,141.50696,0.2901961,0.23333335,1423563398,48417772931350
2,251.84454,363.54486,251.84454,144.54486,0.2901961,0.23333335,1423563398,48417789168188
2,251.84454,366.11838,251.84454,147.11838,0.27450982,0.23333335,1423563398,48417805740750
2,249.02461,374.33505,249.02461,155.33505,0.2901961,0.26666668,1423563398,48417822404873
2,249.17952,385.43698,249.17952,166.43698,0.28235295,0.23333335,1423563398,48417838519630
2,246.56326,392.44907,246.56326,173.44907,0.28235295,0.26666668,1423563398,48417854939590
2,242.696,400.77615,242.696,181.77615,0.2901961,0.26666668,1423563398,48417871512153
2,238.25684,411.61496,238.25684,192.61496,0.2901961,0.26666668,1423563398,48417887810033
2,231.9219,421.49588,231.9219,202.49588,0.28235295,0.26666668,1423563398,48417904260513
2,227.11081,428.8772,227.11081,209.8772,0.2784314,0.23333335,1423563398,48417920680473
2,223.2444,435.32294,223.2444,216.32294,0.26666668,0.23333335,1423563398,48417937130954
2,222.52931,436.51508,222.52931,217.51508,0.2627451,0.23333335,1423563398,48417943357110
1,222.52931,436.51508,222.52931,217.51508,0.2627451,0.23333335,1423563398,48417944303241
0,209.87045,497.1607,209.87045,278.1607,0.26666668,0.23333335,1423563398,48417969268905
2,208.79767,502.9327,208.79767,283.9327,0.2509804,0.23333335,1423563398,48418107404111
2,207.86624,508.5228,207.86624,289.5228,0.24705884,0.23333335,1423563398,48418119001852
2,205.92505,516.3309,205.92505,297.33087,0.25490198,0.23333335,1423563398,48418135421812
2,204.61848,525.11444,204.61848,306.11444,0.2509804,0.23333335,1423563398,48418151872293
2,203.32925,536.0543,203.32925,317.05432,0.2901961,0.23333335,1423563398,48418168444855
2,202.04086,545.4838,202.04086,326.48383,0.27058825,0.23333335,1423563398,48418184742734
2,200.75497,552.74695,200.75497,333.74695,0.28235295,0.23333335,1423563398,48418201193216
2,199.46635,559.1918,199.46635,340.19177,0.28627452,0.23333335,1423563398,48418217765778
2,198.17853,565.6326,198.17853,346.63263,0.2901961,0.23333335,1423563398,48418234094177
2,196.89117,573.0581,196.89117,354.0581,0.2627451,0.23333335,1423563398,48418251094024
2,194.66264,581.7248,194.66264,362.7248,0.23529413,0.23333335,1423563398,48418266964617
2,193.88033,585.7966,193.88033,366.79657,0.21176472,0.23333335,1423563398,48418275113557
1,193.88033,585.7966,193.88033,366.79657,0.21176472,0.23333335,1423563398,48418275937607
0,125.92227,409.85767,125.92227,190.85767,0.2509804,0.23333335,1423563406,48426328463167
2,130.35374,415.7679,130.35374,196.76791,0.2901961,0.26666668,1423563407,48426595699547
2,134.38869,421.4636,134.38869,202.4636,0.2901961,0.26666668,1423563407,48426616453401
2,136.96155,426.61072,136.96155,207.61072,0.2901961,0.26666668,1423563407,48426632934402
2,139.54549,431.29767,139.54549,212.29767,0.2901961,0.26666668,1423563407,48426649384883
2,142.12259,436.26913,142.12259,217.26913,0.2901961,0.26666668,1423563407,48426665835363
2,145.08539,440.63028,145.08539,221.63028,0.2901961,0.26666668,1423563407,48426682285844
2,148.29315,443.564,148.29315,224.564,0.27450982,0.26666668,1423563407,48426698736324
2,152.76405,452.83612,152.76405,233.83612,0.2901961,0.26666668,1423563407,48426715186805
2,158.3024,465.57187,158.3024,246.57187,0.2901961,0.23333335,1423563407,48426731850928
2,161.00623,474.70477,161.00623,255.70477,0.2901961,0.23333335,1423563407,48426748576092
2,163.58215,482.88168,163.58215,263.88168,0.2901961,0.23333335,1423563407,48426764782410
2,164.69688,489.1562,164.69688,270.1562,0.2901961,0.23333335,1423563407,48426781232891
2,165.98405,494.84082,165.98405,275.84082,0.2901961,0.23333335,1423563407,48426797744412
2,167.27321,499.99887,167.27321,280.99887,0.2901961,0.23333335,1423563407,48426814042290
2,168.56311,505.15988,168.56311,286.15988,0.2901961,0.23333335,1423563407,48426830523291
2,169.8502,510.30963,169.8502,291.30963,0.2901961,0.23333335,1423563407,48426846851690
2,171.13972,514.2242,171.13972,295.22418,0.2901961,0.23333335,1423563407,48426863302172
2,172.4283,518.09094,172.4283,299.09094,0.2901961,0.23333335,1423563407,48426879783174
2,173.71577,521.9544,173.71577,302.9544,0.2901961,0.23333335,1423563407,48426896203134
2,174.55891,526.9268,174.55891,307.92682,0.2901961,0.23333335,1423563407,48426912653614
2,175.22517,531.6776,175.22517,312.6776,0.2901961,0.23333335,1423563407,48426929104095
2,175.89143,535.18427,175.89143,316.18427,0.2901961,0.23333335,1423563407,48426945554575
2,176.86617,538.4304,176.86617,319.43042,0.2901961,0.26666668,1423563407,48426961974535
2,178.15335,541.00543,178.15335,322.00543,0.2901961,0.26666668,1423563407,48426978638658
2,177.8902,543.5789,177.8902,324.57892,0.2901961,0.26666668,1423563407,48426995333303
2,178.73126,544.65247,178.73126,325.65247,0.2901961,0.26666668,1423563407,48427011539620
2,179.2227,545.9399,179.2227,326.93988,0.2901961,0.26666668,1423563407,48427027959580
2,179.9727,547.22705,179.9727,328.22705,0.2901961,0.26666668,1423563407,48427044501622
2,179.88896,548.5171,179.88896,329.5171,0.2901961,0.26666668,1423563407,48427060677419
2,181.21951,549.8071,181.21951,330.80713,0.2901961,0.26666668,1423563407,48427077127900
2,182.50635,550.42786,182.50635,331.42786,0.2901961,0.26666668,1423563407,48427093578381
2,183.7918,550.4755,183.7918,331.47552,0.2901961,0.26666668,1423563407,48427110120423
2,185.08098,550.4755,185.08098,331.47552,0.2901961,0.23333335,1423563407,48427126479342
2,186.36809,550.4755,186.36809,331.47552,0.2901961,0.23333335,1423563407,48427142929823
2,188.76215,550.4755,188.76215,331.47552,0.2901961,0.23333335,1423563407,48427159380303
2,190.2787,549.4131,190.2787,330.4131,0.28235295,0.23333335,1423563407,48427175800264
2,191.56326,548.1281,191.56326,329.1281,0.24705884,0.23333335,1423563407,48427192250746
2,192.85286,545.86664,192.85286,326.86664,0.19607845,0.23333335,1423563407,48427208670706
2,193.21407,545.14404,193.21407,326.14404,0.18823531,0.23333335,1423563407,48427216483921
1,193.21407,545.14404,193.21407,326.14404,0.18823531,0.23333335,1423563407,48427217369012
0,281.82605,336.5498,281.82605,117.549805,0.25882354,0.23333335,1423563412,48431615568315
2,280.30017,342.4615,280.30017,123.46149,0.2901961,0.23333335,1423563412,48432017826820
2,278.5328,347.765,278.5328,128.76501,0.2901961,0.23333335,1423563412,48432038336510
2,277.24478,350.37985,277.24478,131.37985,0.2901961,0.23333335,1423563412,48432054817511
2,275.90567,353.05878,275.90567,134.05878,0.2901961,0.23333335,1423563412,48432071908919
2,274.6663,355.53815,274.6663,136.53815,0.2901961,0.23333335,1423563412,48432087748992
2,274.49722,356.9876,274.49722,137.98761,0.2901961,0.23333335,1423563412,48432104199472
2,274.49722,358.28613,274.49722,139.28613,0.2901961,0.23333335,1423563412,48432121016197
2,274.13382,359.5721,274.13382,140.57211,0.2901961,0.23333335,1423563412,48432137130954
2,273.83096,360.86084,273.83096,141.86084,0.2901961,0.23333335,1423563412,48432153764556
2,272.86136,362.17783,272.86136,143.17783,0.2901961,0.23333335,1423563412,48432170672843
2,272.49847,363.4378,272.49847,144.4378,0.2901961,0.23333335,1423563412,48432186848640
2,272.49847,364.84143,272.49847,145.84143,0.2901961,0.23333335,1423563412,48432204580976
2,272.49847,367.51254,272.49847,148.51254,0.2901961,0.23333335,1423563412,48432219566478
2,271.8322,370.07306,271.8322,151.07306,0.29411766,0.23333335,1423563412,48432235986438
2,271.8322,371.98166,271.8322,152.98166,0.2901961,0.23333335,1423563412,48432252436919
2,271.8322,373.21613,271.8322,154.21613,0.29411766,0.23333335,1423563412,48432268704277
2,271.8322,375.16782,271.8322,156.16782,0.2901961,0.23333335,1423563412,48432285154758
2,271.8322,376.6744,271.8322,157.67441,0.2901961,0.23333335,1423563412,48432304687796
2,271.8322,377.73596,271.8322,158.73596,0.2901961,0.23333335,1423563412,48432318086239
2,271.8322,379.02884,271.8322,160.02884,0.2901961,0.23333335,1423563412,48432334536720
2,271.8322,380.366,271.8322,161.366,0.2901961,0.23333335,1423563412,48432351597608
2,271.8322,381.60748,271.8322,162.60748,0.2901961,0.23333335,1423563412,48432367407161
2,270.83282,382.867,270.83282,163.867,0.2901961,0.23333335,1423563412,48432384651171
2,271.16595,383.40897,271.16595,164.40897,0.2901961,0.23333335,1423563413,48432418986590
2,271.16595,383.91876,271.16595,164.91876,0.2901961,0.23333335,1423563413,48432516102415
2,271.16595,384.63837,271.16595,165.63837,0.2901961,0.23333335,1423563413,48432568597455
2,271.16595,385.65265,271.16595,166.65265,0.2901961,0.23333335,1423563413,48432783399836
2,271.16595,386.19922,271.16595,167.19922,0.2901961,0.23333335,1423563413,48432797927533
2,271.16595,387.25946,271.16595,168.25946,0.2901961,0.26666668,1423563413,48432832018789
2,271.16595,388.55597,271.16595,169.55597,0.2901961,0.23333335,1423563413,48432847431577
2,270.4997,389.8458,270.4997,170.8458,0.2901961,0.23333335,1423563413,48432863882058
2,269.83344,391.138,269.83344,172.138,0.2901961,0.23333335,1423563413,48432882133240
2,269.83344,392.8636,269.83344,173.86359,0.2901961,0.23333335,1423563413,48432913202980
2,269.83344,393.3607,269.83344,174.36069,0.2901961,0.23333335,1423563413,48432929622941
2,269.83344,394.1885,269.83344,175.1885,0.29411766,0.23333335,1423563413,48432995638505
2,269.83344,395.47974,269.83344,176.47974,0.2901961,0.23333335,1423563413,48433012241588
2,268.92075,396.77542,268.92075,177.77542,0.2901961,0.23333335,1423563413,48433028875190
2,268.50095,398.06226,268.50095,179.06226,0.2901961,0.23333335,1423563413,48433045142550
2,267.0162,399.34695,267.0162,180.34695,0.2901961,0.23333335,1423563413,48433061959276
2,266.3894,402.08603,266.3894,183.08603,0.2901961,0.23333335,1423563413,48433078348715
2,265.8359,404.6619,265.8359,185.6619,0.2901961,0.23333335,1423563413,48433094707635
2,264.47913,407.24045,264.47913,188.24045,0.2901961,0.23333335,1423563413,48433111066554
2,263.19232,410.45984,263.19232,191.45984,0.2901961,0.23333335,1423563413,48433127517035
2,261.90793,414.314,261.90793,195.314,0.2901961,0.23333335,1423563413,48433143875954
2,260.62408,418.71472,260.62408,199.71472,0.2901961,0.23333335,1423563413,48433161608290
2,259.33347,423.21225,259.33347,204.21225,0.2901961,0.23333335,1423563413,48433176837956
2,258.0448,427.2394,258.0448,208.23941,0.2901961,0.23333335,1423563413,48433193166355
2,256.75952,431.09628,256.75952,212.09628,0.2901961,0.23333335,1423563413,48433209708397
2,255.47495,435.98468,255.47495,216.98468,0.2901961,0.23333335,1423563413,48433226158879
2,253.85674,441.46637,253.85674,222.46637,0.2901961,0.23333335,1423563413,48433242487278
2,252.23372,449.50745,252.23372,230.50745,0.2901961,0.3,1423563413,48433258968279
2,250.95026,457.2102,250.95026,238.2102,0.2901961,0.26666668,1423563413,48433275754483
2,249.65973,465.9941,249.65973,246.99411,0.2901961,0.23333335,1423563413,48433291930280
2,248.36746,473.23184,248.36746,254.23184,0.2901961,0.23333335,1423563413,48433308167118
2,245.65627,477.4557,245.65627,258.4557,0.29411766,0.26666668,1423563413,48433324770201
2,243.09157,481.3038,243.09157,262.3038,0.29411766,0.26666668,1423563413,48433343173985
2,241.1792,485.85236,241.1792,266.85236,0.29411766,0.26666668,1423563413,48433357610121
2,239.8928,489.70728,239.8928,270.70728,0.29411766,0.26666668,1423563413,48433373969041
2,238.60832,492.98425,238.60832,273.98425,0.29411766,0.26666668,1423563413,48433390358481
2,237.31825,496.10016,237.31825,277.10016,0.29411766,0.26666668,1423563414,48433406931043
2,236.03192,499.4713,236.03192,280.4713,0.29411766,0.26666668,1423563414,48433423228921
2,234.74754,502.7072,234.74754,283.7072,0.29411766,0.26666668,1423563414,48433441815829
2,233.46214,505.27872,233.46214,286.27872,0.29411766,0.26666668,1423563414,48433456190924
2,232.1715,507.86072,232.1715,288.86072,0.29411766,0.26666668,1423563414,48433472519323
2,231.55339,510.12653,231.55339,291.12653,0.29411766,0.26666668,1423563414,48433488939283
2,230.93039,511.41614,230.93039,292.41614,0.29411766,0.26666668,1423563414,48433505481325
2,230.52437,512.70105,230.52437,293.70105,0.29411766,0.26666668,1423563414,48433521962326
2,230.52437,513.98627,230.52437,294.98627,0.29411766,0.26666668,1423563414,48433538382287
2,230.52437,516.05493,230.52437,297.05493,0.2901961,0.26666668,1423563414,48433554802248
2,229.7783,517.2336,229.7783,298.23358,0.2901961,0.26666668,1423563414,48433571100127
2,229.15544,519.22595,229.15544,300.22595,0.28627452,0.26666668,1423563414,48433587489566
2,228.53241,520.47906,228.53241,301.47906,0.2901961,0.26666668,1423563414,48433603879006
2,227.24538,521.7665,227.24538,302.76648,0.2509804,0.26666668,1423563414,48433620298966
2,225.96077,523.05145,225.96077,304.05145,0.2509804,0.26666668,1423563414,48433636718926
2,224.6738,524.3388,224.6738,305.3388,0.24705884,0.26666668,1423563414,48433653138886
2,223.3892,525.6237,223.3892,306.62372,0.24705884,0.26666668,1423563414,48433669558847
2,222.52931,527.15027,222.52931,308.15027,0.21960786,0.26666668,1423563414,48433683750821
1,222.52931,527.15027,222.52931,308.15027,0.21960786,0.26666668,1423563414,48433684422270
0,209.87045,571.135,209.87045,352.135,0.2392157,0.23333335,1423563414,48433735879617
2,209.185,573.87756,209.185,354.87756,0.27450982,0.23333335,1423563414,48433801467896
2,207.77022,580.9726,207.77022,361.9726,0.27058825,0.23333335,1423563414,48433818070978
2,205.10512,587.38336,205.10512,368.38336,0.27450982,0.23333335,1423563414,48433834368859
2,202.53601,593.8079,202.53601,374.80792,0.27450982,0.23333335,1423563414,48433852864204
2,200.59003,602.0802,200.59003,383.0802,0.27058825,0.23333335,1423563414,48433867208779
2,198.05132,613.58575,198.05132,394.58575,0.2901961,0.26666668,1423563414,48433884239147
2,195.48427,623.4995,195.48427,404.4995,0.25882354,0.23333335,1423563414,48433900140261
2,192.90291,632.53674,192.90291,413.53674,0.26666668,0.23333335,1423563414,48433916529700
2,190.32927,641.10376,190.32927,422.10376,0.28235295,0.23333335,1423563414,48433932919140
2,188.15344,649.88727,188.15344,430.88727,0.28235295,0.23333335,1423563414,48433949369620
2,186.86855,657.86816,186.86855,438.86816,0.28235295,0.23333335,1423563414,48433965789581
2,185.58606,665.5652,185.58606,446.5652,0.2784314,0.23333335,1423563414,48433982209542
2,183.6311,673.2995,183.6311,454.2995,0.27058825,0.23333335,1423563414,48433998782104
2,182.34961,680.1197,182.34961,461.1197,0.2627451,0.23333335,1423563414,48434015141023
2,180.23433,689.71155,180.23433,470.71155,0.2901961,0.26666668,1423563414,48434031560983
2,178.44379,699.3258,178.44379,480.3258,0.25882354,0.23333335,1423563414,48434048103025
2,177.14891,707.5381,177.14891,488.5381,0.2627451,0.23333335,1423563414,48434064522986
2,175.17047,713.8889,175.17047,494.88892,0.27058825,0.23333335,1423563414,48434080790344
2,172.59322,719.66736,172.59322,500.66736,0.26666668,0.23333335,1423563414,48434097210304
2,170.02107,726.0995,170.02107,507.0995,0.26666668,0.26666668,1423563414,48434113630264
2,168.67363,732.52356,168.67363,513.52356,0.27450982,0.26666668,1423563414,48434130172306
2,167.38527,738.9671,167.38527,519.9671,0.26666668,0.26666668,1423563414,48434146500705
2,166.09917,745.39935,166.09917,526.39935,0.26666668,0.26666668,1423563414,48434162920667
2,164.8133,750.7459,164.8133,531.7459,0.2627451,0.26666668,1423563414,48434179340627
2,163.89883,756.56476,163.89883,537.56476,0.2509804,0.26666668,1423563414,48434195760587
2,163.89883,757.7369,163.89883,538.7369,0.24705884,0.26666668,1423563414,48434202719232
1,163.89883,757.7369,163.89883,538.7369,0.24705884,0.26666668,1423563414,48434203665364
0,145.90994,818.38245,145.90994,599.38245,0.2509804,0.26666668,1423563414,48434280271498
2,145.90994,824.6409,145.90994,605.6409,0.2901961,0.26666668,1423563415,48434473373894
2,145.24368,829.0873,145.24368,610.0873,0.27450982,0.26666668,1423563415,48434493334218
2,145.24368,831.6642,145.24368,612.6642,0.27058825,0.26666668,1423563415,48434509754178
2,144.31526,834.235,144.31526,615.235,0.26666668,0.26666668,1423563415,48434526357260
2,144.57742,836.81665,144.57742,617.81665,0.27058825,0.26666668,1423563415,48434543051904
2,143.73933,839.38574,143.73933,620.38574,0.27058825,0.26666668,1423563415,48434559227701
2,142.4545,841.2897,142.4545,622.2897,0.2784314,0.26666668,1423563415,48434575647661
2,141.83318,842.45337,141.83318,623.45337,0.27450982,0.23333335,1423563415,48434592098141
2,141.24615,844.3999,141.24615,625.3999,0.27450982,0.26666668,1423563415,48434608304460
2,141.24615,845.69244,141.24615,626.69244,0.27058825,0.23333335,1423563415,48434624724420
2,141.24615,847.58704,141.24615,628.58704,0.27058825,0.23333335,1423563415,48434641174901
2,141.24615,848.9319,141.24615,629.9319,0.27058825,0.23333335,1423563415,48434657594861
2,140.06602,850.8854,140.06602,631.8854,0.2627451,0.23333335,1423563415,48434674014821
2,139.44514,853.3079,139.44514,634.3079,0.25490198,0.23333335,1423563415,48434690801026
2,138.16039,855.21173,138.16039,636.21173,0.25882354,0.23333335,1423563415,48434706854742
2,137.24861,857.4917,137.24861,638.4917,0.2392157,0.23333335,1423563415,48434723274702
2,137.24861,861.02814,137.24861,642.02814,0.2901961,0.3,1423563415,48434739664142
2,137.24861,863.59357,137.24861,644.59357,0.2901961,0.26666668,1423563415,48434756114622
2,136.34636,867.07404,136.34636,648.07404,0.2509804,0.23333335,1423563415,48434772900828
2,135.9161,870.9432,135.9161,651.9432,0.25490198,0.23333335,1423563415,48434789137667
2,135.24985,873.31775,135.24985,654.31775,0.26666668,0.23333335,1423563415,48434805557627
2,135.24985,875.89746,135.24985,656.89746,0.26666668,0.23333335,1423563415,48434821977587
2,135.24985,877.75055,135.24985,658.75055,0.2627451,0.23333335,1423563415,48434838367027
2,135.24985,879.70447,135.24985,660.70447,0.26666668,0.23333335,1423563415,48434854634385
2,135.24985,880.9874,135.24985,661.9874,0.27058825,0.23333335,1423563415,48434871054345
2,135.24985,882.27234,135.24985,663.27234,0.2627451,0.23333335,1423563415,48434887443785
2,135.24985,883.5598,135.24985,664.5598,0.2784314,0.23333335,1423563415,48434903894266
2,135.24985,884.8467,135.24985,665.8467,0.27058825,0.23333335,1423563415,48434920436308
2,135.24985,886.1348,135.24985,667.1348,0.27450982,0.23333335,1423563415,48434936734186
2,135.24985,887.4213,135.24985,668.4213,0.28235295,0.23333335,1423563415,48434953184667
2,134.8888,888.7193,134.8888,669.7193,0.27450982,0.23333335,1423563415,48434969696188
2,134.58359,890.0043,134.58359,671.0043,0.28235295,0.23333335,1423563415,48434986177189
2,134.58359,891.29193,134.58359,672.29193,0.28627452,0.23333335,1423563415,48435002719232
2,134.58359,892.5771,134.58359,673.5771,0.2901961,0.23333335,1423563415,48435018956071
2,134.58359,893.1094,134.58359,674.1094,0.28235295,0.23333335,1423563415,48435035559153
2,134.58359,894.4884,134.58359,675.4884,0.2901961,0.23333335,1423563415,48435052009633
2,134.58359,895.7496,134.58359,676.7496,0.2901961,0.23333335,1423563415,48435068246471
2,133.91734,896.98145,133.91734,677.98145,0.29411766,0.23333335,1423563415,48435134200996
2,133.25108,897.56213,133.25108,678.56213,0.2901961,0.23333335,1423563415,48435150651476
2,132.0907,898.35474,132.0907,679.35474,0.2901961,0.23333335,1423563415,48435167040916
2,131.47075,899.46906,131.47075,680.46906,0.2901961,0.23333335,1423563415,48435183460876
2,130.25293,900.68726,130.25293,681.68726,0.2901961,0.23333335,1423563415,48435199911357
2,130.22981,901.02045,130.22981,682.02045,0.2901961,0.23333335,1423563415,48435216300797
2,129.9198,901.508,129.9198,682.508,0.2901961,0.23333335,1423563415,48435232781798
2,129.65332,902.35333,129.65332,683.35333,0.2901961,0.23333335,1423563415,48435249323840
2,128.35844,902.35333,128.35844,683.35333,0.2901961,0.23333335,1423563415,48435266110045
2,127.921036,903.2049,127.921036,684.2049,0.2901961,0.23333335,1423563415,48435282346882
2,127.921036,904.4892,127.921036,685.4892,0.2901961,0.23333335,1423563415,48435298766843
2,126.92166,904.3526,126.92166,685.3526,0.2901961,0.23333335,1423563415,48435315369926
2,127.25478,905.7291,127.25478,686.7291,0.2901961,0.23333335,1423563415,48435331332081
2,126.58471,906.3558,126.58471,687.3558,0.2901961,0.23333335,1423563415,48435347965684
2,125.58914,906.3519,125.58914,687.3519,0.2901961,0.23333335,1423563415,48435364416165
2,124.670815,906.3519,124.670815,687.3519,0.2901961,0.23333335,1423563415,48435380805604
2,124.05247,907.55585,124.05247,688.55585,0.2901961,0.23333335,1423563415,48435397225564
2,123.92351,908.68445,123.92351,689.68445,0.2901961,0.23333335,1423563416,48435413676045
2,122.22626,909.6841,122.22626,690.6841,0.2901961,0.23333335,1423563416,48435463058008
2,120.942795,910.6663,120.942795,691.6663,0.2901961,0.23333335,1423563416,48435479477968
2,120.45826,911.151,120.45826,692.151,0.2901961,0.23333335,1423563416,48435495867408
2,120.59223,911.8921,120.59223,692.8921,0.2901961,0.23333335,1423563416,48435528890450
2,119.611305,911.6834,119.611305,692.6834,0.2901961,0.23333335,1423563416,48435545524054
2,118.94674,912.6629,118.94674,693.6629,0.2901961,0.23333335,1423563416,48435561608290
2,118.572586,913.0372,118.572586,694.0372,0.2901961,0.23333335,1423563416,48435578241893
2,117.291664,914.3184,117.291664,695.3184,0.2901961,0.23333335,1423563416,48435611081813
2,116.261566,915.34875,116.261566,696.34875,0.2901961,0.23333335,1423563416,48435627684896
2,115.72005,915.01556,115.72005,696.01556,0.2901961,0.23333335,1423563416,48435660891062
2,114.801575,915.4763,114.801575,696.4763,0.2901961,0.23333335,1423563416,48435676822696
2,114.59593,916.68164,114.59593,697.68164,0.2901961,0.23333335,1423563416,48435693486819
2,113.74044,917.20416,113.74044,698.20416,0.2901961,0.23333335,1423563416,48435709876259
2,112.30567,917.9729,112.30567,698.9729,0.2901961,0.23333335,1423563416,48435742685659
2,111.72226,917.68134,111.72226,698.68134,0.2901961,0.23333335,1423563416,48435775708702
2,111.207054,917.68134,111.207054,698.68134,0.2901961,0.23333335,1423563416,48435792464386
2,111.264656,918.681,111.264656,699.681,0.2901961,0.23333335,1423563416,48435808945387
2,109.84842,918.3478,109.84842,699.3478,0.2901961,0.23333335,1423563416,48435825060143
2,109.24422,918.3478,109.24422,699.3478,0.2901961,0.23333335,1423563416,48435841663227
2,108.01679,918.3478,108.01679,699.3478,0.2901961,0.23333335,1423563416,48435891197791
2,107.60025,918.3478,107.60025,699.3478,0.2901961,0.23333335,1423563416,48435907739832
2,106.13234,918.3478,106.13234,699.3478,0.2901961,0.23333335,1423563416,48435941007040
2,105.60148,918.3478,105.60148,699.3478,0.2901961,0.23333335,1423563416,48435957152316
2,105.11173,918.3478,105.11173,699.3478,0.29411766,0.23333335,1423563416,48435989931196
2,104.44533,918.3478,104.44533,699.3478,0.2901961,0.23333335,1423563416,48436023259442
2,103.622314,918.3478,103.622314,699.3478,0.2901961,0.23333335,1423563416,48436039587841
2,103.26291,918.3478,103.26291,699.3478,0.2901961,0.23333335,1423563416,48436105511845
2,101.96557,918.3478,101.96557,699.3478,0.2901961,0.23333335,1423563416,48436155107451
2,101.62355,918.3478,101.62355,699.3478,0.2901961,0.23333335,1423563416,48436171588452
2,100.69628,918.3478,100.69628,699.3478,0.29411766,0.23333335,1423563416,48436204489413
2,100.052925,918.3478,100.052925,699.3478,0.2901961,0.23333335,1423563416,48436221306138
2,98.87951,918.3478,98.87951,699.3478,0.2901961,0.23333335,1423563416,48436237359853
2,97.60943,918.3478,97.60943,699.3478,0.2901961,0.23333335,1423563416,48436253779815
2,96.60703,917.38226,96.60703,698.38226,0.2901961,0.23333335,1423563416,48436270321857
2,95.6872,916.0948,95.6872,697.0948,0.28627452,0.23333335,1423563416,48436286894419
2,95.94078,914.81036,95.94078,695.81036,0.29411766,0.23333335,1423563416,48436303344899
2,95.94078,913.50665,95.94078,694.50665,0.28627452,0.23333335,1423563416,48436320192145
2,95.94078,912.18695,95.94078,693.18695,0.28235295,0.23333335,1423563416,48436337039390
2,95.94078,910.7521,95.94078,691.7521,0.28235295,0.23333335,1423563416,48436354741206
2,95.94078,908.2964,95.94078,689.2964,0.27450982,0.23333335,1423563416,48436368902658
2,95.94078,906.3748,95.94078,687.3748,0.2784314,0.23333335,1423563416,48436385322619
2,95.94078,901.9306,95.94078,682.9306,0.2901961,0.26666668,1423563416,48436404580974
2,95.94078,898.6891,95.94078,679.6891,0.2901961,0.26666668,1423563417,48436418162540
2,95.44472,895.36304,95.44472,676.36304,0.2901961,0.23333335,1423563417,48436434613020
2,95.27452,891.1323,95.27452,672.1323,0.2901961,0.23333335,1423563417,48436451032980
2,95.27452,885.9831,95.27452,666.9831,0.27450982,0.23333335,1423563417,48436467422421
2,95.27452,881.8859,95.27452,662.8859,0.2784314,0.23333335,1423563417,48436483842381
2,95.27452,878.3583,95.27452,659.3583,0.28235295,0.23333335,1423563417,48436500384423
2,95.27452,874.83484,95.27452,655.83484,0.2901961,0.23333335,1423563417,48436516651781
2,95.27452,871.88324,95.27452,652.88324,0.2901961,0.23333335,1423563417,48436533224343
2,95.27452,869.34625,95.27452,650.34625,0.28235295,0.23333335,1423563417,48436549705344
2,95.27452,866.73627,95.27452,647.73627,0.2901961,0.23333335,1423563417,48436566064265
2,95.27452,864.1603,95.27452,645.1603,0.2901961,0.23333335,1423563417,48436582545266
2,95.27452,861.5954,95.27452,642.5954,0.29411766,0.23333335,1423563417,48436598904185
2,95.27452,859.0054,95.27452,640.0054,0.2901961,0.23333335,1423563417,48436615171544
2,95.27452,856.44025,95.27452,637.44025,0.2901961,0.23333335,1423563417,48436631591504
2,95.27452,853.86566,95.27452,634.86566,0.2901961,0.23333335,1423563417,48436648011464
2,95.27452,851.29004,95.27452,632.29004,0.29411766,0.23333335,1423563417,48436664431424
2,95.27452,848.7199,95.27452,629.7199,0.2901961,0.23333335,1423563417,48436680851385
2,95.27452,846.14166,95.27452,627.14166,0.2901961,0.23333335,1423563417,48436697271345
2,95.27452,843.56036,95.27452,624.56036,0.29411766,0.23333335,1423563417,48436713843907
2,95.27452,840.99493,95.27452,621.99493,0.2901961,0.23333335,1423563417,48436731454162
2,95.27452,838.42957,95.27452,619.42957,0.2901961,0.23333335,1423563417,48436746500705
2,95.27452,835.8526,95.27452,616.8526,0.2901961,0.23333335,1423563417,48436763134308
2,95.27452,834.8287,95.27452,615.8287,0.28627452,0.23333335,1423563417,48436779767911
2,95.27452,833.5434,95.27452,614.5434,0.28627452,0.23333335,1423563417,48436795974229
2,95.27452,832.2525,95.27452,613.2525,0.28627452,0.23333335,1423563417,48436812424709
2,95.27452,830.2245,95.27452,611.2245,0.28235295,0.23333335,1423563417,48436828814149
2,95.27452,827.65466,95.27452,608.65466,0.26666668,0.23333335,1423563417,48436845020467
2,95.27452,822.4623,95.27452,603.4623,0.25490198,0.23333335,1423563417,48436861470948
2,95.94078,811.597,95.94078,592.597,0.27058825,0.23333335,1423563417,48436877860389
2,96.496056,795.3895,96.496056,576.3895,0.28235295,0.23333335,1423563417,48436894280349
2,98.29995,774.1795,98.29995,555.1795,0.27450982,0.23333335,1423563417,48436910700309
2,100.40039,744.9026,100.40039,525.9026,0.2627451,0.23333335,1423563417,48436927120269
2,102.10219,717.01624,102.10219,498.01624,0.2784314,0.23333335,1423563417,48436943540229
2,104.01085,690.9346,104.01085,471.93457,0.2509804,0.23333335,1423563417,48436959960189
2,106.5851,657.65125,106.5851,438.65125,0.2627451,0.23333335,1423563417,48436976380150
2,109.16133,622.8628,109.16133,403.8628,0.2509804,0.23333335,1423563417,48436992769590
2,111.73226,588.37976,111.73226,369.37976,0.24705884,0.23333335,1423563417,48437009586315
2,114.301796,556.67175,114.301796,337.67175,0.24705884,0.23333335,1423563417,48437025823153
2,114.59593,547.80975,114.59593,328.80975,0.24313727,0.23333335,1423563417,48437034918224
1,114.59593,547.80975,114.59593,328.80975,0.24313727,0.23333335,1423563417,48437035772794
0,128.5873,451.84308,128.5873,232.84308,0.227451,0.23333335,1423563417,48437058174747
1,128.5873,451.84308,128.5873,232.84308,0.227451,0.23333335,1423563417,48437077646745
0,141.24615,297.89655,141.24615,78.896545,0.24313727,0.23333335,1423563421,48441271237469
1,141.24615,297.89655,141.24615,78.896545,0.24313727,0.23333335,1423563422,48441474869393
0,140.5799,332.55118,140.5799,113.55118,0.2627451,0.23333335,1423563422,48441547752041
1,140.5799,332.55118,140.5799,113.55118,0.2627451,0.23333335,1423563422,48442275113556
0,203.2079,1130.9406,203.2079,911.94055,0.2784314,0.23333335,1423563430,48450383308273
2,206.54518,1137.62,206.54518,918.62,0.29411766,0.26666668,1423563431,48450557854282
2,209.90714,1144.3427,209.90714,925.34265,0.29411766,0.26666668,1423563431,48450571405329
2,212.48146,1149.4928,212.48146,930.4928,0.29411766,0.26666668,1423563431,48450587764248
2,214.12637,1154.6332,214.12637,935.6332,0.29411766,0.26666668,1423563431,48450604367331
2,215.42383,1158.9346,215.42383,939.9346,0.29411766,0.26666668,1423563431,48450621123015
2,216.70543,1162.7805,216.70543,943.7805,0.29411766,0.26666668,1423563431,48450637298812
2,217.98737,1165.839,217.98737,946.839,0.29411766,0.26666668,1423563431,48450653718772
2,218.53177,1168.4249,218.53177,949.4249,0.29411766,0.26666668,1423563431,48450670321854
2,219.83858,1170.8754,219.83858,951.87537,0.29411766,0.26666668,1423563431,48450686345050
2,220.68803,1173.9075,220.68803,954.9075,0.29411766,0.26666668,1423563431,48450705237160
2,220.59402,1175.5283,220.59402,956.5283,0.29411766,0.26666668,1423563431,48450719215490
2,221.7443,1180.448,221.7443,961.448,0.29411766,0.3,1423563431,48450735604932
2,223.22531,1185.6775,223.22531,966.6775,0.29411766,0.26666668,1423563431,48450754374961
2,224.33342,1188.531,224.33342,969.531,0.29411766,0.26666668,1423563431,48450768475373
2,225.5789,1191.0227,225.5789,972.0227,0.29411766,0.26666668,1423563431,48450784925853
2,225.86058,1193.7178,225.86058,974.7178,0.29411766,0.26666668,1423563431,48450801712058
2,226.85803,1196.5786,226.85803,977.5786,0.29411766,0.26666668,1423563431,48450817735253
2,227.1931,1199.5149,227.1931,980.5149,0.29411766,0.26666668,1423563431,48450834887702
2,228.16187,1203.157,228.16187,984.157,0.29411766,0.26666668,1423563431,48450851002458
2,229.39532,1206.8584,229.39532,987.8584,0.29411766,0.26666668,1423563431,48450867361378
2,230.67761,1210.7062,230.67761,991.7062,0.29411766,0.26666668,1423563431,48450883781339
2,231.97003,1214.5845,231.97003,995.5845,0.29411766,0.26666668,1423563431,48450901238992
2,232.52313,1218.4308,232.52313,999.4308,0.29411766,0.26666668,1423563431,48450917506350
2,233.18939,1221.6101,233.18939,1002.6101,0.29411766,0.26666668,1423563431,48450932797056
2,233.18939,1224.1898,233.18939,1005.1898,0.29411766,0.26666668,1423563431,48450949217016
2,233.18939,1226.7589,233.18939,1007.7589,0.29411766,0.26666668,1423563431,48450965636977
2,233.18939,1229.3341,233.18939,1010.3341,0.29411766,0.26666668,1423563431,48450982087458
2,234.35823,1231.9114,234.35823,1012.9114,0.29411766,0.26666668,1423563431,48450998507418
2,236.10306,1234.4868,236.10306,1015.4868,0.2901961,0.23333335,1423563431,48451014927378
2,238.67851,1238.1421,238.67851,1019.1421,0.28627452,0.23333335,1423563431,48451031347338
2,240.2167,1240.9657,240.2167,1021.9657,0.23137257,0.23333335,1423563431,48451052467437
2,241.18446,1242.9017,241.18446,1023.90173,0.18823531,0.23333335,1423563431,48451064065179
1,241.18446,1242.9017,241.18446,1023.90173,0.18823531,0.23333335,1423563431,48451065011310
